cst_id,cst_key,cst_firstname,cst_lastname,cst_marital_status,cst_gndr,cst_create_date
11000,AW00011000, Jon,Yang ,M,M,2025-10-06
11001,AW00011001,Eugene,Huang  ,S,M,2025-10-06
11002,AW00011002,Ruben, Torres,M,M,2025-10-06
11003,AW00011003,Christy,  Zhu,S,F,2025-10-06
11004,AW00011004, Elizabeth,Johnson,S,F,2025-10-06
11005,AW00011005,Julio,Ruiz,S,M,2025-10-06
11006,AW00011006,Janet,Alvarez,S,F,2025-10-06
11007,AW00011007,Marco,Mehta,M,M,2025-10-06
11008,AW00011008,Rob,Verhoff,S,F,2025-10-06
11009,AW00011009,Shannon,Carlson,S,M,2025-10-06
11010,AW00011010,Jacquelyn,Suarez,S,F,2025-10-06
11011,AW00011011,Curtis,Lu,M,M,2025-10-06
11012,AW00011012,  Lauren, Walker,M,F,2025-10-06
11013,AW00011013, Ian , Jenkins ,M,M,2025-10-06
11014,AW00011014,Sydney,Bennett,S,F,2025-10-06
11015,AW00011015,  Chloe,Young,S,F,2025-10-06
11016,AW00011016,Wyatt,Hill,M,M,2025-10-07
11017,AW00011017,Shannon,Wang,S,F,2025-10-07
11018,AW00011018,Clarence,Rai,S,M,2025-10-07
11019,AW00011019,Luke,Lal,S,M,2025-10-07
11020,AW00011020,Jordan,King,S,M,2025-10-07
11021,AW00011021, Destiny,Wilson ,S,F,2025-10-07
11022,AW00011022,Ethan,Zhang,M,M,2025-10-07
11023,AW00011023,Seth,Edwards,M,M,2025-10-07
11024,AW00011024,Russell,Xie,M,M,2025-10-07
11025,AW00011025,Alejandro,Beck,M,M,2025-10-07
11026,AW00011026,Harold,Sai,S,M,2025-10-07
11027,AW00011027,Jessie,Zhao,M,M,2025-10-07
11028,AW00011028,Jill,Jimenez,M,F,2025-10-07
11029,AW00011029,Jimmy,Moreno,M,M,2025-10-07
11030,AW00011030,Bethany,Yuan,M,F,2025-10-07
11031,AW00011031,Theresa,Ramos,M,F,2025-10-07
11032,AW00011032,Denise,Stone,M,F,2025-10-07
11033,AW00011033,Jaime,Nath,M,M,2025-10-07
11034,AW00011034,Ebony,Gonzalez,M,F,2025-10-07
11035,AW00011035,Wendy,Dominguez,M,F,2025-10-07
11036,AW00011036,Jennifer,Russell,M,F,2025-10-07
11037,AW00011037,Chloe,Garcia,S,F,2025-10-07
11038,AW00011038,Diana,Hernandez,M,F,2025-10-07
11039,AW00011039,Marc,Martin,M,M,2025-10-07
11040,AW00011040,Jesse,Murphy,M,M,2025-10-07
11041,AW00011041,Amanda,Carter,M,F,2025-10-07
11042,AW00011042,Megan,Sanchez,M,F,2025-10-07
11043,AW00011043,Nathan,Simmons,M,M,2025-10-07
11044,AW00011044,Adam,Flores,M,M,2025-10-07
11045,AW00011045,Leonard,Nara,S,M,2025-10-07
11046,AW00011046,Christine,Yuan,M,F,2025-10-07
11047,AW00011047,Jaclyn,Lu,M,F,2025-10-07
11048,AW00011048,Jeremy,Powell,M,M,2025-10-07
11049,AW00011049,Carol,Rai,S,F,2025-10-07
11050,AW00011050,Alan,Zheng,M,M,2025-10-07
11051,AW00011051,Daniel,Johnson,S,M,2025-10-07
11052,AW00011052,Heidi,Lopez,S,F,2025-10-07
11053,AW00011053,Ana,Price,M,F,2025-10-07
11054,AW00011054,Deanna,Munoz,M,F,2025-10-07
11055,AW00011055,Gilbert,Raje,M,M,2025-10-07
11056,AW00011056,Michele,Nath,M,F,2025-10-07
11057,AW00011057,Carl,Andersen,M,M,2025-10-07
11058,AW00011058,Marc,Diaz,M,M,2025-10-07
11059,AW00011059,Ashlee,Andersen,S,F,2025-10-07
11060,AW00011060,Jon,Zhou,M,M,2025-10-07
11061,AW00011061,Todd,Gao,M,M,2025-10-07
11062,AW00011062,Noah,Powell,M,M,2025-10-07
11063,AW00011063, Angela  , Murphy  ,S,F,2025-10-07
11064,AW00011064,Chase, Reed  ,M,M,2025-10-07
11065,AW00011065,Jessica  ,Henderson ,M,F,2025-10-07
11066,AW00011066,Grace,  Butler,M,F,2025-10-07
11067,AW00011067, Caleb, Carter,S,M,2025-10-07
11068,AW00011068,Tiffany,Liang,S,F,2025-10-07
11069,AW00011069,Carolyn,Navarro,S,F,2025-10-07
11070,AW00011070, Willie , Raji,M,M,2025-10-07
11071,AW00011071,Linda, Serrano,S,F,2025-10-07
11072,AW00011072,Casey,Luo,S,F,2025-10-07
11073,AW00011073,Amy,Ye,S,F,2025-10-07
11074,AW00011074,Levi,Arun,S,M,2025-10-07
11075,AW00011075,Felicia,Jimenez,S,F,2025-10-07
11076,AW00011076,Blake,Anderson,S,M,2025-10-07
11077,AW00011077,Leah,Ye,S,F,2025-10-07
11078,AW00011078,Gina,Martin,S,F,2025-10-07
11079,AW00011079,Donald,Gonzalez,S,M,2025-10-07
11080,AW00011080,Damien,Chander,M,M,2025-10-07
11081,AW00011081,Savannah,Baker,M,F,2025-10-07
11082,AW00011082,Angela,Butler,S,F,2025-10-07
11083,AW00011083,Alyssa,Cox,M,F,2025-10-07
11084,AW00011084,Lucas,Phillips,S,M,2025-10-07
11085,AW00011085,Emily,Johnson,S,F,2025-10-07
11086,AW00011086,Ryan,  Brown,M,M,2025-10-07
11087,AW00011087,Tamara, Liang,M,F,2025-10-07
11088,AW00011088,Hunter,Davis,M,M,2025-10-07
11089,AW00011089,Abigail,Price,S,F,2025-10-07
11090,AW00011090,Trevor,Bryant,S,M,2025-10-07
11091,AW00011091,Dalton,Perez,M,M,2025-10-07
11092,AW00011092,Cheryl,Diaz,M,F,2025-10-07
11093,AW00011093,Aimee,He,M,F,2025-10-07
11094,AW00011094,Cedric,Ma,S,M,2025-10-07
11095,AW00011095,Chad,Kumar,S,M,2025-10-07
11096,AW00011096,Andrés,Anand,M,M,2025-10-07
11097,AW00011097,Edwin,Nara,M,M,2025-10-07
11098,AW00011098,Mallory,Rubio,S,F,2025-10-07
11099,AW00011099,Adam,Ross,M,M,2025-10-07
11100,AW00011100,Latasha,Navarro,S,F,2025-10-07
11101,AW00011101,Abby,Sai,S,F,2025-10-07
11102,AW00011102,Julia,Nelson,S,F,2025-10-07
11103,AW00011103,Cassie,Chande,S,F,2025-10-07
11104,AW00011104,Edgar,Sara,M,M,2025-10-07
11105,AW00011105,Candace,Fernandez,S,F,2025-10-07
11106,AW00011106,Jessie,Liu,S,M,2025-10-07
11107,AW00011107,Bianca,Lin,M,F,2025-10-07
11108,AW00011108,Kari,Alvarez,S,F,2025-10-07
11109,AW00011109, Ruben ,Kapoor ,S,M,2025-10-07
11110,AW00011110,Curtis,Yang,M,M,2025-10-07
11111,AW00011111,Meredith,Gutierrez,M,F,2025-10-07
11112,AW00011112,Crystal,Wang,M,F,2025-10-07
11113,AW00011113,Micheal,Blanco,M,M,2025-10-07
11114,AW00011114,Leslie,Moreno,S,F,2025-10-07
11115,AW00011115,Alvin,Cai,M,M,2025-10-07
11116,AW00011116,Clinton,Carlson,M,M,2025-10-07
11117,AW00011117,April,Deng,M,F,2025-10-07
11118,AW00011118,Alvin,Zeng,S,M,2025-10-07
11119,AW00011119,Evan,James,S,M,2025-10-07
11120,AW00011120,Beth,Jiménez,S,F,2025-10-07
11121,AW00011121,Orlando,Suarez,M,M,2025-10-07
11122,AW00011122,Byron,Vazquez,M,M,2025-10-07
11123,AW00011123,Philip,Alvarez,M,M,2025-10-07
11124,AW00011124,Ross,Jordan,S,M,2025-10-07
11125,AW00011125,Dana,Navarro,S,F,2025-10-07
11126,AW00011126,Shaun,Carson,M,M,2025-10-07
11127,AW00011127,Jan,Edwards,M,F,2025-10-07
11128,AW00011128,Samantha,Long,M,F,2025-10-07
11129,AW00011129,Julia,Wright,S,F,2025-10-07
11130,AW00011130,Caroline,Russell,M,F,2025-10-07
11131,AW00011131,Amanda,Rivera,M,F,2025-10-07
11132,AW00011132,Melissa,Richardson,S,F,2025-10-07
11133,AW00011133,Angela,Griffin,S,F,2025-10-07
11134,AW00011134,Larry,Townsend,S,M,2025-10-07
11135,AW00011135,Marcus,Harris,S,M,2025-10-07
11136,AW00011136,Brianna,Morgan,S,F,2025-10-07
11137,AW00011137,Jasmine,Taylor,M,F,2025-10-07
11138,AW00011138,Lauren,Davis,M,F,2025-10-07
11139,AW00011139,Tanya,Moreno,S,F,2025-10-07
11140,AW00011140, Javier ,Alvarez,S,M,2025-10-07
11141,AW00011141, Nicole,Ramirez,M,F,2025-10-07
11142,AW00011142,Eduardo,Patterson,S,M,2025-10-07
11143,AW00011143,Jonathan,Henderson,M,M,2025-10-07
11144,AW00011144,Edward,Hernandez,S,M,2025-10-07
11145,AW00011145,Jasmine,Coleman,S,F,2025-10-07
11146,AW00011146,Karla,Goel,S,F,2025-10-07
11147,AW00011147,Ernest,Wu,M,M,2025-10-07
11148,AW00011148,Ross,Vazquez,M,M,2025-10-07
11149,AW00011149,Theodore,Gill,M,M,2025-10-07
11150,AW00011150,Russell,Shen,S,M,2025-10-07
11151,AW00011151,Melinda,Gill,S,F,2025-10-07
11152,AW00011152,James,Williams,S,M,2025-10-07
11153,AW00011153,Angela,James,M,F,2025-10-07
11154,AW00011154,Megan,Walker,S,F,2025-10-07
11155,AW00011155,Hunter,Robinson,S,M,2025-10-07
11156,AW00011156,Maria,Roberts,S,F,2025-10-07
11157,AW00011157,Hannah,Long,M,F,2025-10-07
11158,AW00011158,Jason,Wright,S,M,2025-10-07
11159,AW00011159,Brianna,Hughes,S,F,2025-10-07
11160,AW00011160,Maurice,Tang,S,,2025-10-07
11161,AW00011161,Emily,Wood,S,,2025-10-07
11162,AW00011162,Chase,Cox,S,,2025-10-07
11163,AW00011163,Gabriel,Wang,M,,2025-10-07
11164,AW00011164,Devin,Brooks,S,,2025-10-07
11165,AW00011165,Jocelyn,Alexander,M,,2025-10-07
11166,AW00011166,Ashley,Martinez,S,,2025-10-07
11167,AW00011167,Jasmine, Barnes,S,,2025-10-07
11168,AW00011168,David, Rodriguez,S,,2025-10-07
11169,AW00011169,Bryce,Richardson,M,,2025-10-07
11170,AW00011170,Carol, Howard,M,,2025-10-07
11171,AW00011171,Jonathan,Hill,S,,2025-10-07
11172,AW00011172,Gabrielle,Adams,M,,2025-10-07
11173,AW00011173,Sarah,Thomas,S,,2025-10-07
11174,AW00011174,Nicholas,Robinson,M,,2025-10-07
11175,AW00011175,Luis,Wang,S,,2025-10-07
11176,AW00011176,Mason,Roberts,M,,2025-10-07
11177,AW00011177,Jose,Flores,M,,2025-10-07
11178,AW00011178,Nathan,Johnson,M,,2025-10-07
11179,AW00011179,Molly,Rodriguez,M,,2025-10-07
11180,AW00011180,April,Anand,M,,2025-10-07
11181,AW00011181,Devin,Martin,M,,2025-10-07
11182,AW00011182,Stephanie,Torres,S,,2025-10-07
11183,AW00011183,Jasmine,Lee,S,,2025-10-07
11184,AW00011184,Meghan,Hernandez,S,,2025-10-07
11185,AW00011185,Ashley,Henderson,S,,2025-10-07
11186,AW00011186,Sarah,Price,S,,2025-10-07
11187,AW00011187,Jennifer,Cooper,M,,2025-10-07
11188,AW00011188,Catherine,Morris,M,,2025-10-07
11189,AW00011189,Lawrence,Blanco,S,,2025-10-07
11190,AW00011190,Carson,Bryant,M,,2025-10-07
11191,AW00011191,Kristi,Perez,S,,2025-10-07
11192,AW00011192,James,Brown,M,,2025-10-07
11193,AW00011193,Ian,Gray,M,,2025-10-07
11194,AW00011194,Jacqueline,Price,M,,2025-10-07
11195,AW00011195,Megan,Henderson,M,,2025-10-07
11196,AW00011196,Alfredo,Romero,M,,2025-10-07
11197,AW00011197,Andrea,Morris,M,,2025-10-08
11198,AW00011198,Brooke,Sanders,S,,2025-10-08
11199,AW00011199,Jacqueline,Bennett,M,,2025-10-08
11200,AW00011200,Jason,Griffin,M,,2025-10-08
11201,AW00011201,Amanda,Foster,M,,2025-10-08
11202,AW00011202,Alexia,Price,M,,2025-10-08
11203,AW00011203,Luis,Diaz,M,,2025-10-08
11204,AW00011204,Destiny,Rivera,M,,2025-10-08
11205,AW00011205,Abby,Fernandez,M,,2025-10-08
11206,AW00011206,Blake, Flores ,M,,2025-10-08
11207,AW00011207,Danielle,Cox,S,,2025-10-08
11208,AW00011208, Maria , Reed,M,,2025-10-08
11209,AW00011209, Allison ,Evans,M,,2025-10-08
11210,AW00011210,Edward,Wood,M,,2025-10-08
11211,AW00011211,Samantha,Russell,M,,2025-10-08
11212,AW00011212,Chloe,Campbell,M,,2025-10-08
11213,AW00011213,Stephanie,Murphy,S,,2025-10-08
11214,AW00011214,Charles,Miller,S,,2025-10-08
11215,AW00011215,Ana,Perry,M,,2025-10-08
11216,AW00011216,Jasmine,Torres,S,,2025-10-08
11217,AW00011217,Natalie,Adams,S,,2025-10-08
11218,AW00011218,Olivia,Brown,S,,2025-10-08
11219,AW00011219,Charles,Cook,M,,2025-10-08
11220,AW00011220,Erica,Huang,M,,2025-10-08
11221,AW00011221,Nathan,Perry,M,,2025-10-08
11222,AW00011222,Alexandra,Rivera,M,,2025-10-08
11223,AW00011223,Hailey,Patterson,S,,2025-10-08
11224,AW00011224,Tiffany,Li,S,,2025-10-08
11225,AW00011225,Madison,Lee,M,,2025-10-08
11226,AW00011226,Sydney,Ross,M,,2025-10-08
11227,AW00011227,Marshall,Chavez,S,,2025-10-08
11228,AW00011228,Ashley,Jones,M,,2025-10-08
11229,AW00011229, Adrian ,Stewart,S,,2025-10-08
11230,AW00011230,Amber,Turner,M,,2025-10-08
11231,AW00011231,Dennis,Zhang,M,,2025-10-08
11232,AW00011232,Hailey,Bryant,M,,2025-10-08
11233,AW00011233,Todd,Li,M,,2025-10-08
11234,AW00011234,Anna,Griffin,S,,2025-10-08
11235,AW00011235,Angel,Stewart,M,,2025-10-08
11236,AW00011236,Jeremy,Butler,S,,2025-10-08
11237,AW00011237,Clarence,Anand,S,,2025-10-08
11238,AW00011238,Mayra,Prasad,S,,2025-10-08
11239,AW00011239,Latoya,Goel,M,,2025-10-08
11240,AW00011240,Anne,Hernandez,M,,2025-10-08
11241,AW00011241,Lisa,Cai,S,,2025-10-08
11242,AW00011242,Larry,Munoz,M,,2025-10-08
11243,AW00011243,Robin,Alvarez,M,,2025-10-08
11244,AW00011244,Alexis,Coleman,S,,2025-10-08
11245,AW00011245,Ricky,Vazquez,M,,2025-10-08
11246,AW00011246,Latasha,Rubio,M,,2025-10-08
11247,AW00011247,Claudia,Zhou,S,,2025-10-08
11248,AW00011248,Tristan,Alexander,M,,2025-10-08
11249,AW00011249,Cindy,Patel,M,,2025-10-08
11250,AW00011250,Shannon,Liu,M,,2025-10-08
11251,AW00011251,Xavier,Long,S,,2025-10-08
11252,AW00011252,Nicholas,Thompson,S,,2025-10-08
11253,AW00011253,José,Hernandez,M,,2025-10-08
11254,AW00011254,Johnathan,Vance,M,,2025-10-08
11255,AW00011255,Colin,Lin,M,,2025-10-08
11256,AW00011256,Katelyn,Hernandez,M,,2025-10-08
11257,AW00011257,Jacqueline,Powell,S,,2025-10-08
11258,AW00011258,Xavier,Hill,M,,2025-10-08
11259,AW00011259,Victoria  ,Stewart,M,,2025-10-08
11260,AW00011260,Katelyn,Kelly,M,,2025-10-08
11261,AW00011261,Stephanie,Collins,M,,2025-10-08
11262,AW00011262,Jennifer,Simmons,M,,2025-10-08
11263,AW00011263,Trinity,Richardson,M,,2025-10-08
11264,AW00011264,Eduardo,Martin,S,,2025-10-08
11265,AW00011265,Elizabeth,Jones,M,,2025-10-08
11266,AW00011266,Taylor,Howard,S,,2025-10-08
11267,AW00011267,David,Diaz,S,,2025-10-08
11268,AW00011268,Katelyn,Carter,M,,2025-10-08
11269,AW00011269,Ryan,Foster,M,,2025-10-08
11270,AW00011270,Robert,Lee,M,,2025-10-08
11271,AW00011271,Danielle,Reed,S,,2025-10-08
11272,AW00011272,Lauren,Martinez,S,,2025-10-08
11273,AW00011273,Nathan,Lal,M,,2025-10-08
11274,AW00011274,Kyle,Foster,M,,2025-10-08
11275,AW00011275,Jenny,Rai,M,,2025-10-08
11276,AW00011276,Nancy,Chapman,M,,2025-10-08
11277,AW00011277,Charles,Jackson,M,,2025-10-08
11278,AW00011278,Jonathan,Phillips,S,,2025-10-08
11279,AW00011279,Amanda,Cook,M,,2025-10-08
11280,AW00011280,Robert,Collins,M,,2025-10-08
11281,AW00011281,Megan,Barnes,S,,2025-10-08
11282,AW00011282,Christian,Thomas,M,,2025-10-08
11283,AW00011283,Arturo,Lal,M,,2025-10-08
11284,AW00011284,Theresa,Serrano,M,,2025-10-08
11285,AW00011285,Jeremy,Anderson,M,,2025-10-08
11286,AW00011286,Hunter,Griffin,M,,2025-10-08
11287,AW00011287,Henry,Garcia,M,,2025-10-08
11288,AW00011288,Cindy,Sanchez,M,,2025-10-08
11289,AW00011289,Maria,Carter,M,,2025-10-08
11290,AW00011290,Katelyn,Sanchez,M,,2025-10-08
11291,AW00011291,Jenna,Wright,M,,2025-10-08
11292,AW00011292,Seth,Phillips,S,,2025-10-08
11293,AW00011293,Luke,Long,S,,2025-10-08
11294,AW00011294,Dalton,Clark,M,,2025-10-08
11295,AW00011295,Taylor,Lewis,S,,2025-10-08
11296,AW00011296,Haley,Richardson,S,,2025-10-08
11297,AW00011297,Noah,Coleman,S,,2025-10-08
11298,AW00011298,Jon,Luo,M,,2025-10-08
11299,AW00011299,Orlando,Vazquez,M,,2025-10-08
11300,AW00011300,Fernando,Barnes,M,,2025-10-08
11301,AW00011301,Cameron,Rodriguez,M,,2025-10-08
11302,AW00011302,Spencer,Russell,S,,2025-10-08
11303,AW00011303,Julia,Coleman,S,,2025-10-08
11304,AW00011304,Julia,Garcia,M,,2025-10-08
11305,AW00011305,Sean,Evans,M,,2025-10-08
11306,AW00011306,Micah,Zhou,M,,2025-10-08
11307,AW00011307,Hunter,Rodriguez,M,,2025-10-08
11308,AW00011308,Ian,Gonzales,M,,2025-10-08
11309,AW00011309,Victoria,Lewis,S,,2025-10-08
11310,AW00011310,Erin,Sanders,S,,2025-10-08
11311,AW00011311,Gabrielle,Lopez,S,,2025-10-08
11312,AW00011312,Sara,Richardson,S,,2025-10-08
11313,AW00011313,Trevor,Jenkins,S,,2025-10-08
11314,AW00011314,Mya,Flores,S,,2025-10-08
11315,AW00011315,Hailey,Ward,S,,2025-10-08
11316,AW00011316,Luke,Allen,M,,2025-10-08
11317,AW00011317,Victoria,Russell,S,,2025-10-08
11318,AW00011318,Jessica,Wilson,S,,2025-10-08
11319,AW00011319,Jade,Bailey,M,,2025-10-08
11320,AW00011320,Morgan,Hill,M,,2025-10-08
11321,AW00011321,Terrance,Raman,M,,2025-10-08
11322,AW00011322,Sydney,Garcia,M,,2025-10-08
11323,AW00011323,Jose,Patterson,S,,2025-10-08
11324,AW00011324,Zachary,Anderson,M,,2025-10-08
11325,AW00011325,Elijah,Ross,S,,2025-10-08
11326,AW00011326,Rafael,Xie,M,,2025-10-08
11327,AW00011327,Jaime,Moreno,M,,2025-10-08
11328,AW00011328,Julian,Griffin,M,,2025-10-08
11329,AW00011329,Andy,Alvarez,S,,2025-10-08
11330,AW00011330,Ryan,Thompson,M,,2025-10-08
11331,AW00011331,Samantha,Jenkins,M,,2025-10-08
11332,AW00011332,Deanna,Ramos,S,,2025-10-08
11333,AW00011333,Emily,Miller,M,,2025-10-08
11334,AW00011334,Nicole,Brown,M,,2025-10-08
11335,AW00011335,Carla,Raman,M,,2025-10-08
11336,AW00011336,Shaun,Raji,M,,2025-10-08
11337,AW00011337,Jerome,Romero,M,,2025-10-08
11338,AW00011338,Frank,Navarro,M,,2025-10-08
11339,AW00011339,Dennis,She,S,,2025-10-08
11340,AW00011340,Melody,Munoz,M,,2025-10-08
11341,AW00011341,Randy,Zeng,M,,2025-10-08
11342,AW00011342,Marshall,Wang,M,,2025-10-08
11343,AW00011343,Arthur,Carlson,M,,2025-10-08
11344,AW00011344,Jessie,Jimenez,M,,2025-10-08
11345,AW00011345,Robin,Ramos,S,,2025-10-08
11346,AW00011346,Deanna,Gutierrez,S,,2025-10-08
11347,AW00011347,Roy,Navarro,M,,2025-10-08
11348,AW00011348,Shawn,Rai,M,,2025-10-08
11349,AW00011349,Mindy,Luo,M,,2025-10-08
11350,AW00011350,Cara,Zhou,M,,2025-10-08
11351,AW00011351,Anne,Ramos,S,,2025-10-08
11352,AW00011352,Raymond,Rodriguez,M,,2025-10-08
11353,AW00011353,Carrie,Ortega,S,,2025-10-08
11354,AW00011354,Deanna,Suarez,M,,2025-10-08
11355,AW00011355,Roberto,Gutierrez,M,,2025-10-08
11356,AW00011356,Terrence,Carson,S,,2025-10-08
11357,AW00011357,Ramon,Ye,S,,2025-10-08
11358,AW00011358,Cynthia,Malhotra,S,,2025-10-08
11359,AW00011359,Jarrod,Prasad,S,,2025-10-08
11360,AW00011360,Tyrone,Serrano,S,,2025-10-08
11361,AW00011361,Cindy,Ramos,M,,2025-10-08
11362,AW00011362,Damien,Shan,M,,2025-10-08
11363,AW00011363,Julian,Ross,S,,2025-10-08
11364,AW00011364,Jennifer,Collins,S,,2025-10-08
11365,AW00011365,Brittney,Sun,S,,2025-10-08
11366,AW00011366,Virginia,Patel,M,,2025-10-08
11367,AW00011367,Calvin,Nara,M,,2025-10-08
11368,AW00011368,Edward,Miller,S,,2025-10-08
11369,AW00011369,Ashlee,Tang,M,,2025-10-08
11370,AW00011370,Alicia,Xu,M,,2025-10-08
11371,AW00011371,Lacey,Jai,M,,2025-10-08
11372,AW00011372,Wendy,Romero,S,,2025-10-08
11373,AW00011373,Carly,Luo,M,,2025-10-08
11374,AW00011374,Jimmy,Ortega,S,,2025-10-08
11375,AW00011375,Francisco,Martinez,M,,2025-10-08
11376,AW00011376,Lance,Vazquez,S,,2025-10-08
11377,AW00011377,David,Robinett,M,,2025-10-08
11378,AW00011378,Shannon,Liang,S,,2025-10-08
11379,AW00011379,Gary,Vazquez,M,,2025-10-08
11380,AW00011380,Mitchell,Kumar,S,,2025-10-08
11381,AW00011381,Meredith,Raman,M,,2025-10-08
11382,AW00011382,Edward,Patterson,M,,2025-10-08
11383,AW00011383,Marie,Gill,M,,2025-10-08
11384,AW00011384,Tiffany,Wang,M,,2025-10-08
11385,AW00011385,Miguel,Allen,S,,2025-10-08
11386,AW00011386,Jaclyn,Cai,M,,2025-10-08
11387,AW00011387,Megan,Ramirez,S,,2025-10-08
11388,AW00011388,Joseph,Martin,M,,2025-10-08
11389,AW00011389,Karl,Shan,S,,2025-10-08
11390,AW00011390,Christine,Raji,S,,2025-10-08
11391,AW00011391,Lindsay,Xie,S,,2025-10-08
11392,AW00011392,Willie,Zhao,S,,2025-10-08
11393,AW00011393,Kurt,Pal,S,,2025-10-08
11394,AW00011394,George,McDonald,S,,2025-10-08
11395,AW00011395,Beth,Gutierrez,S,,2025-10-08
11396,AW00011396,Ian,Lopez,M,,2025-10-08
11397,AW00011397,Latoya,Shan,S,,2025-10-08
11398,AW00011398,Colin,Nath,S,,2025-10-08
11399,AW00011399,Brenda,Mehta,S,,2025-10-08
11400,AW00011400,Franklin,Raji,S,,2025-10-08
11401,AW00011401,Linda,Navarro,M,,2025-10-08
11402,AW00011402,Kelli,Cai,M,,2025-10-08
11403,AW00011403,Nancy,Schmidt,S,,2025-10-08
11404,AW00011404,Megan,Taylor,S,,2025-10-08
11405,AW00011405,Bonnie,Goel,S,,2025-10-08
11406,AW00011406,Latoya,Xu,M,,2025-10-08
11407,AW00011407,Mario,She,M,,2025-10-08
11408,AW00011408,Darren,Gill,M,,2025-10-08
11409,AW00011409,Jacqueline,Hayes,S,,2025-10-08
11410,AW00011410,Maurice,Goel,M,,2025-10-08
11411,AW00011411,Devin,Ross,M,,2025-10-08
11412,AW00011412,Sydney,Bryant,S,,2025-10-08
11413,AW00011413,Megan,Stewart,M,,2025-10-08
11414,AW00011414,Ian,Richardson,S,,2025-10-08
11415,AW00011415,Randy,She,S,,2025-10-08
11416,AW00011416,Katrina,Becker,M,,2025-10-08
11417,AW00011417,Lacey,Zheng,M,,2025-10-08
11418,AW00011418,Rafael,Hu,S,,2025-10-08
11419,AW00011419,Kyle,Scott,M,,2025-10-08
11420,AW00011420,Jordan,Turner,M,,2025-10-08
11421,AW00011421,Amy,Sun,M,,2025-10-08
11422,AW00011422,Dustin,Deng,M,,2025-10-08
11423,AW00011423,Jasmine,Stewart,M,,2025-10-08
11424,AW00011424,Pamela,Garcia,M,,2025-10-08
11425,AW00011425,Ariana,Gray,M,,2025-10-08
11426,AW00011426,Kristopher,Mehta,M,,2025-10-08
11427,AW00011427,Desiree,Dominguez,M,,2025-10-08
11428,AW00011428,Deanna,Perez,S,,2025-10-08
11429,AW00011429,Marco,Lopez,M,,2025-10-08
11430,AW00011430,Casey,Yuan,M,,2025-10-08
11431,AW00011431,Bryant,Garcia,M,,2025-10-08
11432,AW00011432,Dominique,Prasad,M,,2025-10-08
11433,AW00011433,Maurice,Shan,M,,2025-10-08
11434,AW00011434,Andre,Lopez,M,,2025-10-08
11435,AW00011435,Robin,Romero,S,,2025-10-08
11436,AW00011436,Taylor,Cox,M,,2025-10-08
11437,AW00011437,Alfredo,Moreno,M,,2025-10-08
11438,AW00011438,Jenny,Nara,M,,2025-10-08
11439,AW00011439,Janet,Munoz,M,,2025-10-08
11440,AW00011440,Sergio,Weber,M,,2025-10-08
11441,AW00011441,Erika,Gomez,M,,2025-10-08
11442,AW00011442,Joseph,Harris,M,,2025-10-08
11443,AW00011443,Grace,Griffin,S,,2025-10-08
11444,AW00011444,Tina,Mehta,M,,2025-10-08
11445,AW00011445,Kari,Kim,S,,2025-10-08
11446,AW00011446,Bethany,Chander,S,,2025-10-08
11447,AW00011447,Jennifer,Roberts,M,,2025-10-08
11448,AW00011448,Kyle,Patterson,S,,2025-10-08
11449,AW00011449,Alvin,Hu,M,,2025-10-08
11450,AW00011450,Brett,Mehta,S,,2025-10-08
11451,AW00011451,Ruben,Muñoz,S,,2025-10-08
11452,AW00011452,Erika,Rubio,S,,2025-10-08
11453,AW00011453,Stanley,Malhotra,S,,2025-10-08
11454,AW00011454,Melinda,Navarro,S,,2025-10-08
11455,AW00011455,Ross,Sanz,M,,2025-10-08
11456,AW00011456,Jon,Gao,M,,2025-10-08
11457,AW00011457,Jaime,Gutierrez,M,,2025-10-08
11458,AW00011458,Bianca,Liu,M,,2025-10-08
11459,AW00011459,Tasha,Deng,S,,2025-10-08
11460,AW00011460,Melvin,Chande,S,,2025-10-08
11461,AW00011461,Victor,Jimenez,S,,2025-10-08
11462,AW00011462,Laura,Lin,M,,2025-10-08
11463,AW00011463,Alisha,Beck,M,,2025-10-08
11464,AW00011464,Alejandro,Huang,M,,2025-10-08
11465,AW00011465,Louis,Luo,M,,2025-10-08
11466,AW00011466,Grant,Tang,M,,2025-10-08
11467,AW00011467,Arturo,Zheng,M,,2025-10-08
11468,AW00011468,Jaclyn,Andersen,M,,2025-10-08
11469,AW00011469,Edwin,Raji,S,,2025-10-08
11470,AW00011470,Jay,Suarez,S,,2025-10-08
11471,AW00011471,Latasha,Suarez,S,,2025-10-08
11472,AW00011472,Kenneth,Kumar,S,,2025-10-08
11473,AW00011473,Grace,Henderson,S,,2025-10-08
11474,AW00011474,Melvin,Xu,S,,2025-10-08
11475,AW00011475,Cesar,Subram,S,,2025-10-08
11476,AW00011476,Erika,Navarro,M,,2025-10-08
11477,AW00011477,Tristan,Hughes,S,,2025-10-08
11478,AW00011478,Billy,Hernandez,S,,2025-10-08
11479,AW00011479,Darryl,Wu,M,,2025-10-08
11480,AW00011480,Colleen,Ma,M,,2025-10-08
11481,AW00011481,Erica,Hu,M,,2025-10-08
11482,AW00011482,Adrienne,Torres,S,,2025-10-08
11483,AW00011483,Calvin,Chande,M,,2025-10-08
11484,AW00011484,Erick,Sai,S,,2025-10-08
11485,AW00011485,Donald,Chandra,M,,2025-10-08
11486,AW00011486,Ariana,Rogers,S,,2025-10-08
11487,AW00011487,Morgan,Jones,S,,2025-10-08
11488,AW00011488,Jermaine,Lopez,S,,2025-10-08
11489,AW00011489,Deborah,Goel,S,,2025-10-08
11490,AW00011490,Danny,Rubio,S,,2025-10-08
11491,AW00011491,Andre,Perez,M,,2025-10-08
11492,AW00011492,Terrence,Chander,S,,2025-10-08
11493,AW00011493,Dawn,Wu,S,,2025-10-08
11494,AW00011494,Jimmy,Gutierrez,S,,2025-10-08
11495,AW00011495,Francis,Jimenez,S,,2025-10-08
11496,AW00011496,Gary,Ortega,S,,2025-10-08
11497,AW00011497,Katrina,Nath,S,,2025-10-08
11498,AW00011498,Arturo,Sun,S,,2025-10-08
11499,AW00011499,Pedro,Vance,S,,2025-10-08
11500,AW00011500,Sarah,Simmons,S,,2025-10-08
11501,AW00011501,Brandy,Chandra,S,,2025-10-08
11502,AW00011502,Jared,Peterson,S,,2025-10-08
11503,AW00011503,Dennis,Wu,M,,2025-10-08
11504,AW00011504,Jordan,Baker,M,,2025-10-08
11505,AW00011505,Jasmine,Powell,S,,2025-10-08
11506,AW00011506,Nicholas,Brown,S,,2025-10-08
11507,AW00011507,Isabella,Russell,S,,2025-10-08
11508,AW00011508,Elizabeth,Wilson,S,,2025-10-08
11509,AW00011509,Roger,Harui,M,,2025-10-08
11510,AW00011510,Seth,Roberts,M,,2025-10-08
11511,AW00011511,Caleb,Perry,M,,2025-10-08
11512,AW00011512,Natalie,Campbell,S,,2025-10-08
11513,AW00011513,Alyssa,Howard,S,,2025-10-08
11514,AW00011514,Dalton,Diaz,M,,2025-10-08
11515,AW00011515,Shannon,Huang,M,,2025-10-08
11516,AW00011516,Mya,Gonzales,M,,2025-10-08
11517,AW00011517,Katherine,Bryant,M,,2025-10-08
11518,AW00011518,Edward,Washington,M,,2025-10-08
11519,AW00011519,Jerome,Navarro,M,,2025-10-08
11520,AW00011520,Jada,Morgan,M,,2025-10-08
11521,AW00011521,Ariana,Peterson,M,,2025-10-08
11522,AW00011522,Christian,Hughes,M,,2025-10-08
11523,AW00011523,Lucas,Taylor,M,,2025-10-08
11524,AW00011524,Alyssa,Jackson,M,,2025-10-08
11525,AW00011525,Ariana,Cook,M,,2025-10-08
11526,AW00011526,Katherine,Diaz,M,,2025-10-08
11527,AW00011527,Jenna,Green,M,,2025-10-08
11528,AW00011528,Joan,Washington,M,,2025-10-08
11529,AW00011529,Austin,Bryant,M,,2025-10-08
11530,AW00011530,Andrew,Martinez,M,,2025-10-08
11531,AW00011531,Nina,Yuan,M,,2025-10-08
11532,AW00011532,Lauren,Miller,M,,2025-10-08
11533,AW00011533,Ebony,Gill,M,,2025-10-08
11534,AW00011534,Cameron,Lewis,S,,2025-10-08
11535,AW00011535,Devin,Nelson,M,,2025-10-08
11536,AW00011536,Logan,Chow,M,,2025-10-08
11537,AW00011537,Dakota,Ross,M,,2025-10-08
11538,AW00011538,Nicole,Taylor,S,,2025-10-08
11539,AW00011539,Justin,Washington,M,,2025-10-08
11540,AW00011540,Alberto,Navarro,S,,2025-10-08
11541,AW00011541,Aidan,Ross,S,,2025-10-08
11542,AW00011542,Alejandro,Tang,S,,2025-10-08
11543,AW00011543,Sheena,Chande,M,,2025-10-08
11544,AW00011544,Joel,Garcia,M,,2025-10-08
11545,AW00011545,Reginald,Dominguez,M,,2025-10-08
11546,AW00011546,Christine,Chande,M,,2025-10-08
11547,AW00011547,Cindy,Sai,M,,2025-10-08
11548,AW00011548,Raymond,Sanchez,S,,2025-10-08
11549,AW00011549,Crystal,Liang,M,,2025-10-08
11550,AW00011550,Deb,Torres,S,,2025-10-08
11551,AW00011551,Shannon,Alvarez,S,,2025-10-08
11552,AW00011552,Eddie,Rubio,S,,2025-10-08
11553,AW00011553,Sharon,Luo,M,,2025-10-08
11554,AW00011554,Sydney,Simmons,S,,2025-10-08
11555,AW00011555,Alexandria,Henderson,M,,2025-10-08
11556,AW00011556,Lucas,Evans,M,,2025-10-08
11557,AW00011557,Felicia,Ramos,S,,2025-10-08
11558,AW00011558,Ivan,Malhotra,S,,2025-10-08
11559,AW00011559,Frederick,Subram,S,,2025-10-08
11560,AW00011560,Whitney,Srini,S,,2025-10-08
11561,AW00011561,Briana,Dominguez,S,,2025-10-08
11562,AW00011562,Jarrod,Gonzalez,M,,2025-10-08
11563,AW00011563,Cesar,Srini,S,,2025-10-08
11564,AW00011564,Jorge,Liang,S,,2025-10-08
11565,AW00011565,Erik,Diaz,S,,2025-10-08
11566,AW00011566,April,Shan,M,,2025-10-08
11567,AW00011567,Carla,Perez,M,,2025-10-08
11568,AW00011568,Alexia,Foster,S,,2025-10-08
11569,AW00011569,Troy,Malhotra,M,,2025-10-08
11570,AW00011570,Kristin,Andersen,M,,2025-10-08
11571,AW00011571,Joel,Sai,M,,2025-10-08
11572,AW00011572,Billy,Moreno,M,,2025-10-08
11573,AW00011573,Meagan,Subram,S,,2025-10-08
11574,AW00011574,Karla,Luo,S,,2025-10-08
11575,AW00011575,Jackson,Campbell,S,,2025-10-08
11576,AW00011576,Micah,Zhu,M,,2025-10-08
11577,AW00011577,Janet,Serrano,M,,2025-10-08
11578,AW00011578,Trisha,Huang,S,,2025-10-08
11579,AW00011579,Clayton,Beck,S,,2025-10-08
11580,AW00011580,Melvin,Raje,M,,2025-10-08
11581,AW00011581,Cindy,Jordan,M,,2025-10-08
11582,AW00011582,Claudia,Ma,S,,2025-10-08
11583,AW00011583,Karla,Xu,S,,2025-10-08
11584,AW00011584,Devin,Carter,M,,2025-10-08
11585,AW00011585,Kari,Perez,M,,2025-10-08
11586,AW00011586,Alberto,Romero,M,,2025-10-08
11587,AW00011587,Kevin,Bryant,S,,2025-10-08
11588,AW00011588,Candace,Mehta,M,,2025-10-08
11589,AW00011589,Ebony,Malhotra,M,,2025-10-08
11590,AW00011590,Erika,Diaz,S,,2025-10-08
11591,AW00011591,Stacey,Lu,S,,2025-10-08
11592,AW00011592,Darrell,Raji,S,,2025-10-08
11593,AW00011593,Armando,Moreno,S,,2025-10-08
11594,AW00011594,Corey,Goel,S,,2025-10-08
11595,AW00011595,Sebastian,Howard,S,,2025-10-08
11596,AW00011596,Roger,Raje,M,,2025-10-08
11597,AW00011597,Janelle,Chandra,S,,2025-10-08
11598,AW00011598,Meredith,Ruiz,S,,2025-10-08
11599,AW00011599,Melody,Diaz,S,,2025-10-08
11600,AW00011600,Linda,Rubio,S,,2025-10-08
11601,AW00011601,Ivan,Raman,S,,2025-10-08
11602,AW00011602,Larry,Gill,S,,2025-10-08
11603,AW00011603,Geoffrey,Gonzalez,S,,2025-10-08
11604,AW00011604,Edgar,Sanchez,S,,2025-10-08
11605,AW00011605,Heidi,Subram,S,,2025-10-08
11606,AW00011606,Melody,Ramos,S,,2025-10-08
11607,AW00011607,Clinton,Moreno,S,,2025-10-08
11608,AW00011608,Cesar,Madan,S,,2025-10-08
11609,AW00011609,Eugene,Ye,S,,2025-10-08
11610,AW00011610,Blake,Collins,S,,2025-10-08
11611,AW00011611,Ernest,Lin,M,,2025-10-08
11612,AW00011612,Keith,Andersen,S,,2025-10-08
11613,AW00011613,Meredith,Prasad,S,,2025-10-08
11614,AW00011614,Katrina,Sharma,S,,2025-10-08
11615,AW00011615,Dwayne,Navarro,M,,2025-10-08
11616,AW00011616,Casey,Nath,M,,2025-10-08
11617,AW00011617,Sean,Brooks,S,,2025-10-08
11618,AW00011618,Brian,Ramirez,M,,2025-10-08
11619,AW00011619,Sierra,Young,S,,2025-10-08
11620,AW00011620,Megan,Rodriguez,S,,2025-10-08
11621,AW00011621,Leah,She,S,,2025-10-08
11622,AW00011622,Gabriel,Allen,M,,2025-10-08
11623,AW00011623,Angela,Perry,S,,2025-10-08
11624,AW00011624,Ryan,Smith,S,,2025-10-08
11625,AW00011625,Zachary,Moore,M,,2025-10-08
11626,AW00011626,Destiny,Rogers,M,,2025-10-08
11627,AW00011627,Dalton,Gray,M,,2025-10-08
11628,AW00011628,Mariah,Wood,S,,2025-10-08
11629,AW00011629,Isaiah,Wright,S,,2025-10-08
11630,AW00011630,Haley,Powell,M,,2025-10-08
11631,AW00011631,Antonio,Bennett,M,,2025-10-08
11632,AW00011632,Alexandra,Jenkins,M,,2025-10-08
11633,AW00011633,Thomas,Anderson,M,,2025-10-08
11634,AW00011634,Samuel,Collins,M,,2025-10-08
11635,AW00011635,Darrell,Chande,M,,2025-10-08
11636,AW00011636,Kimberly,Cox,S,,2025-10-08
11637,AW00011637,Morgan,Hernandez,M,,2025-10-08
11638,AW00011638,Antonio,Powell,M,,2025-10-08
11639,AW00011639,Angelica,Perry,M,,2025-10-08
11640,AW00011640,Chloe,Wilson,M,,2025-10-08
11641,AW00011641,James,Chen,M,,2025-10-08
11642,AW00011642,Morgan,Hughes,M,,2025-10-08
11643,AW00011643,Naomi,Munoz,M,,2025-10-08
11644,AW00011644,Charles,Torres,S,,2025-10-08
11645,AW00011645,Gabriella,Turner,S,,2025-10-08
11646,AW00011646,Anna,Foster,S,,2025-10-08
11647,AW00011647,Randy,Wu,S,,2025-10-08
11648,AW00011648,Kevin,Scott,S,,2025-10-08
11649,AW00011649,Ian,White,M,,2025-10-08
11650,AW00011650,Caleb,Hayes,M,,2025-10-08
11651,AW00011651,Patricia,Garcia,M,,2025-10-08
11652,AW00011652,Samuel,Russell,M,,2025-10-08
11653,AW00011653,Sydney,Peterson,S,,2025-10-08
11654,AW00011654,Ariana,Sanchez,M,,2025-10-08
11655,AW00011655,Tamara,Sharma,S,,2025-10-08
11656,AW00011656,Katelyn,Perez,M,,2025-10-08
11657,AW00011657,Megan,Cox,M,,2025-10-08
11658,AW00011658,Robert,Mitchell,M,,2025-10-08
11659,AW00011659,Miguel,Adams,S,,2025-10-08
11660,AW00011660,Miranda,Gonzales,M,,2025-10-08
11661,AW00011661,Jeremiah,James,S,,2025-10-08
11662,AW00011662,Ethan,Kumar,S,,2025-10-08
11663,AW00011663,Seth,Williams,M,,2025-10-08
11664,AW00011664,Alyssa,Morgan,S,,2025-10-08
11665,AW00011665,Janet,Dominguez,M,,2025-10-08
11666,AW00011666,Angel,Baker,M,,2025-10-08
11667,AW00011667,Blake,Moore,M,,2025-10-08
11668,AW00011668,Jada,Collins,S,,2025-10-08
11669,AW00011669,Isabella,Simmons,S,,2025-10-08
11670,AW00011670,Jacqueline,Perry,S,,2025-10-08
11671,AW00011671,Jessica,Brown,S,,2025-10-08
11672,AW00011672,Chad,Jai,M,,2025-10-08
11673,AW00011673,Susan,Ye,S,,2025-10-08
11674,AW00011674,Morgan,Rogers,M,,2025-10-08
11675,AW00011675,Devin,Martinez,S,,2025-10-08
11676,AW00011676,Alan,Hu,M,,2025-10-08
11677,AW00011677,Charles,Walker,S,,2025-10-08
11678,AW00011678,Johnny,Chavez,M,,2025-10-08
11679,AW00011679,Dalton,Richardson,M,,2025-10-08
11680,AW00011680,Kaylee,Nelson,M,,2025-10-08
11681,AW00011681,Abigail,Jones,M,,2025-10-08
11682,AW00011682,Kaitlyn,Hall,M,,2025-10-08
11683,AW00011683,Greg,Taylor,M,,2025-10-08
11684,AW00011684,Devin,Parker,S,,2025-10-08
11685,AW00011685,Jose,Griffin,M,,2025-10-08
11686,AW00011686,Luke,Edwards,S,,2025-10-08
11687,AW00011687,Cody,Torres,S,,2025-10-08
11688,AW00011688,Victoria,Morris,S,,2025-10-08
11689,AW00011689,Ian,Diaz,M,,2025-10-08
11690,AW00011690,Caroline,Butler,M,,2025-10-08
11691,AW00011691,Kaitlyn,Wilson,S,,2025-10-08
11692,AW00011692,Caleb,Gonzales,M,,2025-10-08
11693,AW00011693,Hailey,Diaz,S,,2025-10-08
11694,AW00011694,Jonathon,Ortega,M,,2025-10-08
11695,AW00011695,Logan,Campbell,M,,2025-10-08
11696,AW00011696,Mackenzie,Campbell,S,,2025-10-08
11697,AW00011697,Eduardo,Lee,M,,2025-10-08
11698,AW00011698,Jackson,Wright,M,,2025-10-08
11699,AW00011699,Chase,Peterson,S,,2025-10-08
11700,AW00011700,Xavier,Richardson,S,,2025-10-08
11701,AW00011701,David,Hayes,M,,2025-10-08
11702,AW00011702,Jenny,Zhou,S,,2025-10-08
11703,AW00011703,Kaylee,Baker,S,,2025-10-08
11704,AW00011704,Evan,Hernandez,S,,2025-10-08
11705,AW00011705,Brooke,Richardson,S,,2025-10-08
11706,AW00011706,Blake,Perez,M,,2025-10-08
11707,AW00011707,Natalie,Cook,S,,2025-10-08
11708,AW00011708,Elizabeth,Weisman,S,,2025-10-08
11709,AW00011709,Hailey,Collins,S,,2025-10-08
11710,AW00011710,Zoe,Ramirez,M,,2025-10-08
11711,AW00011711,Daniel,Davis,S,,2025-10-08
11712,AW00011712,Shelby,Rogers,M,,2025-10-08
11713,AW00011713,Kyle,Zhang,M,,2025-10-08
11714,AW00011714,Alexandria,Long,M,,2025-10-08
11715,AW00011715,Chloe,Robinson,M,,2025-10-08
11716,AW00011716,Evan,Kelly,S,,2025-10-08
11717,AW00011717,Marcus,Jones,M,,2025-10-08
11718,AW00011718,Sarah,Jones,M,,2025-10-08
11719,AW00011719,Blake,Green,M,,2025-10-08
11720,AW00011720,Morgan,Morris,M,,2025-10-08
11721,AW00011721,Jennifer,Alexander,M,,2025-10-08
11722,AW00011722,Julian,Hughes,M,,2025-10-08
11723,AW00011723,Luke,Coleman,S,,2025-10-08
11724,AW00011724,Jason,Carter,S,,2025-10-08
11725,AW00011725,Jose,Li,S,,2025-10-08
11726,AW00011726,Micah,Liang,S,,2025-10-08
11727,AW00011727,Benjamin,Taylor,S,,2025-10-08
11728,AW00011728,Logan,White,M,,2025-10-08
11729,AW00011729,Caleb,Campbell,M,,2025-10-08
11730,AW00011730,Emma,Torres,M,,2025-10-08
11731,AW00011731,Tanya,Gill,M,,2025-10-08
11732,AW00011732,Erick,Sanchez,M,,2025-10-08
11733,AW00011733,Kristi,Schmidt,M,,2025-10-08
11734,AW00011734,Omar,Chen,M,,2025-10-08
11735,AW00011735,Sydney,Gray,M,,2025-10-08
11736,AW00011736,Sebastian,Sanchez,M,,2025-10-08
11737,AW00011737,Megan,Martin,M,,2025-10-08
11738,AW00011738,Elijah,Alexander,M,,2025-10-08
11739,AW00011739,Aaron,King,M,,2025-10-08
11740,AW00011740,Jan,Hall,M,,2025-10-08
11741,AW00011741,Tamara,Chander,M,,2025-10-08
11742,AW00011742,Edward,Lewis,S,,2025-10-08
11743,AW00011743,Chase,Kelly,M,,2025-10-08
11744,AW00011744,Stephanie,Campbell,M,,2025-10-08
11745,AW00011745,Allison,Gonzalez,M,,2025-10-08
11746,AW00011746,Seth,Brooks,S,,2025-10-08
11747,AW00011747,Destiny,Davis,M,,2025-10-08
11748,AW00011748,Blake,Hill,M,,2025-10-08
11749,AW00011749,Eduardo,Jackson,M,,2025-10-08
11750,AW00011750,Latoya,She,M,,2025-10-08
11751,AW00011751,Victoria,Gonzales,M,,2025-10-08
11752,AW00011752,Lauren,Bryant,M,,2025-10-08
11753,AW00011753,Felicia,Ortega,M,,2025-10-08
11754,AW00011754,Janet,Ortega,M,,2025-10-08
11755,AW00011755,Willie,Pal,M,,2025-10-08
11756,AW00011756,Linda,Ortega,S,,2025-10-08
11757,AW00011757,Vincent,Cai,M,,2025-10-08
11758,AW00011758,Colin,Yuan,M,,2025-10-08
11759,AW00011759,Dawn,Nath,M,,2025-10-08
11760,AW00011760,Melody,Moreno,M,,2025-10-08
11761,AW00011761,Edgar,Mehta,S,,2025-10-08
11762,AW00011762,Randall,Gomez,M,,2025-10-08
11763,AW00011763,Ross,Fernandez,M,,2025-10-08
11764,AW00011764,Jessie,Ramos,S,,2025-10-08
11765,AW00011765,Marc,Torres,M,,2025-10-08
11766,AW00011766,Candace,Raman,S,,2025-10-08
11767,AW00011767,Meagan,Madan,S,,2025-10-08
11768,AW00011768,Clayton,Nara,M,,2025-10-08
11769,AW00011769,Haley,Hernandez,S,,2025-10-08
11770,AW00011770,Peter,Nara,S,,2025-10-08
11771,AW00011771,Isaac,Rivera,S,,2025-10-08
11772,AW00011772,Cameron,Moore,M,,2025-10-08
11773,AW00011773,Gavin,Diaz,S,,2025-10-08
11774,AW00011774,Emma,Sanchez,M,,2025-10-08
11775,AW00011775,Sierra,Roberts,S,,2025-10-08
11776,AW00011776,Seth,Mitchell,M,,2025-10-08
11777,AW00011777,Miranda,Long,S,,2025-10-08
11778,AW00011778,Haley,Henderson,S,,2025-10-08
11779,AW00011779,Sarah,Jackson,S,,2025-10-08
11780,AW00011780,Jessica,Alexander,S,,2025-10-08
11781,AW00011781,Carlos,Gray,M,,2025-10-08
11782,AW00011782,Barbara,Jai,M,,2025-10-08
11783,AW00011783,Sara,Mitchell,M,,2025-10-08
11784,AW00011784,Jose,Turner,M,,2025-10-08
11785,AW00011785,Theodore,Diaz,M,,2025-10-08
11786,AW00011786,Ian,Murphy,S,,2025-10-08
11787,AW00011787,Jerry,Nath,M,,2025-10-08
11788,AW00011788,Destiny,James,S,,2025-10-08
11789,AW00011789,Bailey,Phillips,M,,2025-10-08
11790,AW00011790,Timothy,Gonzalez,M,,2025-10-08
11791,AW00011791,Chase,Morgan,M,,2025-10-08
11792,AW00011792,Alexia,Perry,M,,2025-10-08
11793,AW00011793,Xavier,Rogers,M,,2025-10-08
11794,AW00011794,Lauren,Ross,S,,2025-10-08
11795,AW00011795,Nicole,Thomas,S,,2025-10-08
11796,AW00011796,Isabel,Jenkins,S,,2025-10-08
11797,AW00011797,Devin,Coleman,S,,2025-10-08
11798,AW00011798,Brendan,Chande,M,,2025-10-08
11799,AW00011799,Jessie,Wang,M,,2025-10-08
11800,AW00011800,Jennifer,Baker,M,,2025-10-08
11801,AW00011801,Aaron,Sharma,M,,2025-10-08
11802,AW00011802,Madison,Taylor,M,,2025-10-08
11803,AW00011803,Jan,Hernandez,S,,2025-10-08
11804,AW00011804,Haley,Turner,M,,2025-10-08
11805,AW00011805,Richard,Green,M,,2025-10-08
11806,AW00011806,Jennifer,Stewart,M,,2025-10-08
11807,AW00011807,Lucas,Baker,M,,2025-10-08
11808,AW00011808,James,Parker,M,,2025-10-08
11809,AW00011809,Juan,Gray,M,,2025-10-08
11810,AW00011810,Antonio,Washington,S,,2025-10-08
11811,AW00011811,Abigail,Brooks,S,,2025-10-08
11812,AW00011812,Andrew,Rodriguez,M,,2025-10-08
11813,AW00011813,Mary,Patterson,M,,2025-10-08
11814,AW00011814,Dalton,Morgan,M,,2025-10-08
11815,AW00011815,Hannah,Patterson,M,,2025-10-08
11816,AW00011816,Joe,Torres,M,,2025-10-08
11817,AW00011817,Morgan,Miller,S,,2025-10-08
11818,AW00011818,Daniel,Garcia,M,,2025-10-08
11819,AW00011819,Jose,Lal,M,,2025-10-08
11820,AW00011820,Katelyn,Lopez,M,,2025-10-08
11821,AW00011821,Austin,Johnson,M,,2025-10-08
11822,AW00011822,Rohinton,Wadia,M,,2025-10-08
11823,AW00011823,Morgan,Turner,M,,2025-10-08
11824,AW00011824,Jill,Martin,M,,2025-10-08
11825,AW00011825,Aimee,She,S,,2025-10-08
11826,AW00011826,Jessie,Alonso,M,,2025-10-08
11827,AW00011827,Sara,Baker,M,,2025-10-08
11828,AW00011828,Katherine,Martinez,M,,2025-10-08
11829,AW00011829,Sophia,Campbell,M,,2025-10-08
11830,AW00011830,Taylor,Garcia,M,,2025-10-08
11831,AW00011831,Christian,Ross,M,,2025-10-08
11832,AW00011832,Zoe,Murphy,S,,2025-10-08
11833,AW00011833,Oscar,Price,M,,2025-10-08
11834,AW00011834,Fernando,Flores,S,,2025-10-08
11835,AW00011835,Elijah,Russell,S,,2025-10-08
11836,AW00011836,Garrett,Travers,M,,2025-10-08
11837,AW00011837,Haley,Alexander,S,,2025-10-08
11838,AW00011838,Justin,Rodriguez,S,,2025-10-08
11839,AW00011839,Tyler,Brown,S,,2025-10-08
11840,AW00011840,Julian,Patterson,M,,2025-10-08
11841,AW00011841,Sean,Nelson,M,,2025-10-08
11842,AW00011842,Justin,Wilson,S,,2025-10-08
11843,AW00011843,Christy,Nara,S,,2025-10-08
11844,AW00011844,Michele,Alvarez,S,,2025-10-08
11845,AW00011845,Natalie,Jones,S,,2025-10-08
11846,AW00011846,Savannah,Reed,S,,2025-10-08
11847,AW00011847,Cassidy,Diaz,S,,2025-10-08
11848,AW00011848,Joshua,Lewis,M,,2025-10-08
11849,AW00011849,Faith,Reed,S,,2025-10-08
11850,AW00011850,Brooke,Ramirez,S,,2025-10-08
11851,AW00011851,Jada,Mitchell,S,,2025-10-08
11852,AW00011852,Kyle,Russell,S,,2025-10-08
11853,AW00011853,Grace,Jones,S,,2025-10-08
11854,AW00011854,Jason,Mitchell,S,,2025-10-08
11855,AW00011855,Christian,Walker,M,,2025-10-08
11856,AW00011856,Seth,Hernandez,M,,2025-10-08
11857,AW00011857,Isabella,Young,S,,2025-10-08
11858,AW00011858,Jordan,Coleman,M,,2025-10-08
11859,AW00011859,Blake,Garcia,M,,2025-10-08
11860,AW00011860,Nicole,Walker,M,,2025-10-08
11861,AW00011861,Katherine,Carter,M,,2025-10-08
11862,AW00011862,Olivia,Peterson,S,,2025-10-08
11863,AW00011863,Jessica,Wood,M,,2025-10-08
11864,AW00011864,Elizabeth,Thompson,M,,2025-10-08
11865,AW00011865,Chloe,Rivera,M,,2025-10-08
11866,AW00011866,Lucas,Scott,M,,2025-10-08
11867,AW00011867,Nathaniel,James,M,,2025-10-08
11868,AW00011868,Jessica,Peterson,S,,2025-10-08
11869,AW00011869,Kaitlyn,Adams,S,,2025-10-08
11870,AW00011870,Jillian,Garcia,S,,2025-10-08
11871,AW00011871,Dalton,Bennett,S,,2025-10-08
11872,AW00011872,Faith,Patterson,S,,2025-10-08
11873,AW00011873,Ryan,Zhang,M,,2025-10-08
11874,AW00011874,Adrian,Bell,S,,2025-10-08
11875,AW00011875,Jonathan,Brown,M,,2025-10-08
11876,AW00011876,Madison,White,M,,2025-10-08
11877,AW00011877,Alexis,Diaz,M,,2025-10-08
11878,AW00011878,Christine,Nara,M,,2025-10-08
11879,AW00011879,Edgar,Sai,M,,2025-10-08
11880,AW00011880,Melissa,Sanchez,M,,2025-10-08
11881,AW00011881,Richard,Mitchell,M,,2025-10-08
11882,AW00011882,Patrick,Stewart,M,,2025-10-08
11883,AW00011883,Hannah,Anderson,M,,2025-10-08
11884,AW00011884,Latoya,Shen,M,,2025-10-08
11885,AW00011885,Kurt,Sharma,M,,2025-10-08
11886,AW00011886,Katelyn,Parker,M,,2025-10-08
11887,AW00011887,Joseph,White,M,,2025-10-08
11888,AW00011888,Aaron,Ross,M,,2025-10-08
11889,AW00011889,Blake,Patterson,S,,2025-10-08
11890,AW00011890,Whitney,Lopez,M,,2025-10-08
11891,AW00011891,Jamie,Liang,M,,2025-10-08
11892,AW00011892,Julio,Ortega,M,,2025-10-08
11893,AW00011893,Orlando,Carlson,M,,2025-10-08
11894,AW00011894,Ann,Gonzalez,M,,2025-10-08
11895,AW00011895,Dustin,Chander,M,,2025-10-08
11896,AW00011896,Frank,Carlson,M,,2025-10-08
11897,AW00011897,Orlando,Ashe,S,,2025-10-08
11898,AW00011898,Angela,Henderson,M,,2025-10-08
11899,AW00011899,Brenda,Perez,S,,2025-10-08
11900,AW00011900,Byron,Carlson,S,,2025-10-08
11901,AW00011901,Stacy,Alvarez,S,,2025-10-08
11902,AW00011902,Drew,Pal,M,,2025-10-08
11903,AW00011903,Kate,Raji,S,,2025-10-08
11904,AW00011904,Kaylee,Cook,S,,2025-10-08
11905,AW00011905,Isaiah,Ramirez,S,,2025-10-08
11906,AW00011906,Gabriella,Sanders,M,,2025-10-08
11907,AW00011907,Sarah,Garcia,S,,2025-10-08
11908,AW00011908,Rafael,Tang,S,,2025-10-08
11909,AW00011909,Nichole,She,M,,2025-10-08
11910,AW00011910,Jaclyn,Zheng,M,,2025-10-08
11911,AW00011911,Rachael,Kapoor,M,,2025-10-08
11912,AW00011912,Rachael,Sai,S,,2025-10-08
11913,AW00011913,Rebecca,Robinson,M,,2025-10-08
11914,AW00011914,Meagan,Rana,S,,2025-10-08
11915,AW00011915,Philip,Carlson,S,,2025-10-08
11916,AW00011916,Joe,Rana,S,,2025-10-08
11917,AW00011917,Roy,Sanz,S,,2025-10-08
11918,AW00011918,Kaylee,Hill,M,,2025-10-08
11919,AW00011919,Warren,Andersen,M,,2025-10-08
11920,AW00011920,Adrienne,Gomez,S,,2025-10-08
11921,AW00011921,Gilbert,Zhu,M,,2025-10-08
11922,AW00011922,James,Davis,S,,2025-10-08
11923,AW00011923,Sarah,Bryant,M,,2025-10-08
11924,AW00011924,Ian,Long,S,,2025-10-08
11925,AW00011925,Ashlee,Jai,S,,2025-10-08
11926,AW00011926,Eduardo,Foster,S,,2025-10-08
11927,AW00011927,Nicole,Murphy,S,,2025-10-08
11928,AW00011928,Isabella,Morris,M,,2025-10-08
11929,AW00011929,Virginia,Gonzalez,S,,2025-10-08
11930,AW00011930,Jaclyn,Nara,M,,2025-10-08
11931,AW00011931,Marcus,Adams,S,,2025-10-08
11932,AW00011932,Elizabeth,Coleman,M,,2025-10-08
11933,AW00011933,Mathew,Rubio,S,,2025-10-08
11934,AW00011934,Justin,Shan,S,,2025-10-08
11935,AW00011935,Jessica,Taylor,S,,2025-10-08
11936,AW00011936,Hunter,Clark,M,,2025-10-08
11937,AW00011937,Devin,Perez,M,,2025-10-08
11938,AW00011938,Seth,Alexander,M,,2025-10-08
11939,AW00011939,Kevin,Washington,S,,2025-10-08
11940,AW00011940,Tyler,Miller,M,,2025-10-08
11941,AW00011941,Adam,Roberts,S,,2025-10-08
11942,AW00011942,George,Gonzalez,M,,2025-10-08
11943,AW00011943,Dawn,Huang,M,,2025-10-08
11944,AW00011944,Rachael,Rodriguez,S,,2025-10-08
11945,AW00011945,Dennis,Huang,M,,2025-10-08
11946,AW00011946,Brandy,Saunders,S,,2025-10-08
11947,AW00011947,Jenny,Zheng,S,,2025-10-08
11948,AW00011948,Tasha,Xu,M,,2025-10-08
11949,AW00011949,Julia,Brooks,S,,2025-10-08
11950,AW00011950,Jordan,Carter,M,,2025-10-08
11951,AW00011951,Lacey,Huang,M,,2025-10-08
11952,AW00011952,Dorothy,Robinson,S,,2025-10-08
11953,AW00011953,Courtney,Wright,S,,2025-10-08
11954,AW00011954,Joseph,Garcia,M,,2025-10-08
11955,AW00011955,Gabriel,Green,S,,2025-10-08
11956,AW00011956,Alexandria,Sandberg,S,,2025-10-08
11957,AW00011957,Courtney,Hernandez,S,,2025-10-08
11958,AW00011958,Dylan,Lal,S,,2025-10-08
11959,AW00011959,Elizabeth,Davis,S,,2025-10-08
11960,AW00011960,Ana,Griffin,S,,2025-10-08
11961,AW00011961,Anne,Alvarez,S,,2025-10-08
11962,AW00011962,Alexandra,Roberts,S,,2025-10-08
11963,AW00011963,Antonio,Patterson,M,,2025-10-08
11964,AW00011964,Sharon,Salavaria,S,,2025-10-08
11965,AW00011965,Katie,She,S,,2025-10-08
11966,AW00011966,Rafael,Black,S,,2025-10-08
11967,AW00011967,Latasha,Munoz,S,,2025-10-08
11968,AW00011968,Kelsey,Becker,S,,2025-10-08
11969,AW00011969,Randy,Xu,S,,2025-10-08
11970,AW00011970,Bailey,Collins,S,,2025-10-08
11971,AW00011971,Amanda,Adams,S,,2025-10-08
11972,AW00011972,Katherine,Williams,M,,2025-10-08
11973,AW00011973,Caroline,Barnes,S,,2025-10-08
11974,AW00011974,Randy,Sun,S,,2025-10-08
11975,AW00011975,Destiny,Garcia,S,,2025-10-08
11976,AW00011976,Audrey,Ramos,S,,2025-10-08
11977,AW00011977,Bonnie,Jai,M,,2025-10-08
11978,AW00011978,Jackson,Washington,M,,2025-10-08
11979,AW00011979,Christopher,Johnson,M,,2025-10-08
11980,AW00011980,Kimberly,Richardson,S,,2025-10-08
11981,AW00011981,Alexandria,Howard,S,,2025-10-08
11982,AW00011982,Alexandra,Foster,S,,2025-10-08
11983,AW00011983,Cheryl,Ortega,M,,2025-10-08
11984,AW00011984,Alex,Campbell,M,,2025-10-08
11985,AW00011985,Melanie,Hughes,M,,2025-10-08
11986,AW00011986,Max,Alvarez,S,,2025-10-08
11987,AW00011987,Diane,Vazquez,M,,2025-10-08
11988,AW00011988,Kathryn,Chapman,S,,2025-10-08
11989,AW00011989,Kara,Anand,S,,2025-10-08
11990,AW00011990,Joanna,Vazquez,S,,2025-10-08
11991,AW00011991,Frederick,Martinez,M,,2025-10-08
11992,AW00011992,Tonya,Chande,S,,2025-10-08
11993,AW00011993,Rosa,Wang,S,,2025-10-08
11994,AW00011994,Leah,Hu,S,,2025-10-08
11995,AW00011995,Kelvin,Carson,M,,2025-10-08
11996,AW00011996,Veronica,Srini,S,,2025-10-08
11997,AW00011997,Kristina,Kapoor,M,,2025-10-08
11998,AW00011998,Donna,Sharma,M,,2025-10-08
11999,AW00011999,Johnny,Shan,M,,2025-10-08
12000,AW00012000,Ashley,Russell,S,,2025-10-08
12001,AW00012001,Shannon,Yang,S,,2025-10-08
12002,AW00012002,Adriana,Lopez,S,,2025-10-08
12003,AW00012003,Audrey,Munoz,S,,2025-10-08
12004,AW00012004,Jarrod,Suri,S,,2025-10-08
12005,AW00012005,Gilbert,Shen,M,,2025-10-08
12006,AW00012006,Richard,Blue,M,,2025-10-08
12007,AW00012007,Shannon,Sun,M,,2025-10-08
12008,AW00012008,Sharon,Yuan,M,,2025-10-08
12009,AW00012009,Ann,Martinez,S,,2025-10-08
12010,AW00012010,Max,Serrano,M,,2025-10-08
12011,AW00012011,Morgan,Johnson,S,,2025-10-08
12012,AW00012012,Monica,Schmidt,M,,2025-10-08
12013,AW00012013,Kayla,Lewis,S,,2025-10-08
12014,AW00012014,Devin,Sanders,M,,2025-10-08
12015,AW00012015,Jacob,White,S,,2025-10-08
12016,AW00012016,Meredith,Serrano,S,,2025-10-08
12017,AW00012017,David,Simmons,M,,2025-10-08
12018,AW00012018,Devin,Henderson,M,,2025-10-08
12019,AW00012019,Gabrielle,Cox,S,,2025-10-08
12020,AW00012020,Olivia,Rogers,M,,2025-10-08
12021,AW00012021,Deborah,Yuan,S,,2025-10-08
12022,AW00012022,Jose,Wright,S,,2025-10-08
12023,AW00012023,Fernando,Johnson,S,,2025-10-08
12024,AW00012024,Samuel,Edwards,S,,2025-10-08
12025,AW00012025,Logan,Diaz,M,,2025-10-08
12026,AW00012026,Lucas,Flores,M,,2025-10-08
12027,AW00012027,Haley,Wood,M,,2025-10-08
12028,AW00012028,Sarah,Lewis,S,,2025-10-08
12029,AW00012029,Damien,Hu,M,,2025-10-08
12030,AW00012030,Ana,Washington,S,,2025-10-08
12031,AW00012031,Logan,Jai,S,,2025-10-08
12032,AW00012032,Tyler,Taylor,S,,2025-10-08
12033,AW00012033,Kristen,Guo,S,,2025-10-08
12034,AW00012034,Julian,Long,M,,2025-10-08
12035,AW00012035,Gerald,Prasad,M,,2025-10-08
12036,AW00012036,Summer,Lopez,M,,2025-10-08
12037,AW00012037,Patricia,Chapman,S,,2025-10-08
12038,AW00012038,George,Vance,S,,2025-10-08
12039,AW00012039,Ricardo,Nath,M,,2025-10-08
12040,AW00012040,Richard,Torres,M,,2025-10-08
12041,AW00012041,Seth,Martin,M,,2025-10-08
12042,AW00012042,Alex,Carter,M,,2025-10-08
12043,AW00012043,Carson,Patterson,M,,2025-10-08
12044,AW00012044,Madeline,Lopez,S,,2025-10-08
12045,AW00012045,Luis,Russell,S,,2025-10-08
12046,AW00012046,Alexa,Cook,S,,2025-10-08
12047,AW00012047,Alexandra,Davis,S,,2025-10-08
12048,AW00012048,Kayla,Coleman,S,,2025-10-08
12049,AW00012049,Angela,Russell,S,,2025-10-08
12050,AW00012050,Aaron,Young,S,,2025-10-08
12051,AW00012051,Isaiah,Scott,S,,2025-10-08
12052,AW00012052,Makayla,Ward,S,,2025-10-08
12053,AW00012053,Cedric,Gao,S,,2025-10-08
12054,AW00012054,Luke,Diaz,M,,2025-10-08
12055,AW00012055,Arianna,Richardson,M,,2025-10-08
12056,AW00012056,Ian,Ward,M,,2025-10-08
12057,AW00012057,Madeline,Collins,M,,2025-10-08
12058,AW00012058,Chloe,Nelson,M,,2025-10-08
12059,AW00012059,Jason,Jenkins,M,,2025-10-08
12060,AW00012060,Andrew,Wedge,S,,2025-10-08
12061,AW00012061,Bryce,Brooks,M,,2025-10-08
12062,AW00012062,Edward,Long,M,,2025-10-08
12063,AW00012063,Xavier,Martinez,M,,2025-10-08
12064,AW00012064,John,White,S,,2025-10-08
12065,AW00012065,Isaiah,Collins,M,,2025-10-08
12066,AW00012066,Wyatt,Powell,M,,2025-10-08
12067,AW00012067,Aaron,Bryant,S,,2025-10-08
12068,AW00012068,Maria,Jenkins,S,,2025-10-08
12069,AW00012069,Garrett,Kelly,M,,2025-10-08
12070,AW00012070,Luke,Ross,M,,2025-10-08
12071,AW00012071,Robert,Robinson,M,,2025-10-08
12072,AW00012072,Tristan,Ross,M,,2025-10-08
12073,AW00012073,Thomas,Rodriguez,M,,2025-10-08
12074,AW00012074,Megan,Jenkins,S,,2025-10-08
12075,AW00012075,Cameron,Griffin,S,,2025-10-08
12076,AW00012076,Chloe,Washington,M,,2025-10-08
12077,AW00012077,Nicole,Sandberg,S,,2025-10-08
12078,AW00012078,Jose,Edwards,M,,2025-10-08
12079,AW00012079,Nathaniel,Cooper,M,,2025-10-08
12080,AW00012080,Grace,Sanchez,S,,2025-10-08
12081,AW00012081,Kaitlyn,Perez,S,,2025-10-08
12082,AW00012082,Lauren,Sanchez,M,,2025-10-08
12083,AW00012083,Kayla,Alexander,M,,2025-10-08
12084,AW00012084,Aidan,Perry,M,,2025-10-08
12085,AW00012085,Tyler,Rodriguez,M,,2025-10-08
12086,AW00012086,Emily,Clark,S,,2025-10-08
12087,AW00012087,Sean,Cook,S,,2025-10-08
12088,AW00012088,Lauren,Thompson,S,,2025-10-08
12089,AW00012089,Nathaniel,Richardson,M,,2025-10-08
12090,AW00012090,Savannah,Carter,M,,2025-10-08
12091,AW00012091,Eddie,Munoz,M,,2025-10-08
12092,AW00012092,Austin,White,M,,2025-10-08
12093,AW00012093,Levi,Chandra,M,,2025-10-08
12094,AW00012094,Bailey,Bailey,M,,2025-10-08
12095,AW00012095,Austin,Griffin,M,,2025-10-08
12096,AW00012096,Caitlin,Brooks,M,,2025-10-08
12097,AW00012097,Sean,Allen,S,,2025-10-08
12098,AW00012098,Grace,Clark,S,,2025-10-08
12099,AW00012099,Sydney,Hall,S,,2025-10-08
12100,AW00012100,Jon,Sun,S,,2025-10-08
12101,AW00012101,Logan,Patterson,S,,2025-10-08
12102,AW00012102,Devin,Simmons,M,,2025-10-08
12103,AW00012103,Chloe,White,M,,2025-10-08
12104,AW00012104,Mariah,Ross,M,,2025-10-08
12105,AW00012105,Abigail,Foster,S,,2025-10-08
12106,AW00012106,Isaiah,Baker,M,,2025-10-08
12107,AW00012107,Nathan,Gonzales,M,,2025-10-08
12108,AW00012108,James,Walker,M,,2025-10-08
12109,AW00012109,Morgan,Foster,S,,2025-10-08
12110,AW00012110,Bianca,Guo,M,,2025-10-08
12111,AW00012111,Jacqueline,Gonzales,M,,2025-10-08
12112,AW00012112,Arianna,Henderson,M,,2025-10-08
12113,AW00012113,Nathan,Hughes,M,,2025-10-08
12114,AW00012114,Charles,Richardson,M,,2025-10-08
12115,AW00012115,Chloe,Richardson,S,,2025-10-08
12116,AW00012116,Amanda,Gray,S,,2025-10-08
12117,AW00012117,Cameron,Yang,M,,2025-10-08
12118,AW00012118,Miguel,Sanchez,M,,2025-10-08
12119,AW00012119,Keith,Raje,M,,2025-10-08
12120,AW00012120,Xavier,Simmons,M,,2025-10-08
12121,AW00012121,Logan,Wilson,S,,2025-10-08
12122,AW00012122,Destiny,Coleman,M,,2025-10-08
12123,AW00012123,Wesley,Liang,M,,2025-10-08
12124,AW00012124,Brandi,Gill,S,,2025-10-08
12125,AW00012125,Diana,Ortega,M,,2025-10-08
12126,AW00012126,Tammy,Raman,M,,2025-10-08
12127,AW00012127,Grace,Davis,M,,2025-10-08
12128,AW00012128,Kristy,Munoz,M,,2025-10-08
12129,AW00012129,Wendy,Alvarez,M,,2025-10-08
12130,AW00012130,Suzanne,Zhou,S,,2025-10-08
12131,AW00012131,Randall,Dominguez,M,,2025-10-08
12132,AW00012132,Kaitlyn,Henderson,M,,2025-10-08
12133,AW00012133,Colleen,Xie,M,,2025-10-08
12134,AW00012134,Hector,Alonso,M,,2025-10-08
12135,AW00012135,Fernando,Taylor,M,,2025-10-08
12136,AW00012136,Blake,Turner,M,,2025-10-08
12137,AW00012137,Jack,Green,M,,2025-10-08
12138,AW00012138,Colin,Jai,M,,2025-10-08
12139,AW00012139,Franklin,Yang,M,,2025-10-08
12140,AW00012140,Oscar,Russell,S,,2025-10-08
12141,AW00012141,Kaitlyn,Lee,S,,2025-10-08
12142,AW00012142,Gabriella,Torres,S,,2025-10-08
12143,AW00012143,Logan,Turner,M,,2025-10-08
12144,AW00012144,Kelly,Jenkins,M,,2025-10-08
12145,AW00012145,Brandon,Butler,M,,2025-10-08
12146,AW00012146,Xavier,Thomas,S,,2025-10-08
12147,AW00012147,Taylor,Patterson,M,,2025-10-08
12148,AW00012148,Gabrielle,Morris,S,,2025-10-08
12149,AW00012149,Bailey,Scott,M,,2025-10-08
12150,AW00012150,Logan,Wang,M,,2025-10-08
12151,AW00012151,Steven,Kelly,M,,2025-10-08
12152,AW00012152,Adrian,Ramirez,M,,2025-10-08
12153,AW00012153,Kaitlyn,Bailey,S,,2025-10-08
12154,AW00012154,Hailey,Adams,S,,2025-10-08
12155,AW00012155,Gabriella,Lopez,S,,2025-10-08
12156,AW00012156,Bonnie,Raji,M,,2025-10-08
12157,AW00012157,William,White,M,,2025-10-08
12158,AW00012158,Kyle,Phillips,M,,2025-10-08
12159,AW00012159,Kaitlyn,Scott,M,,2025-10-08
12160,AW00012160,Jaclyn,Zhang,S,,2025-10-08
12161,AW00012161,Alexandria,Rogers,M,,2025-10-08
12162,AW00012162,Luke,Mitchell,S,,2025-10-08
12163,AW00012163,Aaron,Wang,S,,2025-10-08
12164,AW00012164,Noah,Butler,M,,2025-10-08
12165,AW00012165,Caleb,Flores,M,,2025-10-08
12166,AW00012166,Jared,Rogers,M,,2025-10-08
12167,AW00012167,Sebastian,Stewart,S,,2025-10-08
12168,AW00012168,Hunter,Jackson,M,,2025-10-08
12169,AW00012169,Abigail,Howard,S,,2025-10-08
12170,AW00012170,Sara,Reed,M,,2025-10-08
12171,AW00012171,Alyssa,Cooper,S,,2025-10-08
12172,AW00012172,Eduardo,Alexander,S,,2025-10-08
12173,AW00012173,Dalton,Edwards,M,,2025-10-08
12174,AW00012174,Charles,Phillips,M,,2025-10-08
12175,AW00012175,Luke,Powell,S,,2025-10-08
12176,AW00012176,Cody,James,S,,2025-10-08
12177,AW00012177,Kevin,Campbell,S,,2025-10-08
12178,AW00012178,Ethan,Shan,M,,2025-10-08
12179,AW00012179,Alexis,Jones,S,,2025-10-08
12180,AW00012180,Holly,Mehta,S,,2025-10-08
12181,AW00012181,Katelyn,Sanders,M,,2025-10-08
12182,AW00012182,Erin,Torres,M,,2025-10-08
12183,AW00012183,Emily,Robinson,M,,2025-10-08
12184,AW00012184,Isaiah,Perez,M,,2025-10-08
12185,AW00012185,Kaitlyn,Patterson,S,,2025-10-08
12186,AW00012186,Bryant,Srini,S,,2025-10-08
12187,AW00012187,Ruben,Subram,M,,2025-10-08
12188,AW00012188,Ashley,Thomas,S,,2025-10-08
12189,AW00012189,Sophia,Wright,M,,2025-10-08
12190,AW00012190,Justin,Gonzales,S,,2025-10-08
12191,AW00012191,Melissa,Washington,M,,2025-10-08
12192,AW00012192,Jocelyn,Hayes,S,,2025-10-08
12193,AW00012193,Caleb,Simmons,S,,2025-10-08
12194,AW00012194,Destiny,Foster,S,,2025-10-08
12195,AW00012195,Erin,Morris,S,,2025-10-08
12196,AW00012196,Alexis,Miller,S,,2025-10-08
12197,AW00012197,Adam,Hernandez,M,,2025-10-08
12198,AW00012198,Noah,Scott,M,,2025-10-08
12199,AW00012199,Christina,Richardson,S,,2025-10-08
12200,AW00012200,Rafael,Sharma,M,,2025-10-08
12201,AW00012201,Mindy,Yuan,M,,2025-10-08
12202,AW00012202,Xavier,Ross,M,,2025-10-08
12203,AW00012203,Zachary,Hughes,M,,2025-10-08
12204,AW00012204,Bradley,Jai,M,,2025-10-08
12205,AW00012205,Madison,Long,S,,2025-10-08
12206,AW00012206,Sierra,Parker,M,,2025-10-08
12207,AW00012207,Samuel,Hill,S,,2025-10-08
12208,AW00012208,Dominique,Sanchez,M,,2025-10-08
12209,AW00012209,Mindy,Jai,M,,2025-10-08
12210,AW00012210,Alan,He,M,,2025-10-08
12211,AW00012211,Victor,Romero,M,,2025-10-08
12212,AW00012212,Shawna,Xie,M,,2025-10-08
12213,AW00012213,Alejandro,Lal,M,,2025-10-08
12214,AW00012214,Julie,Raje,M,,2025-10-08
12215,AW00012215,Karla,She,M,,2025-10-08
12216,AW00012216,Gerald,Rodriguez,M,,2025-10-08
12217,AW00012217,Kyle,Roberts,M,,2025-10-08
12218,AW00012218,Mitchell,Xu,M,,2025-10-08
12219,AW00012219,Kurt,Nara,M,,2025-10-08
12220,AW00012220,Virginia,Sara,M,,2025-10-08
12221,AW00012221,Brandi,Ruiz,M,,2025-10-08
12222,AW00012222,Jenny,Xu,M,,2025-10-08
12223,AW00012223,Felicia,Vazquez,M,,2025-10-08
12224,AW00012224,Tristan,Henderson,M,,2025-10-08
12225,AW00012225,Kathleen,Ortega,M,,2025-10-08
12226,AW00012226,Faith,Ward,M,,2025-10-08
12227,AW00012227,Kelsey,Raje,M,,2025-10-08
12228,AW00012228,Mayra,Martinez,M,,2025-10-08
12229,AW00012229,Kari,Gomez,M,,2025-10-08
12230,AW00012230,Wesley,Zheng,M,,2025-10-08
12231,AW00012231,Isabelle,Patterson,S,,2025-10-08
12232,AW00012232,Sean,Hernandez,S,,2025-10-08
12233,AW00012233,Jerry,Yuan,M,,2025-10-08
12234,AW00012234,Clarence,Zeng,M,,2025-10-08
12235,AW00012235,Donna,Rai,M,,2025-10-08
12236,AW00012236,Kendra,Gill,M,,2025-10-08
12237,AW00012237,Ruth,Madan,M,,2025-10-08
12238,AW00012238,Monica,Raman,M,,2025-10-08
12239,AW00012239,Alberto,Ramos,M,,2025-10-08
12240,AW00012240,Clayton,Sharma,S,,2025-10-08
12241,AW00012241,Kristine,Sandberg,S,,2025-10-08
12242,AW00012242,Gilbert,Liang,S,,2025-10-08
12243,AW00012243,Kristy,Rubio,S,,2025-10-08
12244,AW00012244,Amy,Huang,M,,2025-10-08
12245,AW00012245,Francisco,Gonzalez,S,,2025-10-08
12246,AW00012246,Shawn,Luo,M,,2025-10-08
12247,AW00012247,Brandy,Raman,S,,2025-10-08
12248,AW00012248,Devin,Taylor,S,,2025-10-08
12249,AW00012249,Jessie,Cai,M,,2025-10-08
12250,AW00012250,Andrea,Collins,S,,2025-10-08
12251,AW00012251,Troy,Suri,M,,2025-10-08
12252,AW00012252,Omar,Liu,M,,2025-10-08
12253,AW00012253,Jenny,Sun,S,,2025-10-08
12254,AW00012254,Calvin,Deng,S,,2025-10-08
12255,AW00012255,Robyn,Alvarez,S,,2025-10-08
12256,AW00012256,Wendy,Ramos,M,,2025-10-08
12257,AW00012257,Ross,Ruiz,M,,2025-10-08
12258,AW00012258,Jamie,Li,M,,2025-10-08
12259,AW00012259,Cindy,Madan,M,,2025-10-08
12260,AW00012260,Melinda,Romero,M,,2025-10-08
12261,AW00012261,Kaitlin,Sanchez,M,,2025-10-08
12262,AW00012262,Morgan,Sanchez,M,,2025-10-08
12263,AW00012263,Emmanuel,Garcia,S,,2025-10-08
12264,AW00012264,Bruce,Ashe,S,,2025-10-08
12265,AW00012265,Alan,Guo,S,,2025-10-08
12266,AW00012266,Tiffany,Lin,M,,2025-10-08
12267,AW00012267,Clifford,Garcia,S,,2025-10-08
12268,AW00012268,Edwin,Shan,M,,2025-10-08
12269,AW00012269,Warren,Zheng,M,,2025-10-08
12270,AW00012270,Ebony,Ramos,S,,2025-10-08
12271,AW00012271,Tyrone,Hernandez,M,,2025-10-08
12272,AW00012272,Justin,Alexander,M,,2025-10-08
12273,AW00012273,Nelson,Carlson,M,,2025-10-08
12274,AW00012274,Javier,Torres,S,,2025-10-08
12275,AW00012275,Adriana,Madan,S,,2025-10-08
12276,AW00012276,Alisha,Shan,M,,2025-10-08
12277,AW00012277,Beth,Ortega,S,,2025-10-08
12278,AW00012278,Meredith,Johnsen,S,,2025-10-08
12279,AW00012279,Mathew,Suarez,M,,2025-10-08
12280,AW00012280,Theresa,Alvarez,M,,2025-10-08
12281,AW00012281,Janelle,Sanchez,M,,2025-10-08
12282,AW00012282,Nicolas,Tang,S,,2025-10-08
12283,AW00012283,Todd,Zeng,S,,2025-10-08
12284,AW00012284,Cristina,Beck,M,,2025-10-08
12285,AW00012285,Bethany,Chande,S,,2025-10-08
12286,AW00012286,Nathan,Jenkins,S,,2025-10-08
12287,AW00012287,Andre,Arun,S,,2025-10-08
12288,AW00012288,Sara,Brooks,M,,2025-10-08
12289,AW00012289,Joseph,Taylor,S,,2025-10-08
12290,AW00012290,Kaylee,Morris,S,,2025-10-08
12291,AW00012291,Johnathan,Suri,S,,2025-10-08
12292,AW00012292,Nicolas,Kumar,M,,2025-10-08
12293,AW00012293,Tammy,Garcia,M,,2025-10-08
12294,AW00012294,Shane,Kovar,M,,2025-10-08
12295,AW00012295,Dwayne,Gomez,S,,2025-10-08
12296,AW00012296,Francisco,Sara,M,,2025-10-08
12297,AW00012297,Felicia,Blanco,S,,2025-10-08
12298,AW00012298,Crystal,Zeng,S,,2025-10-08
12299,AW00012299,Walter,Serrano,M,,2025-10-08
12300,AW00012300,Adriana,Gonzalez,S,,2025-10-08
12301,AW00012301,Nichole,Nara,S,,2025-10-08
12302,AW00012302,Kevin,Coleman,M,,2025-10-08
12303,AW00012303,Kristi,Alvarez,M,,2025-10-08
12304,AW00012304,Alejandro,Zhou,S,,2025-10-08
12305,AW00012305,Xavier,Bailey,M,,2025-10-08
12306,AW00012306,Logan,Parker,M,,2025-10-08
12307,AW00012307,Brad,She,M,,2025-10-08
12308,AW00012308,Margaret,He,M,,2025-10-08
12309,AW00012309,Omar,Raje,S,,2025-10-08
12310,AW00012310,Stacy,Munoz,S,,2025-10-08
12311,AW00012311,Stanley,Weber,S,,2025-10-08
12312,AW00012312,Jake,Zhao,M,,2025-10-08
12313,AW00012313,Jaime,Chande,S,,2025-10-08
12314,AW00012314,Jill,Suarez,M,,2025-10-08
12315,AW00012315,Ann,Rodriguez,M,,2025-10-08
12316,AW00012316,Alejandro,Luo,M,,2025-10-08
12317,AW00012317,Carl,She,M,,2025-10-08
12318,AW00012318,Kristina,Schmidt,M,,2025-10-08
12319,AW00012319,Shannon,Ye,M,,2025-10-08
12320,AW00012320,Cheryl,Alvarez,S,,2025-10-08
12321,AW00012321,Rosa,Hu,M,,2025-10-08
12322,AW00012322,Kari,Mehta,M,,2025-10-08
12323,AW00012323,Lawrence,Alonso,M,,2025-10-08
12324,AW00012324,Dale,Lal,S,,2025-10-08
12325,AW00012325,Gloria,Martin,M,,2025-10-08
12326,AW00012326,Glenn,Zhou,S,,2025-10-08
12327,AW00012327,Edwin,Liang,S,,2025-10-08
12328,AW00012328,Eugene,Zhao,S,,2025-10-08
12329,AW00012329,Bonnie,Shan,S,,2025-10-08
12330,AW00012330,Preston,Raman,M,,2025-10-08
12331,AW00012331,Meagan,Chandra,S,,2025-10-08
12332,AW00012332,Andres,Nara,M,,2025-10-08
12333,AW00012333,Terrance,Rodriguez,M,,2025-10-08
12334,AW00012334,Roy,Jimenez,M,,2025-10-08
12335,AW00012335,Francisco,Ashe,S,,2025-10-08
12336,AW00012336,Wyatt,Price,S,,2025-10-08
12337,AW00012337,Dustin,Goldstein,S,,2025-10-08
12338,AW00012338,Monica,Vance,S,,2025-10-08
12339,AW00012339,Clayton,Jai,S,,2025-10-08
12340,AW00012340,Stacy,Diaz,S,,2025-10-08
12341,AW00012341,Katie,Kumar,M,,2025-10-08
12342,AW00012342,Morgan,Young,M,,2025-10-08
12343,AW00012343,Gloria,Ruiz,M,,2025-10-08
12344,AW00012344,Dominique,Perez,S,,2025-10-08
12345,AW00012345,Alison,Raje,S,,2025-10-08
12346,AW00012346,Wesley,Gao,S,,2025-10-08
12347,AW00012347,Summer,Madan,M,,2025-10-08
12348,AW00012348,Jimmy,Vazquez,M,,2025-10-08
12349,AW00012349,Lacey,Yuan,S,,2025-10-08
12350,AW00012350,Logan,Hernandez,M,,2025-10-08
12351,AW00012351,Cara,Zhang,M,,2025-10-08
12352,AW00012352,Ramon,Zhang,M,,2025-10-08
12353,AW00012353,Joe,Ramos,M,,2025-10-08
12354,AW00012354,Lance,Ortega,M,,2025-10-08
12355,AW00012355,Monique,Ortega,S,,2025-10-08
12356,AW00012356,Julia,Wood,S,,2025-10-08
12357,AW00012357,Susan,Lu,S,,2025-10-08
12358,AW00012358,Lacey,Raje,M,,2025-10-08
12359,AW00012359,Veronica,Raman,M,,2025-10-08
12360,AW00012360,Mario,Goel,S,,2025-10-08
12361,AW00012361,Dana,Diaz,M,,2025-10-08
12362,AW00012362,Thomas,Harrison,S,,2025-10-08
12363,AW00012363,Kayla,Thompson,M,,2025-10-08
12364,AW00012364,Erin,Rogers,M,,2025-10-08
12365,AW00012365,Alex,Evans,M,,2025-10-08
12366,AW00012366,Stephanie,Cox,M,,2025-10-08
12367,AW00012367,Trinity,Townsend,S,,2025-10-08
12368,AW00012368,Rodney,Rubio,S,,2025-10-08
12369,AW00012369,Terrence,Lal,S,,2025-10-08
12370,AW00012370,Preston,Perez,M,,2025-10-08
12371,AW00012371,Stefanie,Subram,S,,2025-10-08
12372,AW00012372,Darren,Prasad,S,,2025-10-08
12373,AW00012373,Isaac,Gray,S,,2025-10-08
12374,AW00012374,Marie,Kapoor,S,,2025-10-08
12375,AW00012375,Jarrod,Raman,S,,2025-10-08
12376,AW00012376,Holly,Perez,S,,2025-10-08
12377,AW00012377,Christopher,Miller,S,,2025-10-08
12378,AW00012378,Brianna,Sanchez,S,,2025-10-08
12379,AW00012379,Bridget,Chande,S,,2025-10-08
12380,AW00012380,Omar,Yuan,S,,2025-10-08
12381,AW00012381,Johnny,Lal,M,,2025-10-08
12382,AW00012382,Tamara,Chen,S,,2025-10-08
12383,AW00012383,Albert,Gomez,S,,2025-10-08
12384,AW00012384,Jacquelyn,Gutierrez,M,,2025-10-08
12385,AW00012385,Tara,Raji,M,,2025-10-08
12386,AW00012386,Katherine,Perry,S,,2025-10-08
12387,AW00012387,Meredith,Vazquez,S,,2025-10-08
12388,AW00012388,Casey,Kumar,S,,2025-10-08
12389,AW00012389,Albert,Jiménez,S,,2025-10-08
12390,AW00012390,Denise,Martinez,S,,2025-10-08
12391,AW00012391,Olivia,Kelly,S,,2025-10-08
12392,AW00012392,Nichole,Nath,S,,2025-10-08
12393,AW00012393,Brenda,Sai,S,,2025-10-08
12394,AW00012394,Erika,Serrano,S,,2025-10-08
12395,AW00012395,Kyle,Carter,S,,2025-10-08
12396,AW00012396,Susan,Yang,S,,2025-10-08
12397,AW00012397,Shaun,Chapman,S,,2025-10-08
12398,AW00012398,Ashley,Clark,S,,2025-10-08
12399,AW00012399,Henry,Chapman,S,,2025-10-08
12400,AW00012400,Andy,Martin,S,,2025-10-08
12401,AW00012401,Kimberly,Rivera,S,,2025-10-08
12402,AW00012402,Albert,Moreno,S,,2025-10-08
12403,AW00012403,Henry,Young,S,,2025-10-08
12404,AW00012404,Krystal,Liang,S,,2025-10-08
12405,AW00012405,Cole,Sanchez,S,,2025-10-08
12406,AW00012406,Ross,Gutierrez,S,,2025-10-08
12407,AW00012407,Shawn,Raji,S,,2025-10-08
12408,AW00012408,Jon,Lu,S,,2025-10-08
12409,AW00012409,Savannah,Hill,S,,2025-10-08
12410,AW00012410,Mariah,Richardson,S,,2025-10-08
12411,AW00012411,Kevin,Alexander,S,,2025-10-08
12412,AW00012412,Mackenzie,Wright,M,,2025-10-08
12413,AW00012413,James,Gonzales,S,,2025-10-08
12414,AW00012414,Ethan,Lal,S,,2025-10-08
12415,AW00012415,Brianna,Richardson,S,,2025-10-08
12416,AW00012416,Veronica,Martinez,S,,2025-10-08
12417,AW00012417,Alexis,Bryant,S,,2025-10-08
12418,AW00012418,Robert,Hernandez,S,,2025-10-08
12419,AW00012419,Destiny,Bell,M,,2025-10-08
12420,AW00012420,Spencer,Hayes,M,,2025-10-08
12421,AW00012421,Cameron,Hughes,M,,2025-10-08
12422,AW00012422,Hailey,Evans,M,,2025-10-08
12423,AW00012423,Sarah,Thompson,S,,2025-10-08
12424,AW00012424,Rebecca,Mitchell,M,,2025-10-08
12425,AW00012425,Brandon,White,M,,2025-10-08
12426,AW00012426,Cody,Cox,M,,2025-10-08
12427,AW00012427,Kimberly,Stewart,M,,2025-10-08
12428,AW00012428,Sean,Morris,M,,2025-10-08
12429,AW00012429,Melvin,Black,M,,2025-10-08
12430,AW00012430,Kaitlyn,Thompson,M,,2025-10-08
12431,AW00012431,Wyatt,Thomas,M,,2025-10-08
12432,AW00012432,Nathan,Clark,M,,2025-10-08
12433,AW00012433,Antonio,Price,M,,2025-10-08
12434,AW00012434,Thomas,Kumar,M,,2025-10-08
12435,AW00012435,Christy,Zhou,M,,2025-10-08
12436,AW00012436,Albert,Diaz,M,,2025-10-08
12437,AW00012437,Jeremy,Young,M,,2025-10-08
12438,AW00012438,Bailey,Rogers,S,,2025-10-08
12439,AW00012439,Megan,Bennett,M,,2025-10-08
12440,AW00012440,Francisco,Chandra,M,,2025-10-08
12441,AW00012441,Trevor,Simmons,M,,2025-10-08
12442,AW00012442,Allison,Richardson,M,,2025-10-08
12443,AW00012443,Garrett,James,M,,2025-10-08
12444,AW00012444,Mackenzie,Phillips,M,,2025-10-08
12445,AW00012445,Cameron,Taylor,M,,2025-10-08
12446,AW00012446,Jasmine,Hall,M,,2025-10-08
12447,AW00012447,Carson,Hayes,M,,2025-10-08
12448,AW00012448,Hailey,Cox,S,,2025-10-08
12449,AW00012449,Dylan,Brown,S,,2025-10-08
12450,AW00012450,Cody,Cook,M,,2025-10-08
12451,AW00012451,Anna,Simmons,S,,2025-10-08
12452,AW00012452,Sean,Sanchez,M,,2025-10-08
12453,AW00012453,Madison,Bennett,S,,2025-10-08
12454,AW00012454,Samuel,Griffin,M,,2025-10-08
12455,AW00012455,Benjamin,Lewis,M,,2025-10-08
12456,AW00012456,Thomas,Chen,M,,2025-10-08
12457,AW00012457,Misty,Rai,S,,2025-10-08
12458,AW00012458,Veronica,Sanchez,M,,2025-10-08
12459,AW00012459,Stefanie,Rodriguez,S,,2025-10-08
12460,AW00012460,Dominique,Malhotra,S,,2025-10-08
12461,AW00012461,Ruth,Suri,M,,2025-10-08
12462,AW00012462,Levi,Suri,M,,2025-10-08
12463,AW00012463,Todd,Huang,M,,2025-10-08
12464,AW00012464,Jared,Cook,S,,2025-10-08
12465,AW00012465,Cassandra,Patel,M,,2025-10-08
12466,AW00012466,Willie,He,M,,2025-10-08
12467,AW00012467,Jennifer,Jones,S,,2025-10-08
12468,AW00012468,Wayne,Nath,M,,2025-10-08
12469,AW00012469,Shane,Srini,M,,2025-10-08
12470,AW00012470,Barbara,He,M,,2025-10-08
12471,AW00012471,Lacey,Zeng,M,,2025-10-08
12472,AW00012472,Jeffery,Zhang,M,,2025-10-08
12473,AW00012473,Sergio,Sai,M,,2025-10-08
12474,AW00012474,Tammy,Chandra,M,,2025-10-08
12475,AW00012475,Logan,Carter,S,,2025-10-08
12476,AW00012476,Rodney,Jimenez,S,,2025-10-08
12477,AW00012477,Robin,Gill,M,,2025-10-08
12478,AW00012478,Ruben,Mehta,S,,2025-10-08
12479,AW00012479,Priscilla,Tang,M,,2025-10-08
12480,AW00012480,Meredith,Alvarez,S,,2025-10-08
12481,AW00012481,Victor,Diaz,S,,2025-10-08
12482,AW00012482,Jerome,Browning,S,,2025-10-08
12483,AW00012483,Amanda,Perez,S,,2025-10-08
12484,AW00012484,Lori,Suarez,S,,2025-10-08
12485,AW00012485,Veronica,Subram,S,,2025-10-08
12486,AW00012486,Kristen,Ye,S,,2025-10-08
12487,AW00012487,Willie,Zhu,S,,2025-10-08
12488,AW00012488,Jay,Garcia,S,,2025-10-08
12489,AW00012489,Wayne,Rai,M,,2025-10-08
12490,AW00012490,Trisha,He,M,,2025-10-08
12491,AW00012491,Alvin,Huang,M,,2025-10-08
12492,AW00012492,Brittany,Price,S,,2025-10-08
12493,AW00012493,Dwayne,Vazquez,M,,2025-10-08
12494,AW00012494,Abby,Sandberg,M,,2025-10-08
12495,AW00012495,Lucas,Miller,S,,2025-10-08
12496,AW00012496,Melanie,Cox,M,,2025-10-08
12497,AW00012497,Ashlee,Kumar,M,,2025-10-08
12498,AW00012498,Eduardo,Diaz,M,,2025-10-08
12499,AW00012499,Heather,Wang,S,,2025-10-08
12500,AW00012500,Kathleen,Vazquez,S,,2025-10-08
12501,AW00012501,Cory,Sai,S,,2025-10-08
12502,AW00012502,Darren,Sanchez,S,,2025-10-08
12503,AW00012503,Casey,Shen,S,,2025-10-08
12504,AW00012504,Arthur,Gutierrez,M,,2025-10-08
12505,AW00012505,Dalton,Martin,M,,2025-10-08
12506,AW00012506,Preston,Sanchez,M,,2025-10-08
12507,AW00012507,Ian,Bell,M,,2025-10-08
12508,AW00012508,Nichole,Anand,M,,2025-10-08
12509,AW00012509,Marc,Ferrier,M,,2025-10-08
12510,AW00012510,Roberto,Sanz,M,,2025-10-08
12511,AW00012511,Grant,Chander,S,,2025-10-08
12512,AW00012512,Carolyn,Gomez,M,,2025-10-08
12513,AW00012513,Austin,Thompson,S,,2025-10-08
12514,AW00012514,Lacey,Becker,S,,2025-10-08
12515,AW00012515,Shelby,Bailey,S,,2025-10-08
12516,AW00012516,Shawna,Chander,S,,2025-10-08
12517,AW00012517,Alexa,Watson,S,,2025-10-08
12518,AW00012518,Jacquelyn,Dominguez,S,,2025-10-08
12519,AW00012519,Casey,Gutierrez,S,,2025-10-08
12520,AW00012520,Seth,Jackson,S,,2025-10-08
12521,AW00012521,Meredith,Dominguez,S,,2025-10-08
12522,AW00012522,Brandy,Sanchez,S,,2025-10-08
12523,AW00012523,Steve,Wagner,S,,2025-10-08
12524,AW00012524,Kate,Shan,S,,2025-10-08
12525,AW00012525,Chelsea,Rodriguez,M,,2025-10-08
12526,AW00012526,Michele,Suarez,M,,2025-10-08
12527,AW00012527,José,Rodriguez,M,,2025-10-08
12528,AW00012528,Devin,Wilson,S,,2025-10-08
12529,AW00012529,Isaiah,Allen,M,,2025-10-08
12530,AW00012530,Isabel,Coleman,S,,2025-10-08
12531,AW00012531,Autumn,Xu,S,,2025-10-08
12532,AW00012532,Jose,Carter,M,,2025-10-08
12533,AW00012533,Luis,Washington,M,,2025-10-08
12534,AW00012534,Katie,Shan,M,,2025-10-08
12535,AW00012535,Clifford,Kapoor,S,,2025-10-08
12536,AW00012536,Javier,Dominguez,M,,2025-10-08
12537,AW00012537,Terrence,Luo,M,,2025-10-08
12538,AW00012538,Paula,Blanco,M,,2025-10-08
12539,AW00012539,Marc,Dominguez,S,,2025-10-08
12540,AW00012540,Levi,Sara,M,,2025-10-08
12541,AW00012541,Jonathan,Zhang,M,,2025-10-08
12542,AW00012542,Preston,Patel,M,,2025-10-08
12543,AW00012543,Ruben,Alvarez,M,,2025-10-08
12544,AW00012544,Bruce,Jordan,M,,2025-10-08
12545,AW00012545,Marc,Ruiz,M,,2025-10-08
12546,AW00012546,Clarence,Andersen,S,,2025-10-08
12547,AW00012547,Bradley,Nara,M,,2025-10-08
12548,AW00012548,Alexandra,Collins,S,,2025-10-08
12549,AW00012549,Donna,Xie,S,,2025-10-08
12550,AW00012550,Austin,Diaz,M,,2025-10-08
12551,AW00012551,Julio,Ramos,M,,2025-10-08
12552,AW00012552,Bruce,Torres,M,,2025-10-08
12553,AW00012553,Toni,Fernandez,M,,2025-10-08
12554,AW00012554,Barry,Rodriguez,M,,2025-10-08
12555,AW00012555,Edgar,Malhotra,M,,2025-10-08
12556,AW00012556,Manuel,Kapoor,M,,2025-10-08
12557,AW00012557,Phillip,Lopez,M,,2025-10-08
12558,AW00012558,Amanda,Evans,M,,2025-10-08
12559,AW00012559,Emmanuel,Lopez,M,,2025-10-08
12560,AW00012560,Mandy,Gao,M,,2025-10-08
12561,AW00012561,Trisha,Lin,S,,2025-10-08
12562,AW00012562,Kristina,Chandra,M,,2025-10-08
12563,AW00012563,Alejandro,Lin,M,,2025-10-08
12564,AW00012564,Marshall,Yang,M,,2025-10-08
12565,AW00012565,Kendra,Gutierrez,M,,2025-10-08
12566,AW00012566,Omar,Yang,M,,2025-10-08
12567,AW00012567,Carmen,Arthur,M,,2025-10-08
12568,AW00012568,Stacey,Ye,M,,2025-10-08
12569,AW00012569,Kristin,Rai,M,,2025-10-08
12570,AW00012570,Casey,Munoz,S,,2025-10-08
12571,AW00012571,Jennifer,Green,M,,2025-10-08
12572,AW00012572,Alisha,Chander,S,,2025-10-08
12573,AW00012573,Grant,Rai,S,,2025-10-08
12574,AW00012574,Derek,Raje,S,,2025-10-08
12575,AW00012575,Jaclyn,Shen,S,,2025-10-08
12576,AW00012576,Walter,Dominguez,S,,2025-10-08
12577,AW00012577,Francis,Sanz,S,,2025-10-08
12578,AW00012578,Gavin,Perry,S,,2025-10-08
12579,AW00012579,Lydia,Sanchez,S,,2025-10-08
12580,AW00012580,Cedric,She,S,,2025-10-08
12581,AW00012581,Kristina,Fernandez,S,,2025-10-08
12582,AW00012582,Carmen,Sara,S,,2025-10-08
12583,AW00012583,Tyrone,Ortega,S,,2025-10-08
12584,AW00012584,Brittney,Ma,S,,2025-10-08
12585,AW00012585,Ian,Martinez,M,,2025-10-08
12586,AW00012586,Kellie,Hernandez,S,,2025-10-08
12587,AW00012587,Danny,Travers,S,,2025-10-08
12588,AW00012588,Tracy,Chande,S,,2025-10-08
12589,AW00012589,Ruben,Rodriguez,M,,2025-10-08
12590,AW00012590,Mario,Chander,S,,2025-10-08
12591,AW00012591,Meredith,Madan,M,,2025-10-08
12592,AW00012592,Amy,Li,M,,2025-10-08
12593,AW00012593,Benjamin,Zhang,S,,2025-10-08
12594,AW00012594,Sandra,Gao,M,,2025-10-08
12595,AW00012595,Mathew,Blanco,S,,2025-10-08
12596,AW00012596,Armando,Romero,M,,2025-10-08
12597,AW00012597,Franklin,Zhang,M,,2025-10-08
12598,AW00012598,Alexandra,Bryant,M,,2025-10-08
12599,AW00012599,Jillian,Fernandez,M,,2025-10-08
12600,AW00012600,Larry,Romero,M,,2025-10-08
12601,AW00012601,Randy,Zhang,M,,2025-10-08
12602,AW00012602,Francisco,Srini,M,,2025-10-08
12603,AW00012603,Cole,Reed,S,,2025-10-08
12604,AW00012604,Nathan,Lee,M,,2025-10-08
12605,AW00012605,Carol,Cooper,M,,2025-10-08
12606,AW00012606,Arthur,Van,M,,2025-10-08
12607,AW00012607,Tamara,Zhu,M,,2025-10-08
12608,AW00012608,Brett,Sanchez,M,,2025-10-08
12609,AW00012609,Linda,Carlson,M,,2025-10-08
12610,AW00012610,Wendy,Gutierrez,M,,2025-10-08
12611,AW00012611,Manuel,Sara,S,,2025-10-08
12612,AW00012612,Shannon,Torres,S,,2025-10-08
12613,AW00012613,Joel,Prasad,M,,2025-10-08
12614,AW00012614,Lance,Gill,S,,2025-10-08
12615,AW00012615,Nathan,Hill,S,,2025-10-08
12616,AW00012616,Kelsey,Tang,S,,2025-10-08
12617,AW00012617,Jake,Ma,M,,2025-10-08
12618,AW00012618,Dawn,Lal,M,,2025-10-08
12619,AW00012619,Priscilla,Rai,M,,2025-10-08
12620,AW00012620,Maurice,Lal,M,,2025-10-08
12621,AW00012621,Barry,Martinez,M,,2025-10-08
12622,AW00012622,Micheal,Rubio,M,,2025-10-08
12623,AW00012623,Jesse,Sanchez,M,,2025-10-08
12624,AW00012624,Jamie,Xu,M,,2025-10-08
12625,AW00012625,Carly,Andersen,M,,2025-10-08
12626,AW00012626,Cassie,Lal,M,,2025-10-08
12627,AW00012627,Leah,Zheng,S,,2025-10-08
12628,AW00012628,Arturo,Ma,M,,2025-10-08
12629,AW00012629,Russell,Nara,S,,2025-10-08
12630,AW00012630,Kevin,Simmons,M,,2025-10-08
12631,AW00012631,Clarence,Gao,S,,2025-10-08
12632,AW00012632,Bonnie,Nath,M,,2025-10-08
12633,AW00012633,Shannon,Suarez,M,,2025-10-08
12634,AW00012634,Derrick,Ruiz,M,,2025-10-08
12635,AW00012635,Brad,Beck,S,,2025-10-08
12636,AW00012636,Tamer,Salah,M,,2025-10-08
12637,AW00012637,Leonard,Nath,M,,2025-10-08
12638,AW00012638,Sebastian,Brooks,M,,2025-10-08
12639,AW00012639,Ruben,Lopez,S,,2025-10-08
12640,AW00012640,Angel,Richardson,M,,2025-10-08
12641,AW00012641,Willie,Raje,M,,2025-10-08
12642,AW00012642,Jimmy,Carlson,M,,2025-10-08
12643,AW00012643,Kristina,Perez,M,,2025-10-08
12644,AW00012644,Rachel,Reed,M,,2025-10-08
12645,AW00012645,Audrey,Ruiz,M,,2025-10-08
12646,AW00012646,Kenneth,Xu,S,,2025-10-08
12647,AW00012647,Colleen,Anand,M,,2025-10-08
12648,AW00012648,Lori,Dominguez,M,,2025-10-08
12649,AW00012649,Omar,Goel,M,,2025-10-08
12650,AW00012650,Aaron,Wright,M,,2025-10-08
12651,AW00012651,Martin,Malhotra,S,,2025-10-08
12652,AW00012652,Carolyn,Martin,M,,2025-10-08
12653,AW00012653,Nichole,Andersen,M,,2025-10-08
12654,AW00012654,Briana,Gill,M,,2025-10-08
12655,AW00012655,Larry,Vazquez,M,,2025-10-08
12656,AW00012656,Blake,Roberts,M,,2025-10-08
12657,AW00012657,Audrey,Blanco,M,,2025-10-08
12658,AW00012658,Joy,Gomez,M,,2025-10-08
12659,AW00012659,Damien,Chande,M,,2025-10-08
12660,AW00012660,Toni,Sanchez,M,,2025-10-08
12661,AW00012661,Deborah,Pal,M,,2025-10-08
12662,AW00012662,Jessie,Huang,M,,2025-10-08
12663,AW00012663,Morgan,Adams,M,,2025-10-08
12664,AW00012664,Krista,Gill,M,,2025-10-08
12665,AW00012665,Joy,Suarez,M,,2025-10-08
12666,AW00012666,Jessie,Zhu,S,,2025-10-08
12667,AW00012667,Maria,Wood,M,,2025-10-08
12668,AW00012668,Melissa,Patterson,S,,2025-10-08
12669,AW00012669,Irving,Schmidt,S,,2025-10-08
12670,AW00012670,Sarah,Martinez,S,,2025-10-08
12671,AW00012671,Alan,Huang,S,,2025-10-08
12672,AW00012672,Carson,Butler,S,,2025-10-08
12673,AW00012673,Colin,Stone,M,,2025-10-08
12674,AW00012674,Jimmy,Travers,M,,2025-10-09
12675,AW00012675,Holly,Fernandez,S,,2025-10-10
12676,AW00012676,Michele,Madan,S,,2025-10-11
12677,AW00012677,Cedric,Liu,M,,2025-10-12
12678,AW00012678,Dana,Serrano,S,,2025-10-12
12679,AW00012679,Stacy,Gill,M,,2025-10-12
12680,AW00012680,George,Sanchez,S,,2025-10-12
12681,AW00012681,Christy,Chow,S,,2025-10-12
12682,AW00012682,Kari,Subram,M,,2025-10-12
12683,AW00012683,Laura,Zhou,S,,2025-10-12
12684,AW00012684,Shaun,Shen,M,,2025-10-12
12685,AW00012685,Jaclyn,Xu,M,,2025-10-12
12686,AW00012686,Trisha,Zhou,S,,2025-10-12
12687,AW00012687,Marshall,Li,S,,2025-10-12
12688,AW00012688,Stacy,Navarro,S,,2025-10-12
12689,AW00012689,Tamara,Pal,S,,2025-10-12
12690,AW00012690,Roger,Zhang,M,,2025-10-12
12691,AW00012691,Rafael,Andersen,M,,2025-10-12
12692,AW00012692,Glenn,Lu,S,,2025-10-12
12693,AW00012693,Ruth,Gonzalez,M,,2025-10-12
12694,AW00012694,Jay,Arthur,S,,2025-10-12
12695,AW00012695,Kari,Ruiz,M,,2025-10-12
12696,AW00012696,Stacey,Hu,M,,2025-10-12
12697,AW00012697,Brenda,Stone,S,,2025-10-12
12698,AW00012698,Mohamed,Pal,M,,2025-10-12
12699,AW00012699,Amy,Chow,M,,2025-10-12
12700,AW00012700,Mindy,Kumar,M,,2025-10-12
12701,AW00012701,Gary,Gutierrez,M,,2025-10-12
12702,AW00012702,Yolanda,Shan,M,,2025-10-12
12703,AW00012703,Renee,Suarez,M,,2025-10-12
12704,AW00012704,Barbara,Nara,M,,2025-10-12
12705,AW00012705,Andre,Garcia,M,,2025-10-12
12706,AW00012706,Louis,Liang,M,,2025-10-12
12707,AW00012707,Ian,Lewis,M,,2025-10-12
12708,AW00012708,Bonnie,Pal,M,,2025-10-12
12709,AW00012709,Ian,Rodriguez,M,,2025-10-12
12710,AW00012710,Dalton,Evans,S,,2025-10-12
12711,AW00012711,Heather,Zheng,S,,2025-10-12
12712,AW00012712,Arthur,Romero,S,,2025-10-12
12713,AW00012713,Deborah,Xie,S,,2025-10-12
12714,AW00012714,Colleen,Lu,S,,2025-10-12
12715,AW00012715,Eddie,Gill,M,,2025-10-12
12716,AW00012716,Dale,Shen,S,,2025-10-12
12717,AW00012717,Hannah,Wood,M,,2025-10-12
12718,AW00012718,Tammy,Sai,S,,2025-10-12
12719,AW00012719,Cheryl,Ruiz,S,,2025-10-12
12720,AW00012720,Nicolas,Chande,S,,2025-10-12
12721,AW00012721,Rebekah,Martinez,S,,2025-10-12
12722,AW00012722,Latasha,Gomez,S,,2025-10-12
12723,AW00012723,Kurt,Jai,M,,2025-10-12
12724,AW00012724,Eddie,Martin,S,,2025-10-12
12725,AW00012725,Gabrielle,James,M,,2025-10-12
12726,AW00012726,Kurt,Goel,S,,2025-10-12
12727,AW00012727,Amanda,Ross,S,,2025-10-12
12728,AW00012728,Jeremiah,Stewart,S,,2025-10-12
12729,AW00012729,Jose,Perry,S,,2025-10-12
12730,AW00012730,Karla,Becker,S,,2025-10-12
12731,AW00012731,Steven,Murphy,S,,2025-10-12
12732,AW00012732,Todd,Guo,S,,2025-10-12
12733,AW00012733,Lacey,Cai,S,,2025-10-12
12734,AW00012734,Margaret,Zhou,S,,2025-10-12
12735,AW00012735,Donald,Mehta,S,,2025-10-12
12736,AW00012736,Diana,Ruiz,S,,2025-10-12
12737,AW00012737,Brett,Chandra,S,,2025-10-12
12738,AW00012738,Melinda,Rubio,M,,2025-10-12
12739,AW00012739,Evan,Young,M,,2025-10-12
12740,AW00012740,Kathryn,Goel,S,,2025-10-12
12741,AW00012741,Raymond,Sam,S,,2025-10-12
12742,AW00012742,Samantha,Martinez,S,,2025-10-12
12743,AW00012743,Carl,Kumar,M,,2025-10-12
12744,AW00012744,Anna,Moore,S,,2025-10-12
12745,AW00012745,Rafael,Wu,S,,2025-10-12
12746,AW00012746,Juan,Torres,S,,2025-10-12
12747,AW00012747,Colleen,Hu,S,,2025-10-12
12748,AW00012748,Grace,Bell,S,,2025-10-12
12749,AW00012749,Miguel,Lee,S,,2025-10-12
12750,AW00012750,Teresa,Vazquez,S,,2025-10-12
12751,AW00012751,Priscilla,Xu,S,,2025-10-12
12752,AW00012752,Jonathon,Alvarez,S,,2025-10-12
12753,AW00012753,Ramon,Zhao,S,,2025-10-12
12754,AW00012754,Lindsey,Deng,M,,2025-10-12
12755,AW00012755,Chloe,Hughes,S,,2025-10-12
12756,AW00012756,Antonio,Butler,S,,2025-10-12
12757,AW00012757,Sara,Ramirez,S,,2025-10-12
12758,AW00012758,Stephanie,Ramirez,M,,2025-10-12
12759,AW00012759,Jada,Sanders,M,,2025-10-12
12760,AW00012760,Krista,Gomez,S,,2025-10-12
12761,AW00012761,Alexandra,Richardson,S,,2025-10-12
12762,AW00012762,Jonathan,Smith,M,,2025-10-12
12763,AW00012763,Chloe,Russell,M,,2025-10-12
12764,AW00012764,Alexandra,Harris,M,,2025-10-12
12765,AW00012765,Robyn,Gill,M,,2025-10-12
12766,AW00012766,Jordyn,Bryant,M,,2025-10-12
12767,AW00012767,Christopher,Robinson,M,,2025-10-12
12768,AW00012768,Johnathan,Chapman,M,,2025-10-12
12769,AW00012769,Thomas,Zhang,M,,2025-10-12
12770,AW00012770,Charles,Evans,M,,2025-10-12
12771,AW00012771,Morgan,Thomas,M,,2025-10-12
12772,AW00012772,Abigail,Clark,M,,2025-10-12
12773,AW00012773,Samantha,Taylor,M,,2025-10-12
12774,AW00012774,Kristen,Gao,M,,2025-10-12
12775,AW00012775,Connor,Griffin,M,,2025-10-12
12776,AW00012776,Blake,Campbell,M,,2025-10-12
12777,AW00012777,Joseph,Anderson,M,,2025-10-12
12778,AW00012778,Connie,Morgan,M,,2025-10-12
12779,AW00012779,Mason,Rogers,M,,2025-10-12
12780,AW00012780,Jeremy,Richardson,M,,2025-10-12
12781,AW00012781,Emma,James,M,,2025-10-12
12782,AW00012782,Elizabeth,Long,M,,2025-10-12
12783,AW00012783,Jerome,Gutierrez,M,,2025-10-12
12784,AW00012784,Jonathan,Campbell,M,,2025-10-12
12785,AW00012785,Javier,Ortega,M,,2025-10-12
12786,AW00012786,James,Yang,M,,2025-10-12
12787,AW00012787,Katelyn,Cook,S,,2025-10-12
12788,AW00012788,Amanda,Nelson,M,,2025-10-12
12789,AW00012789,Jamie,Zeng,M,,2025-10-12
12790,AW00012790,Brandon,Kumar,S,,2025-10-12
12791,AW00012791,Angelica,Foster,S,,2025-10-12
12792,AW00012792,Blake,White,M,,2025-10-12
12793,AW00012793,Jessie,Guo,M,,2025-10-12
12794,AW00012794,Megan,Jackson,S,,2025-10-12
12795,AW00012795,Antonio,Foster,M,,2025-10-12
12796,AW00012796,Jason,Zhang,M,,2025-10-12
12797,AW00012797,Patrick,Howard,S,,2025-10-12
12798,AW00012798,Andy,Gutierrez,M,,2025-10-12
12799,AW00012799,George,Chandra,M,,2025-10-12
12800,AW00012800,Lacey,Chen,M,,2025-10-12
12801,AW00012801,Melody,Browning,S,,2025-10-12
12802,AW00012802,Alan,Sun,S,,2025-10-12
12803,AW00012803,Heather,Li,M,,2025-10-12
12804,AW00012804,Jaclyn,Chander,S,,2025-10-12
12805,AW00012805,Marvin,Moreno,M,,2025-10-12
12806,AW00012806,Ronnie,Zeng,M,,2025-10-12
12807,AW00012807,Nina,Kumar,S,,2025-10-12
12808,AW00012808,Marc,Schmidt,M,,2025-10-12
12809,AW00012809,Michele,Navarro,M,,2025-10-12
12810,AW00012810,Chase,Stewart,M,,2025-10-12
12811,AW00012811,Marc,Serrano,S,,2025-10-12
12812,AW00012812,Brandi,Sanz,M,,2025-10-12
12813,AW00012813,Reginald,Ramos,M,,2025-10-12
12814,AW00012814,Casey,Sharma,S,,2025-10-12
12815,AW00012815,Dominique,Mehta,M,,2025-10-12
12816,AW00012816,Tammy,Mehta,S,,2025-10-12
12817,AW00012817,Theodore,Suarez,S,,2025-10-12
12818,AW00012818,Curtis,She,M,,2025-10-12
12819,AW00012819,Nicolas,Chander,S,,2025-10-12
12820,AW00012820,Derek,Tang,S,,2025-10-12
12821,AW00012821,Cesar,McDonald,M,,2025-10-12
12822,AW00012822,Alexandra,James,M,,2025-10-12
12823,AW00012823,Bethany,She,M,,2025-10-12
12824,AW00012824,Kristopher,Subram,S,,2025-10-12
12825,AW00012825,Kelvin,Hu,M,,2025-10-12
12826,AW00012826,Caleb,Gonzalez,S,,2025-10-12
12827,AW00012827,Nicolas,Raje,S,,2025-10-12
12828,AW00012828,Carol,Rubio,S,,2025-10-12
12829,AW00012829,Micah,Li,S,,2025-10-12
12830,AW00012830,Russell,Raje,S,,2025-10-12
12831,AW00012831,Kathryn,Lal,S,,2025-10-12
12832,AW00012832,Douglas,Prasad,S,,2025-10-12
12833,AW00012833,Sheena,Goel,S,,2025-10-12
12834,AW00012834,Kelsey,Xie,M,,2025-10-12
12835,AW00012835,Karl,Yuan,S,,2025-10-12
12836,AW00012836,Rodney,Munoz,S,,2025-10-12
12837,AW00012837,Nicole,Anderson,M,,2025-10-12
12838,AW00012838,Ralph,Beck,M,,2025-10-12
12839,AW00012839,Dominique,Fernandez,S,,2025-10-12
12840,AW00012840,Naomi,Sanz,M,,2025-10-12
12841,AW00012841,Yolanda,Xie,S,,2025-10-12
12842,AW00012842,Kelvin,Becker,S,,2025-10-12
12843,AW00012843,Summer,Smith,S,,2025-10-12
12844,AW00012844,Gerald,Gonzalez,M,,2025-10-12
12845,AW00012845,Angela,Torres,M,,2025-10-12
12846,AW00012846,Bridget,Nara,S,,2025-10-12
12847,AW00012847,Colin,Chander,M,,2025-10-12
12848,AW00012848,Brittney,Lu,M,,2025-10-12
12849,AW00012849,Adam,Baker,S,,2025-10-12
12850,AW00012850,Johnny,Raji,S,,2025-10-12
12851,AW00012851,Brandy,Sai,S,,2025-10-12
12852,AW00012852,Teresa,Carlson,S,,2025-10-12
12853,AW00012853,Evelyn,Malhotra,M,,2025-10-12
12854,AW00012854,Reginald,Romero,M,,2025-10-12
12855,AW00012855,Philip,Diaz,M,,2025-10-12
12856,AW00012856,Rosa,Lin,M,,2025-10-12
12857,AW00012857,Raul,Kumar,M,,2025-10-12
12858,AW00012858,Adriana,Mehta,S,,2025-10-12
12859,AW00012859,Evelyn,Gonzalez,S,,2025-10-12
12860,AW00012860,Jillian,Prasad,M,,2025-10-12
12861,AW00012861,Robyn,Jimenez,M,,2025-10-12
12862,AW00012862,Melinda,Ortega,S,,2025-10-12
12863,AW00012863,Caleb,Zhang,S,,2025-10-12
12864,AW00012864,Michelle,Townsend,S,,2025-10-12
12865,AW00012865,Brandy,Martinez,M,,2025-10-12
12866,AW00012866,Janelle,Fernandez,S,,2025-10-12
12867,AW00012867,Laura,Ye,S,,2025-10-12
12868,AW00012868,Julie,Anand,S,,2025-10-12
12869,AW00012869,Alisha,Tang,M,,2025-10-12
12870,AW00012870,Tyrone,Munoz,S,,2025-10-12
12871,AW00012871,Leah,Li,S,,2025-10-12
12872,AW00012872,Olivia,Hughes,S,,2025-10-12
12873,AW00012873,Mandar,Samant,S,,2025-10-12
12874,AW00012874,Kirk,Nason,S,,2025-10-12
12875,AW00012875,Brianna,Ross,S,,2025-10-12
12876,AW00012876,Blake,Robinson,M,,2025-10-12
12877,AW00012877,Alexander,Williams,M,,2025-10-12
12878,AW00012878,Gilbert,Sun,M,,2025-10-12
12879,AW00012879,Elijah,Nelson,M,,2025-10-12
12880,AW00012880,Luis,Hayes,S,,2025-10-12
12881,AW00012881,Isabella,Edwards,S,,2025-10-12
12882,AW00012882,Eduardo,Allen,M,,2025-10-12
12883,AW00012883,Stephanie,Bailey,S,,2025-10-12
12884,AW00012884,Megan,Williams,S,,2025-10-12
12885,AW00012885,Jonathan,Anderson,M,,2025-10-12
12886,AW00012886,Jocelyn,Long,S,,2025-10-12
12887,AW00012887,Brendan,Pal,M,,2025-10-12
12888,AW00012888,Melissa,Barnes,M,,2025-10-12
12889,AW00012889,James,Adams,M,,2025-10-12
12890,AW00012890,Steven,Thorpe,M,,2025-10-12
12891,AW00012891,Kaylee,King,M,,2025-10-12
12892,AW00012892,Brian,Peterson,M,,2025-10-12
12893,AW00012893,Brittany,Foster,M,,2025-10-12
12894,AW00012894,Natalie,Walker,M,,2025-10-12
12895,AW00012895,Destiny,Anderson,M,,2025-10-12
12896,AW00012896,Victoria,Wood,M,,2025-10-12
12897,AW00012897,Alyssa,Wilson,M,,2025-10-12
12898,AW00012898,Madeline,Campbell,M,,2025-10-12
12899,AW00012899,Ana,Ross,M,,2025-10-12
12900,AW00012900,Carlos,Ward,M,,2025-10-12
12901,AW00012901,Robert,Adams,M,,2025-10-12
12902,AW00012902,Julia,Stewart,S,,2025-10-12
12903,AW00012903,John,Sandstone,S,,2025-10-12
12904,AW00012904,Thomas,Jai,M,,2025-10-12
12905,AW00012905,Alexandra,Sanchez,M,,2025-10-12
12906,AW00012906,Philip,Ramos,M,,2025-10-12
12907,AW00012907,Julia,Bryant,M,,2025-10-12
12908,AW00012908,Tyler,Clark,M,,2025-10-12
12909,AW00012909,Kelsey,Shan,M,,2025-10-12
12910,AW00012910,Robert,Brown,M,,2025-10-12
12911,AW00012911,Sebastian,Rogers,S,,2025-10-12
12912,AW00012912,Brianna,Morris,S,,2025-10-12
12913,AW00012913,Benjamin,Moore,M,,2025-10-12
12914,AW00012914,Jill,Miller,S,,2025-10-12
12915,AW00012915,Kaitlyn,Alexander,S,,2025-10-12
12916,AW00012916,Natalie,Ross,M,,2025-10-12
12917,AW00012917,Vanessa,Russell,M,,2025-10-12
12918,AW00012918,Brooke,Murphy,M,,2025-10-12
12919,AW00012919,Carlos,Hill,S,,2025-10-12
12920,AW00012920,Kelly,Henderson,S,,2025-10-12
12921,AW00012921,Wyatt,Lee,S,,2025-10-12
12922,AW00012922,Jennifer,Sanders,S,,2025-10-12
12923,AW00012923,Fernando,Wright,S,,2025-10-12
12924,AW00012924,Devon,Chande,M,,2025-10-12
12925,AW00012925,Mackenzie,Blue,M,,2025-10-12
12926,AW00012926,Sara,Murphy,M,,2025-10-12
12927,AW00012927,Savannah,Sanchez,M,,2025-10-12
12928,AW00012928,Carol,Wright,M,,2025-10-12
12929,AW00012929,Vanessa,Bryant,M,,2025-10-12
12930,AW00012930,Grace,Harris,M,,2025-10-12
12931,AW00012931,Ann,Fernandez,S,,2025-10-12
12932,AW00012932,Tyler,Johnson,M,,2025-10-12
12933,AW00012933,Jonathan,Hall,M,,2025-10-12
12934,AW00012934,Jason,Foster,S,,2025-10-12
12935,AW00012935,Robert,Hill,M,,2025-10-12
12936,AW00012936,Renee,Moreno,S,,2025-10-12
12937,AW00012937,Megan,Wilson,S,,2025-10-12
12938,AW00012938,Edward,Parker,S,,2025-10-12
12939,AW00012939,Eduardo,Parker,S,,2025-10-12
12940,AW00012940,Steven,Rogers,M,,2025-10-12
12941,AW00012941,Maria,Morgan,S,,2025-10-12
12942,AW00012942,Morgan,Harris,S,,2025-10-12
12943,AW00012943,Caleb,Perez,S,,2025-10-12
12944,AW00012944,Jose,Jai,M,,2025-10-12
12945,AW00012945,Jessica,Bailey,M,,2025-10-12
12946,AW00012946,Seth,Allen,M,,2025-10-12
12947,AW00012947,Isaiah,Sanchez,S,,2025-10-12
12948,AW00012948,Adam,Kumar,M,,2025-10-12
12949,AW00012949,Morgan,Rivera,S,,2025-10-12
12950,AW00012950,Mary,Adams,S,,2025-10-12
12951,AW00012951,Blake,Simmons,S,,2025-10-12
12952,AW00012952,Jennifer,Hughes,S,,2025-10-12
12953,AW00012953,Catherine,Cooper,S,,2025-10-12
12954,AW00012954,Pedro,Diaz,M,,2025-10-12
12955,AW00012955,Theresa,Hernandez,S,,2025-10-12
12956,AW00012956,Marshall,Sun,S,,2025-10-12
12957,AW00012957,Isabella,Lopez,S,,2025-10-12
12958,AW00012958,Jennifer,Campbell,S,,2025-10-12
12959,AW00012959,Sydney,Carter,S,,2025-10-12
12960,AW00012960,Ashley,Lewis,S,,2025-10-12
12961,AW00012961,Kimberly,Murphy,M,,2025-10-12
12962,AW00012962,Jennifer,Edwards,M,,2025-10-12
12963,AW00012963,Marcus,Anderson,M,,2025-10-12
12964,AW00012964,Xavier,Russell,M,,2025-10-12
12965,AW00012965,Cody,Bell,M,,2025-10-12
12966,AW00012966,Dennis,Zhu,M,,2025-10-12
12967,AW00012967,Fernando,Rodriguez,M,,2025-10-12
12968,AW00012968,Paige,Butler,M,,2025-10-12
12969,AW00012969,Richard,Rodriguez,M,,2025-10-12
12970,AW00012970,Angela,Powell,S,,2025-10-12
12971,AW00012971,Carl,Nara,M,,2025-10-12
12972,AW00012972,Carolyn,Suri,S,,2025-10-12
12973,AW00012973,Adrian,Howard,S,,2025-10-12
12974,AW00012974,Marc,Gill,S,,2025-10-12
12975,AW00012975,Marcus,Wilson,S,,2025-10-12
12976,AW00012976,Hunter,Thompson,S,,2025-10-12
12977,AW00012977,Destiny,Johnson,S,,2025-10-12
12978,AW00012978,Danielle,James,M,,2025-10-12
12979,AW00012979,Christina,Ward,M,,2025-10-12
12980,AW00012980,Max,Moyer,M,,2025-10-12
12981,AW00012981,Joe,Sanz,S,,2025-10-12
12982,AW00012982,Brittany,Patterson,M,,2025-10-12
12983,AW00012983,Gabriella,Carter,M,,2025-10-12
12984,AW00012984,Adam,Young,M,,2025-10-12
12985,AW00012985,Hailey,Roberts,M,,2025-10-12
12986,AW00012986,Rachel,Garcia,M,,2025-10-12
12987,AW00012987,Felicia,Moreno,M,,2025-10-12
12988,AW00012988,Barbara,Goel,S,,2025-10-12
12989,AW00012989,Carly,Goel,M,,2025-10-12
12990,AW00012990,Leslie,Hernandez,S,,2025-10-12
12991,AW00012991,Jésus,Serrano,M,,2025-10-12
12992,AW00012992,Ernest,Zeng,M,,2025-10-12
12993,AW00012993,Xavier,Henderson,M,,2025-10-12
12994,AW00012994,Anna,Martinez,S,,2025-10-12
12995,AW00012995,Grant,Nara,M,,2025-10-12
12996,AW00012996,Jaclyn,Liu,M,,2025-10-12
12997,AW00012997,Nina,Xie,M,,2025-10-12
12998,AW00012998,Mayra,Mehta,S,,2025-10-12
12999,AW00012999,Nichole,Shen,S,,2025-10-12
13000,AW00013000,Rafael,Raje,M,,2025-10-12
13001,AW00013001,Clarence,Zhang,S,,2025-10-12
13002,AW00013002,Roger,Cai,M,,2025-10-12
13003,AW00013003,Jill,Hernandez,M,,2025-10-12
13004,AW00013004,Randy,Chen,M,,2025-10-12
13005,AW00013005,Desiree,Alvarez,M,,2025-10-12
13006,AW00013006,Whitney,Rana,S,,2025-10-12
13007,AW00013007,Brooke,Ward,S,,2025-10-12
13008,AW00013008,Alberto,Muñoz,M,,2025-10-12
13009,AW00013009,Mindy,She,M,,2025-10-12
13010,AW00013010,Erica,Ye,M,,2025-10-12
13011,AW00013011,Anne,Ortega,S,,2025-10-12
13012,AW00013012,Krystal,Hu,S,,2025-10-12
13013,AW00013013,Vincent,Ye,M,,2025-10-12
13014,AW00013014,James,Clark,M,,2025-10-12
13015,AW00013015,Rebecca,Parker,S,,2025-10-12
13016,AW00013016,Antonio,Bryant,M,,2025-10-12
13017,AW00013017,Xavier,Alexander,M,,2025-10-12
13018,AW00013018,Brendan,Xie,M,,2025-10-12
13019,AW00013019,Destiny,Murphy,S,,2025-10-12
13020,AW00013020,Madalena,Sanchez,M,,2025-10-12
13021,AW00013021,Kendra,Diaz,S,,2025-10-12
13022,AW00013022,Rafael,Ma,M,,2025-10-12
13023,AW00013023,Dominique,Raman,S,,2025-10-12
13024,AW00013024,Marc,Moreno,M,,2025-10-12
13025,AW00013025,Reginald,Serrano,M,,2025-10-12
13026,AW00013026,Colleen,Zheng,S,,2025-10-12
13027,AW00013027,Jeremy,Patterson,S,,2025-10-12
13028,AW00013028,Dalton,Thompson,S,,2025-10-12
13029,AW00013029,Jennifer,Foster,S,,2025-10-12
13030,AW00013030,Sophia,Lopez,S,,2025-10-12
13031,AW00013031,Hunter,Shan,S,,2025-10-12
13032,AW00013032,Kevin,Baker,M,,2025-10-12
13033,AW00013033,Xavier,Gonzalez,S,,2025-10-12
13034,AW00013034,Kelsey,Yuan,S,,2025-10-12
13035,AW00013035,Kristy,Torres,M,,2025-10-12
13036,AW00013036,Virginia,Subram,S,,2025-10-12
13037,AW00013037,Terrence,Pal,M,,2025-10-12
13038,AW00013038,Wilson,Pais,M,,2025-10-12
13039,AW00013039,Trisha,Ma,S,,2025-10-12
13040,AW00013040,Roy,Gonzalez,M,,2025-10-12
13041,AW00013041,Cameron,Brown,M,,2025-10-12
13042,AW00013042,Alison,Pal,M,,2025-10-12
13043,AW00013043,Brenda,Madan,M,,2025-10-12
13044,AW00013044,Katrina,Jai,M,,2025-10-12
13045,AW00013045,Anne,Gomez,M,,2025-10-12
13046,AW00013046,Jonathan,Rodriguez,M,,2025-10-12
13047,AW00013047,Rodney,Vazquez,M,,2025-10-12
13048,AW00013048,Alexis,Hayes,M,,2025-10-12
13049,AW00013049,Autumn,Wang,M,,2025-10-12
13050,AW00013050,Dennis,Zeng,M,,2025-10-12
13051,AW00013051,Ethan,Jones,S,,2025-10-12
13052,AW00013052,Jared,Morris,S,,2025-10-12
13053,AW00013053,Vincent,Lu,S,,2025-10-12
13054,AW00013054,Bryce,Ward,M,,2025-10-12
13055,AW00013055,Patrick,Gray,S,,2025-10-12
13056,AW00013056,Morgan,Blue,S,,2025-10-12
13057,AW00013057,Destiny,Powell,S,,2025-10-12
13058,AW00013058,Ramon,Huang,M,,2025-10-12
13059,AW00013059,Keith,Deng,M,,2025-10-12
13060,AW00013060,Eugene,Zhu,M,,2025-10-12
13061,AW00013061,Ethan,Anderson,S,,2025-10-12
13062,AW00013062,Eduardo,Williams,S,,2025-10-12
13063,AW00013063,Jessica,Johnson,S,,2025-10-12
13064,AW00013064,Dalton,Parker,S,,2025-10-12
13065,AW00013065,Morgan,Gonzalez,S,,2025-10-12
13066,AW00013066,Carson,Perry,S,,2025-10-12
13067,AW00013067,Olivia,Garcia,S,,2025-10-12
13068,AW00013068,Alexandria,Morris,S,,2025-10-12
13069,AW00013069,Adam,Green,M,,2025-10-12
13070,AW00013070,Emma,Clark,S,,2025-10-12
13071,AW00013071,Thomas,Walker,M,,2025-10-12
13072,AW00013072,Emma,Rogers,S,,2025-10-12
13073,AW00013073,Sydney,Lopez,M,,2025-10-12
13074,AW00013074,Grace,Hughes,M,,2025-10-12
13075,AW00013075,Kelvin,Lin,M,,2025-10-12
13076,AW00013076,Craig,Munoz,S,,2025-10-12
13077,AW00013077,Alejandro,Goel,S,,2025-10-12
13078,AW00013078,Michele,Chande,S,,2025-10-12
13079,AW00013079,Edwin,Bhat,S,,2025-10-12
13080,AW00013080,Denise,Mehta,S,,2025-10-12
13081,AW00013081,Krista,Ruiz,S,,2025-10-12
13082,AW00013082,Juan,Peterson,S,,2025-10-12
13083,AW00013083,Jordyn,Butler,S,,2025-10-12
13084,AW00013084,Luis,Hughes,S,,2025-10-12
13085,AW00013085,Daniel,Harris,S,,2025-10-12
13086,AW00013086,Blake,Nelson,S,,2025-10-12
13087,AW00013087,Jeremy,Collins,S,,2025-10-12
13088,AW00013088,Megan,Powell,S,,2025-10-12
13089,AW00013089,Elizabeth,Alexander,M,,2025-10-12
13090,AW00013090,Wayne,Tang,S,,2025-10-12
13091,AW00013091,Deanna,Martin,S,,2025-10-12
13092,AW00013092,William,Walker,M,,2025-10-12
13093,AW00013093,Michelle,James,S,,2025-10-12
13094,AW00013094,Antonio,Diaz,M,,2025-10-12
13095,AW00013095,Jordan,Griffin,S,,2025-10-12
13096,AW00013096,Jonathan,Chen,M,,2025-10-12
13097,AW00013097,Dalton,Hughes,M,,2025-10-12
13098,AW00013098,Miguel,Russell,M,,2025-10-12
13099,AW00013099,Jay,Romero,M,,2025-10-12
13100,AW00013100,Jeremy,Perez,M,,2025-10-12
13101,AW00013101,Alex,Sanchez,S,,2025-10-12
13102,AW00013102,Mariah,Bryant,S,,2025-10-12
13103,AW00013103,Brendan,Raji,S,,2025-10-12
13104,AW00013104,Gregory,Becker,S,,2025-10-12
13105,AW00013105,Whitney,Kovár,M,,2025-10-12
13106,AW00013106,Ebony,Munoz,M,,2025-10-12
13107,AW00013107,Mary,Nelson,M,,2025-10-12
13108,AW00013108,Curtis,Wang,M,,2025-10-12
13109,AW00013109,Cheryl,Navarro,M,,2025-10-12
13110,AW00013110,Levi,Mehta,M,,2025-10-12
13111,AW00013111,Hannah,Butler,S,,2025-10-12
13112,AW00013112,Bianca,Gao,S,,2025-10-12
13113,AW00013113,Bryant,Sanchez,S,,2025-10-12
13114,AW00013114,Claudia,Zhang,S,,2025-10-12
13115,AW00013115,Clarence,Wu,S,,2025-10-12
13116,AW00013116,Tyrone,Diaz,S,,2025-10-12
13117,AW00013117,Evelyn,Rodriguez,S,,2025-10-12
13118,AW00013118,Sydney,Cook,M,,2025-10-12
13119,AW00013119,Jaclyn,Guo,S,,2025-10-12
13120,AW00013120,Levi,Weber,M,,2025-10-12
13121,AW00013121,Latasha,Jimenez,M,,2025-10-12
13122,AW00013122,Catherine,Cox,M,,2025-10-12
13123,AW00013123,Kelli,Raji,S,,2025-10-12
13124,AW00013124,Marco,Vance,S,,2025-10-12
13125,AW00013125,Alejandro,Hu,S,,2025-10-12
13126,AW00013126,Lydia,Suri,S,,2025-10-12
13127,AW00013127,Shane,Fernandez,S,,2025-10-12
13128,AW00013128,Colleen,West,S,,2025-10-12
13129,AW00013129,Joy,Ramos,S,,2025-10-12
13130,AW00013130,Dalton,Miller,M,,2025-10-12
13131,AW00013131,Briana,Diaz,M,,2025-10-12
13132,AW00013132,Casey,Vazquez,S,,2025-10-12
13133,AW00013133,Devon,Kennedy,S,,2025-10-12
13134,AW00013134,Sara,Morgan,S,,2025-10-12
13135,AW00013135,Johnny,Rai,S,,2025-10-12
13136,AW00013136,Virginia,Martinez,M,,2025-10-12
13137,AW00013137,Jacqueline,Simmons,M,,2025-10-12
13138,AW00013138,Teresa,Alonso,M,,2025-10-12
13139,AW00013139,Carmen,Perez,S,,2025-10-12
13140,AW00013140,Jamie,Zhu,M,,2025-10-12
13141,AW00013141,Walter,Hernandez,M,,2025-10-12
13142,AW00013142,Xavier,Moore,M,,2025-10-12
13143,AW00013143,Hannah,Jackson,M,,2025-10-12
13144,AW00013144,Destiny,Stewart,S,,2025-10-12
13145,AW00013145,Gilbert,Xu,M,,2025-10-12
13146,AW00013146,Gabriella,Ramirez,S,,2025-10-12
13147,AW00013147,Cedric,Lin,M,,2025-10-12
13148,AW00013148,Tyler,Anderson,M,,2025-10-12
13149,AW00013149,Linda,Ferrier,M,,2025-10-12
13150,AW00013150,Lacey,Yang,S,,2025-10-12
13151,AW00013151,Ethan,Moore,S,,2025-10-12
13152,AW00013152,Gabrielle,Butler,M,,2025-10-12
13153,AW00013153,Jack,Hill,S,,2025-10-12
13154,AW00013154,Aaron,Lal,M,,2025-10-12
13155,AW00013155,Jay,Gutierrez,M,,2025-10-12
13156,AW00013156,Bradley,Lal,M,,2025-10-12
13157,AW00013157,Heidi,Gonzalez,M,,2025-10-12
13158,AW00013158,Casey,Xu,M,,2025-10-12
13159,AW00013159,Roberto,Ramos,M,,2025-10-12
13160,AW00013160,Willie,Xu,M,,2025-10-12
13161,AW00013161,Jose,Moore,M,,2025-10-12
13162,AW00013162,Nina,Nath,S,,2025-10-12
13163,AW00013163,Noah,Lopez,M,,2025-10-12
13164,AW00013164,Olivia,Ward,S,,2025-10-12
13165,AW00013165,Wyatt,Walker,S,,2025-10-12
13166,AW00013166,Kyle,Chen,M,,2025-10-12
13167,AW00013167,Mario,Tang,S,,2025-10-12
13168,AW00013168,Hannah,Price,S,,2025-10-12
13169,AW00013169,Caleb,Griffin,S,,2025-10-12
13170,AW00013170,Sebastian,Reed,S,,2025-10-12
13171,AW00013171,Catherine,Torres,S,,2025-10-12
13172,AW00013172,Isabella,Cook,S,,2025-10-12
13173,AW00013173,Dalton,Brooks,M,,2025-10-12
13174,AW00013174,Gabriella,Morris,S,,2025-10-12
13175,AW00013175,Noah,Smith,M,,2025-10-12
13176,AW00013176,Kurt,Chander,S,,2025-10-12
13177,AW00013177,Taylor,Rogers,S,,2025-10-12
13178,AW00013178,Megan,Gray,S,,2025-10-12
13179,AW00013179,Adrian,Sanchez,M,,2025-10-12
13180,AW00013180,Leslie,Sanz,M,,2025-10-12
13181,AW00013181,Brian,Morgan,M,,2025-10-12
13182,AW00013182,Jeremy,Bennett,M,,2025-10-12
13183,AW00013183,Christian,Jenkins,M,,2025-10-12
13184,AW00013184,Miguel,Perez,M,,2025-10-12
13185,AW00013185,William,Lee,M,,2025-10-12
13186,AW00013186,Marcus,Sanders,M,,2025-10-12
13187,AW00013187,Evan,Wright,M,,2025-10-12
13188,AW00013188,Anthony,Davis,M,,2025-10-12
13189,AW00013189,Gloria,Romero,S,,2025-10-12
13190,AW00013190,Jonathan,Diaz,S,,2025-10-12
13191,AW00013191,Emma,Rodriguez,M,,2025-10-12
13192,AW00013192,Hunter,Martinez,M,,2025-10-12
13193,AW00013193,Kevin,Evans,M,,2025-10-12
13194,AW00013194,Kevin,Carter,M,,2025-10-12
13195,AW00013195,Aaron,Perry,M,,2025-10-12
13196,AW00013196,Kimberly,Sanders,M,,2025-10-12
13197,AW00013197,Katherine,Smith,M,,2025-10-12
13198,AW00013198,Cindy,Gray,M,,2025-10-12
13199,AW00013199,Timothy,Stewart,S,,2025-10-12
13200,AW00013200,Jessica,Miller,M,,2025-10-12
13201,AW00013201,Nicholas,Davis,S,,2025-10-12
13202,AW00013202,Natasha,Romero,S,,2025-10-12
13203,AW00013203,Bailey,Bell,S,,2025-10-12
13204,AW00013204,Savannah,Parker,S,,2025-10-12
13205,AW00013205,Jerome,Torres,M,,2025-10-12
13206,AW00013206,Emily,Flores,S,,2025-10-12
13207,AW00013207,Kenneth,Rai,M,,2025-10-12
13208,AW00013208,Cassidy,Bryant,S,,2025-10-12
13209,AW00013209,Alexandria,Bailey,M,,2025-10-12
13210,AW00013210,Ethan,Simmons,M,,2025-10-12
13211,AW00013211,James,Jai,M,,2025-10-12
13212,AW00013212,Logan,Phillips,M,,2025-10-12
13213,AW00013213,Courtney,King,M,,2025-10-12
13214,AW00013214,Elijah,Adams,M,,2025-10-12
13215,AW00013215,Colleen,Sharma,M,,2025-10-12
13216,AW00013216,Mary,Mitchell,M,,2025-10-12
13217,AW00013217,Julian,Alexander,S,,2025-10-12
13218,AW00013218,Melissa,Bryant,M,,2025-10-12
13219,AW00013219,Rafael,Shan,M,,2025-10-12
13220,AW00013220,Isabella,Hernandez,M,,2025-10-12
13221,AW00013221,Madeline,Hall,M,,2025-10-12
13222,AW00013222,Arturo,Liu,M,,2025-10-12
13223,AW00013223,Noah,Lee,S,,2025-10-12
13224,AW00013224,Amanda,Brooks,M,,2025-10-12
13225,AW00013225,Jésus,Suarez,M,,2025-10-12
13226,AW00013226,Jenna,Mitchell,M,,2025-10-12
13227,AW00013227,Alexander,Wilson,M,,2025-10-12
13228,AW00013228,Thomas,Sanchez,M,,2025-10-12
13229,AW00013229,Dylan,Wang,M,,2025-10-12
13230,AW00013230,Chloe,Bryant,M,,2025-10-12
13231,AW00013231,Alexia,Ross,M,,2025-10-12
13232,AW00013232,Kaitlyn,Baker,S,,2025-10-12
13233,AW00013233,Richard,Coleman,M,,2025-10-12
13234,AW00013234,Robert,Lewis,S,,2025-10-12
13235,AW00013235,Jonathan,Robinson,M,,2025-10-12
13236,AW00013236,Robert,Wang,M,,2025-10-12
13237,AW00013237,Devin,Stewart,M,,2025-10-12
13238,AW00013238,John,Williams,M,,2025-10-12
13239,AW00013239,Matthew,Thomas,M,,2025-10-12
13240,AW00013240,Blake,Foster,M,,2025-10-12
13241,AW00013241,Natalie,Ward,M,,2025-10-12
13242,AW00013242,Kyle,Yang,S,,2025-10-12
13243,AW00013243,Alyssa,Davis,S,,2025-10-12
13244,AW00013244,Jose,Sharma,M,,2025-10-12
13245,AW00013245,Angel,Scott,M,,2025-10-12
13246,AW00013246,Hailey,Perez,M,,2025-10-12
13247,AW00013247,Zachary,Chen,M,,2025-10-12
13248,AW00013248,Isabella,Martinez,M,,2025-10-12
13249,AW00013249,Ryan,Perry,M,,2025-10-12
13250,AW00013250,Jordan,King,M,,2025-10-12
13251,AW00013251,Raymond,Malhotra,M,,2025-10-12
13252,AW00013252,Bianca,Lu,M,,2025-10-12
13253,AW00013253,Carly,Xie,M,,2025-10-12
13254,AW00013254,Beth,Gomez,M,,2025-10-12
13255,AW00013255,Lance,Blanco,M,,2025-10-12
13256,AW00013256,Abby,Subram,S,,2025-10-12
13257,AW00013257,Jon,Chander,M,,2025-10-12
13258,AW00013258,Anne,Dominguez,M,,2025-10-12
13259,AW00013259,Allen,Garcia,M,,2025-10-12
13260,AW00013260,James,Flores,M,,2025-10-12
13261,AW00013261,Lindsey,Andersen,M,,2025-10-12
13262,AW00013262,Jaime,Nara,M,,2025-10-12
13263,AW00013263,Kate,Anand,S,,2025-10-12
13264,AW00013264,Melanie,Sanchez,M,,2025-10-12
13265,AW00013265,Luke,Adams,S,,2025-10-12
13266,AW00013266,Samuel,Wang,M,,2025-10-12
13267,AW00013267,Matthew,Moore,M,,2025-10-12
13268,AW00013268,Katherine,Parker,M,,2025-10-12
13269,AW00013269,Rachel,Martin,S,,2025-10-12
13270,AW00013270,Mason,Baker,S,,2025-10-12
13271,AW00013271,Ryan,Anderson,M,,2025-10-12
13272,AW00013272,Jordan,Gonzalez,S,,2025-10-12
13273,AW00013273,Elizabeth,Lee,S,,2025-10-12
13274,AW00013274,Joshua,Lee,S,,2025-10-12
13275,AW00013275,Carlos,Murphy,M,,2025-10-12
13276,AW00013276,Sarah,Johnson,M,,2025-10-12
13277,AW00013277,Nathan,Brown,S,,2025-10-12
13278,AW00013278,Jorge,Hu,S,,2025-10-12
13279,AW00013279,Rachel,Howard,M,,2025-10-12
13280,AW00013280,Bailey,Adams,M,,2025-10-12
13281,AW00013281,Brent,Li,M,,2025-10-12
13282,AW00013282,Madison,Price,M,,2025-10-12
13283,AW00013283,Dakota,Griffin,M,,2025-10-12
13284,AW00013284,Victoria,Butler,M,,2025-10-12
13285,AW00013285,Kara,Chavez,M,,2025-10-12
13286,AW00013286,Hannah,Rodriguez,S,,2025-10-12
13287,AW00013287,Brandon,Rodriguez,S,,2025-10-12
13288,AW00013288,Jackson,Lopez,M,,2025-10-12
13289,AW00013289,Alexandria,Coleman,M,,2025-10-12
13290,AW00013290,Jordan,Campbell,M,,2025-10-12
13291,AW00013291,Nina,Xu,M,,2025-10-12
13292,AW00013292,Paula,Carlson,S,,2025-10-12
13293,AW00013293,Barbara,Lu,M,,2025-10-12
13294,AW00013294,Cassidy,Hughes,M,,2025-10-12
13295,AW00013295,Jasmine,Jackson,M,,2025-10-12
13296,AW00013296,Seth,Anderson,M,,2025-10-12
13297,AW00013297,Arthur,Rubio,M,,2025-10-12
13298,AW00013298,Anna,Harris,M,,2025-10-12
13299,AW00013299,Vanessa,Ross,M,,2025-10-12
13300,AW00013300,Timothy,Hernandez,M,,2025-10-12
13301,AW00013301,Angela,Stewart,S,,2025-10-12
13302,AW00013302,Cole,Torres,S,,2025-10-12
13303,AW00013303,Jonathan,Martinez,M,,2025-10-12
13304,AW00013304,Sara,Peterson,S,,2025-10-12
13305,AW00013305,Oscar,Alexander,M,,2025-10-12
13306,AW00013306,Kaitlyn,Cox,M,,2025-10-12
13307,AW00013307,Michelle,Stone,M,,2025-10-12
13308,AW00013308,Kaitlyn,King,M,,2025-10-12
13309,AW00013309,Angela,Sanders,M,,2025-10-12
13310,AW00013310,Miguel,Barnes,M,,2025-10-12
13311,AW00013311,Isabella,Reed,M,,2025-10-12
13312,AW00013312,Natalie,Jenkins,M,,2025-10-12
13313,AW00013313,Megan,Stone,M,,2025-10-12
13314,AW00013314,Jordan,Hernandez,M,,2025-10-12
13315,AW00013315,Lucas,Thomas,M,,2025-10-12
13316,AW00013316,Angel,Rivera,M,,2025-10-12
13317,AW00013317,Jeremiah,Long,S,,2025-10-12
13318,AW00013318,Amber,Perez,M,,2025-10-12
13319,AW00013319,Charles,Howard,S,,2025-10-12
13320,AW00013320,Jasmine,Jones,S,,2025-10-12
13321,AW00013321,Arianna,Barnes,S,,2025-10-12
13322,AW00013322,Elizabeth,Patterson,S,,2025-10-12
13323,AW00013323,Adam,Adams,M,,2025-10-12
13324,AW00013324,Florian,Stiller,M,,2025-10-12
13325,AW00013325,Marcus,Wright,M,,2025-10-12
13326,AW00013326,Bob,Fernandez,M,,2025-10-12
13327,AW00013327,Isabelle,Russell,M,,2025-10-12
13328,AW00013328,Albert,Serrano,S,,2025-10-12
13329,AW00013329,Jake,Wang,M,,2025-10-12
13330,AW00013330,Maria,Patterson,M,,2025-10-12
13331,AW00013331,Lauren,Diaz,M,,2025-10-12
13332,AW00013332,Neil,Alonso,M,,2025-10-12
13333,AW00013333,Tara,Chander,M,,2025-10-12
13334,AW00013334,Melanie,Rivera,M,,2025-10-12
13335,AW00013335,Alyssa,Barnes,S,,2025-10-12
13336,AW00013336,Deanna,Gill,M,,2025-10-12
13337,AW00013337,Lauren,Cox,M,,2025-10-12
13338,AW00013338,Jada,Carter,S,,2025-10-12
13339,AW00013339,Nicole,Clark,S,,2025-10-12
13340,AW00013340,Natalie,Edwards,M,,2025-10-12
13341,AW00013341,Lucas,King,M,,2025-10-12
13342,AW00013342,Brandon,Jackson,S,,2025-10-12
13343,AW00013343,Melanie,Bradley,M,,2025-10-12
13344,AW00013344,Caitlin,Reed,M,,2025-10-12
13345,AW00013345,Dalton,Butler,M,,2025-10-12
13346,AW00013346,Gregory,Chande,S,,2025-10-12
13347,AW00013347,Rachel,Hall,M,,2025-10-12
13348,AW00013348,Noah,Young,M,,2025-10-12
13349,AW00013349,Kaitlyn,Gonzalez,M,,2025-10-12
13350,AW00013350,Isaac,Sandberg,M,,2025-10-12
13351,AW00013351,Mariah,Cox,S,,2025-10-12
13352,AW00013352,Joseph,Davis,S,,2025-10-12
13353,AW00013353,Jordyn,Coleman,S,,2025-10-12
13354,AW00013354,Eric,Campbell,M,,2025-10-12
13355,AW00013355,Jackson,Jai,M,,2025-10-12
13356,AW00013356,Stefanie,Prasad,M,,2025-10-12
13357,AW00013357,Blake,Gonzales,S,,2025-10-12
13358,AW00013358,Alexandra,Edwards,M,,2025-10-12
13359,AW00013359,Ian,Wood,M,,2025-10-12
13360,AW00013360,Jada,Cook,M,,2025-10-12
13361,AW00013361,Cameron,Jai,M,,2025-10-12
13362,AW00013362,Destiny,Morgan,S,,2025-10-12
13363,AW00013363,Sydney,Allen,M,,2025-10-12
13364,AW00013364,Natalie,Anderson,S,,2025-10-12
13365,AW00013365,Luke,Shan,M,,2025-10-12
13366,AW00013366,Austin,Davis,M,,2025-10-12
13367,AW00013367,Savannah,Edwards,M,,2025-10-12
13368,AW00013368,Kyle,Henderson,M,,2025-10-12
13369,AW00013369,Mariah,Henderson,M,,2025-10-12
13370,AW00013370,Blake,Ross,M,,2025-10-12
13371,AW00013371,Sydney,Gonzales,S,,2025-10-12
13372,AW00013372,Isaac,Edwards,M,,2025-10-12
13373,AW00013373,Michelle,Murphy,S,,2025-10-12
13374,AW00013374,Marco,Martinez,M,,2025-10-12
13375,AW00013375,Jason,Kumar,M,,2025-10-12
13376,AW00013376,Jerry,Rai,M,,2025-10-12
13377,AW00013377,Thomas,Hernandez,M,,2025-10-12
13378,AW00013378,Alexandra,Bailey,M,,2025-10-12
13379,AW00013379,Bailey,Morris,S,,2025-10-12
13380,AW00013380,Katherine,Scott,M,,2025-10-12
13381,AW00013381,Vanessa,Jenkins,M,,2025-10-12
13382,AW00013382,Richard,Rogers,M,,2025-10-12
13383,AW00013383,Natalie,Wright,S,,2025-10-12
13384,AW00013384,Mario,Ashe,S,,2025-10-12
13385,AW00013385,Danielle,Cook,S,,2025-10-12
13386,AW00013386,Samuel,Patterson,M,,2025-10-12
13387,AW00013387,Miranda,Jenkins,M,,2025-10-12
13388,AW00013388,Marshall,Shen,S,,2025-10-12
13389,AW00013389,Madison,Thomas,M,,2025-10-12
13390,AW00013390,Julia,Collins,M,,2025-10-12
13391,AW00013391,Brenda,Malhotra,M,,2025-10-12
13392,AW00013392,Hunter,Parker,M,,2025-10-12
13393,AW00013393,Willie,Kumar,M,,2025-10-12
13394,AW00013394,Matthew,Clark,S,,2025-10-12
13395,AW00013395,Gabriel,Li,M,,2025-10-12
13396,AW00013396,David,Kumar,M,,2025-10-12
13397,AW00013397,Adam,Mitchell,M,,2025-10-12
13398,AW00013398,Logan,Ross,M,,2025-10-12
13399,AW00013399,Edward,Young,M,,2025-10-12
13400,AW00013400,Julia,Thomas,M,,2025-10-12
13401,AW00013401,Erin,Bradley,S,,2025-10-12
13402,AW00013402,Gabriel,Turner,M,,2025-10-12
13403,AW00013403,Jennifer,Jackson,S,,2025-10-12
13404,AW00013404,Kelvin,Yang,M,,2025-10-12
13405,AW00013405,Ethan,Bryant,M,,2025-10-12
13406,AW00013406,Craig,Jiménez,M,,2025-10-12
13407,AW00013407,Cassandra,Rana,S,,2025-10-12
13408,AW00013408,Katherine,Gonzales,M,,2025-10-12
13409,AW00013409,Cory,Fernandez,M,,2025-10-12
13410,AW00013410,Jillian,Madan,M,,2025-10-12
13411,AW00013411,Jacquelyn,Blanco,M,,2025-10-12
13412,AW00013412,Rafael,Zhao,M,,2025-10-12
13413,AW00013413,Fernando,Phillips,M,,2025-10-12
13414,AW00013414,Miguel,Wilson,M,,2025-10-12
13415,AW00013415,Marcus,Rogers,S,,2025-10-12
13416,AW00013416,Richard,Roberts,S,,2025-10-12
13417,AW00013417,Ian,Cox,M,,2025-10-12
13418,AW00013418,Devin,Cox,M,,2025-10-12
13419,AW00013419,Lauren,Coleman,M,,2025-10-12
13420,AW00013420,Jordan,Turner,M,,2025-10-12
13421,AW00013421,Alyssa,Patterson,M,,2025-10-12
13422,AW00013422,Jacqueline,Washington,S,,2025-10-12
13423,AW00013423,Alex,Peterson,S,,2025-10-12
13424,AW00013424,Jasmine,Thomas,M,,2025-10-12
13425,AW00013425,Jose,Garcia,M,,2025-10-12
13426,AW00013426,Taylor,Williams,S,,2025-10-12
13427,AW00013427,Connor,Winston,S,,2025-10-12
13428,AW00013428,Marcus,Ramirez,M,,2025-10-12
13429,AW00013429,Gabrielle,Washington,M,,2025-10-12
13430,AW00013430,Edward,Griffin,M,,2025-10-12
13431,AW00013431,Bryan,James,M,,2025-10-12
13432,AW00013432,Dalton,Wood,S,,2025-10-12
13433,AW00013433,Jessie,Vazquez,S,,2025-10-12
13434,AW00013434,Kaitlyn,Wright,S,,2025-10-12
13435,AW00013435,Tracy,Pal,M,,2025-10-12
13436,AW00013436,Gail,Griffin,S,,2025-10-12
13437,AW00013437,Ethan,Flores,M,,2025-10-12
13438,AW00013438,Chloe,Griffin,S,,2025-10-12
13439,AW00013439,Arturo,Lin,M,,2025-10-12
13440,AW00013440,Sydney,Miller,S,,2025-10-12
13441,AW00013441,Omar,Zhang,M,,2025-10-12
13442,AW00013442,Paula,Vazquez,S,,2025-10-12
13443,AW00013443,Jasmine,White,M,,2025-10-12
13444,AW00013444,Abby,Lopez,S,,2025-10-12
13445,AW00013445,Logan,Davis,M,,2025-10-12
13446,AW00013446,Katelyn,Scott,S,,2025-10-12
13447,AW00013447,Destiny,Cox,M,,2025-10-12
13448,AW00013448,Catherine,Ward,M,,2025-10-12
13449,AW00013449,Jerome,Diaz,S,,2025-10-12
13450,AW00013450,Victoria,Jones,S,,2025-10-12
13451,AW00013451,Robin,Browning,M,,2025-10-12
13452,AW00013452,Kaitlyn,Evans,M,,2025-10-12
13453,AW00013453,Amanda,Howard,M,,2025-10-12
13454,AW00013454,Benjamin,Griffin,M,,2025-10-12
13455,AW00013455,Kaitlyn,Bryant,M,,2025-10-12
13456,AW00013456,Sydney,Hernandez,S,,2025-10-12
13457,AW00013457,Eric,Henderson,M,,2025-10-12
13458,AW00013458,Joan,James,M,,2025-10-12
13459,AW00013459,Devin,Foster,M,,2025-10-12
13460,AW00013460,Jasmine,Walker,S,,2025-10-12
13461,AW00013461,Anthony,Jones,S,,2025-10-12
13462,AW00013462,Jay,Sara,S,,2025-10-12
13463,AW00013463,Tammy,Sara,M,,2025-10-12
13464,AW00013464,Martha,Hu,M,,2025-10-12
13465,AW00013465,Sydney,Campbell,M,,2025-10-12
13466,AW00013466,Bryce,James,M,,2025-10-12
13467,AW00013467,Kristopher,Martinez,S,,2025-10-12
13468,AW00013468,Mariah,Sanders,S,,2025-10-12
13469,AW00013469,Bryce,Bailey,S,,2025-10-12
13470,AW00013470,Jaclyn,Jai,S,,2025-10-12
13471,AW00013471,Eric,Bryant,M,,2025-10-12
13472,AW00013472,Simon,Pearson,M,,2025-10-12
13473,AW00013473,Logan,Hill,M,,2025-10-12
13474,AW00013474,Elizabeth,Hall,M,,2025-10-12
13475,AW00013475,Charles,Allen,M,,2025-10-12
13476,AW00013476,Timothy,Hall,M,,2025-10-12
13477,AW00013477,Katherine,Wood,M,,2025-10-12
13478,AW00013478,Alexia,Coleman,S,,2025-10-12
13479,AW00013479,Katelyn,Rogers,S,,2025-10-12
13480,AW00013480,Anna,Rodriguez,S,,2025-10-12
13481,AW00013481,Hunter,Hernandez,M,,2025-10-12
13482,AW00013482,Haley,Bryant,M,,2025-10-12
13483,AW00013483,Christian,Lal,M,,2025-10-12
13484,AW00013484,Marcus,Martinez,S,,2025-10-12
13485,AW00013485,Thomas,Allen,M,,2025-10-12
13486,AW00013486,Rebekah,Gomez,S,,2025-10-12
13487,AW00013487,Emily,Martin,M,,2025-10-12
13488,AW00013488,Laura,Guo,M,,2025-10-12
13489,AW00013489,Jennifer,Walker,M,,2025-10-12
13490,AW00013490,Edward,Rodriguez,M,,2025-10-12
13491,AW00013491,Natalie,Howard,M,,2025-10-12
13492,AW00013492,Christian,Foster,M,,2025-10-12
13493,AW00013493,Valerie,Zhao,M,,2025-10-12
13494,AW00013494,Byron,Gutierrez,S,,2025-10-12
13495,AW00013495,Micheal,Alvarez,M,,2025-10-12
13496,AW00013496,Lucas,Morris,M,,2025-10-12
13497,AW00013497,Deborah,Sharma,M,,2025-10-12
13498,AW00013498,Joel,Mehta,S,,2025-10-12
13499,AW00013499,Olivia,Cox,S,,2025-10-12
13500,AW00013500,Molly,Vance,M,,2025-10-12
13501,AW00013501,Clayton,Zhu,M,,2025-10-12
13502,AW00013502,Deborah,Nara,S,,2025-10-12
13503,AW00013503,Theodore,Gomez,M,,2025-10-12
13504,AW00013504,Beth,Alonso,M,,2025-10-12
13505,AW00013505,Jamie,Cai,M,,2025-10-12
13506,AW00013506,Willie,Guo,S,,2025-10-12
13507,AW00013507,Margaret,Patterson,M,,2025-10-12
13508,AW00013508,Cassandra,Sanchez,M,,2025-10-12
13509,AW00013509,Lucas,Johnson,M,,2025-10-12
13510,AW00013510,Jon,Shen,M,,2025-10-12
13511,AW00013511,Ernest,Liu,S,,2025-10-12
13512,AW00013512,Ken,Sánchez,M,,2025-10-12
13513,AW00013513,Abigail,Henderson,M,,2025-10-12
13514,AW00013514,Lindsay,Luo,S,,2025-10-12
13515,AW00013515,Cara,Liang,M,,2025-10-12
13516,AW00013516,Harold,Ray,M,,2025-10-12
13517,AW00013517,Nicolas,Sharma,S,,2025-10-12
13518,AW00013518,Brendan,Goldstein,S,,2025-10-12
13519,AW00013519,Lucas,Foster,S,,2025-10-12
13520,AW00013520,Carol,Nelson,S,,2025-10-12
13521,AW00013521,Sandra,Lu,S,,2025-10-12
13522,AW00013522,Logan,Taylor,S,,2025-10-12
13523,AW00013523,Adrienne,Ruiz,S,,2025-10-12
13524,AW00013524,Cheryl,Blanco,M,,2025-10-12
13525,AW00013525,Cassandra,Van,M,,2025-10-12
13526,AW00013526,Krystal,Liu,M,,2025-10-12
13527,AW00013527,Tonya,Andersen,M,,2025-10-12
13528,AW00013528,Carmen,Lopez,M,,2025-10-12
13529,AW00013529,Pamela,Martinez,S,,2025-10-12
13530,AW00013530,Krystal,Chen,M,,2025-10-12
13531,AW00013531,Tyrone,Gutierrez,M,,2025-10-12
13532,AW00013532,Melody,Gill,M,,2025-10-12
13533,AW00013533,Eduardo,Butler,S,,2025-10-12
13534,AW00013534,Beth,Navarro,M,,2025-10-12
13535,AW00013535,Omar,Nara,S,,2025-10-12
13536,AW00013536,Arianna,Ward,S,,2025-10-12
13537,AW00013537,Jill,Moreno,S,,2025-10-12
13538,AW00013538,Vanessa,Henderson,S,,2025-10-12
13539,AW00013539,Roger,Guo,S,,2025-10-12
13540,AW00013540,Paula,Ortega,M,,2025-10-12
13541,AW00013541,Ashlee,Xu,M,,2025-10-12
13542,AW00013542,Sharon,Kumar,M,,2025-10-12
13543,AW00013543,Phillip,Rana,S,,2025-10-12
13544,AW00013544,Joy,Martin,S,,2025-10-12
13545,AW00013545,Brad,Sharma,M,,2025-10-12
13546,AW00013546,Mitchell,Jai,M,,2025-10-12
13547,AW00013547,Michele,Jimenez,S,,2025-10-12
13548,AW00013548,Bridget,Jai,M,,2025-10-12
13549,AW00013549,Richard,King,S,,2025-10-12
13550,AW00013550,Joe,Malhotra,S,,2025-10-12
13551,AW00013551,Jacob,Lee,M,,2025-10-12
13552,AW00013552,Trevor,Hughes,S,,2025-10-12
13553,AW00013553,Jessica,Coleman,M,,2025-10-12
13554,AW00013554,Paula,Moreno,M,,2025-10-12
13555,AW00013555,Tammy,Smith,M,,2025-10-12
13556,AW00013556,Alisha,Nath,S,,2025-10-12
13557,AW00013557,Stacey,Liu,M,,2025-10-12
13558,AW00013558,Karen,Lu,M,,2025-10-12
13559,AW00013559,Lori,Ramos,S,,2025-10-12
13560,AW00013560,Andres,Shan,M,,2025-10-12
13561,AW00013561,Gary,Navarro,M,,2025-10-12
13562,AW00013562,Bryant,Van,S,,2025-10-12
13563,AW00013563,Phillip,Sai,M,,2025-10-12
13564,AW00013564,Sabrina,Blanco,M,,2025-10-12
13565,AW00013565,Tiffany,Zhao,M,,2025-10-12
13566,AW00013566,Mikael,Sandberg,S,,2025-10-12
13567,AW00013567,Anne,Rubio,M,,2025-10-12
13568,AW00013568,Max,Jimenez,M,,2025-10-12
13569,AW00013569,Marcus,Hall,S,,2025-10-12
13570,AW00013570,Benjamin,Jackson,S,,2025-10-12
13571,AW00013571,Allen,Mehta,M,,2025-10-12
13572,AW00013572,Shaun,Deng,S,,2025-10-12
13573,AW00013573,Edwin,Pal,M,,2025-10-12
13574,AW00013574,Brenda,Garcia,S,,2025-10-12
13575,AW00013575,Alicia,Shen,M,,2025-10-12
13576,AW00013576,Tamara,Lal,S,,2025-10-12
13577,AW00013577,Theodore,Torres,M,,2025-10-12
13578,AW00013578,Karl,Nath,M,,2025-10-12
13579,AW00013579,Alan,Chen,M,,2025-10-12
13580,AW00013580,Carol,Xu,M,,2025-10-12
13581,AW00013581,Albert,Blanco,M,,2025-10-12
13582,AW00013582,Martha,Gao,M,,2025-10-12
13583,AW00013583,Blake,Butler,S,,2025-10-12
13584,AW00013584,Isaiah,Cox,S,,2025-10-12
13585,AW00013585,Savannah,Morris,M,,2025-10-12
13586,AW00013586,Larry,Alonso,M,,2025-10-12
13587,AW00013587,Kristina,Subram,S,,2025-10-12
13588,AW00013588,Deb,Dominguez,M,,2025-10-12
13589,AW00013589,Cameron,Smith,S,,2025-10-12
13590,AW00013590,Louis,Xie,M,,2025-10-12
13591,AW00013591,Latasha,Alonso,M,,2025-10-12
13592,AW00013592,Gabriella,Collins,M,,2025-10-12
13593,AW00013593,Deanna,Navarro,S,,2025-10-12
13594,AW00013594,Jessica,Williams,M,,2025-10-12
13595,AW00013595,Cole,Stewart,S,,2025-10-12
13596,AW00013596,Billy,Gomez,M,,2025-10-12
13597,AW00013597,Lance,Gutierrez,M,,2025-10-12
13598,AW00013598,Keith,Luo,M,,2025-10-12
13599,AW00013599,Valerie,Zhu,M,,2025-10-12
13600,AW00013600,Marie,Sanz,M,,2025-10-12
13601,AW00013601,Tanya,Dominguez,M,,2025-10-12
13602,AW00013602,Virginia,Mehta,M,,2025-10-12
13603,AW00013603,Molly,Martinez,M,,2025-10-12
13604,AW00013604,Nuan,Zheng,M,,2025-10-12
13605,AW00013605,Gerrit,Straatsma,M,,2025-10-12
13606,AW00013606,Drew,Sharma,M,,2025-10-12
13607,AW00013607,Levi,Rana,S,,2025-10-12
13608,AW00013608,Karla,Kumar,M,,2025-10-12
13609,AW00013609,Ramon,Yang,M,,2025-10-12
13610,AW00013610,Omar,Sharma,M,,2025-10-12
13611,AW00013611,Marshall,Huang,M,,2025-10-12
13612,AW00013612,Hailey,Ross,M,,2025-10-12
13613,AW00013613,Derek,Jai,M,,2025-10-12
13614,AW00013614,Julie,Becker,S,,2025-10-12
13615,AW00013615,Jacquelyn,Rowe,S,,2025-10-12
13616,AW00013616,Cole,Ramirez,M,,2025-10-12
13617,AW00013617,Gerald,Suri,M,,2025-10-12
13618,AW00013618,Jay,Raman,S,,2025-10-12
13619,AW00013619,Arturo,Xu,M,,2025-10-12
13620,AW00013620,Damien,Ye,S,,2025-10-12
13621,AW00013621,Melody,Ruiz,M,,2025-10-12
13622,AW00013622,Alan,Wang,M,,2025-10-12
13623,AW00013623,Mitchell,Carson,M,,2025-10-12
13624,AW00013624,Nicole,Long,S,,2025-10-12
13625,AW00013625,Jason,Campbell,M,,2025-10-12
13626,AW00013626,Johnathan,Madan,M,,2025-10-12
13627,AW00013627,Natasha,Rubio,M,,2025-10-12
13628,AW00013628,Kaitlin,Schmidt,M,,2025-10-12
13629,AW00013629,Karla,Yuan,M,,2025-10-12
13630,AW00013630,Brenda,Arun,S,,2025-10-12
13631,AW00013631,Joe,Subram,M,,2025-10-12
13632,AW00013632,Cheryl,Munoz,S,,2025-10-12
13633,AW00013633,Juan,Ramos,S,,2025-10-12
13634,AW00013634,Alexis,Russell,M,,2025-10-12
13635,AW00013635,Kurt,Deng,M,,2025-10-12
13636,AW00013636,Jarrod,Rodriguez,M,,2025-10-12
13637,AW00013637,Victoria,Cooper,M,,2025-10-12
13638,AW00013638,Diana,Alvarez,S,,2025-10-12
13639,AW00013639,Colin,Liang,M,,2025-10-12
13640,AW00013640,Rachael,Patel,M,,2025-10-12
13641,AW00013641,Adrian,Watson,S,,2025-10-12
13642,AW00013642,Cassie,Nara,M,,2025-10-12
13643,AW00013643,Ronald,Sai,S,,2025-10-12
13644,AW00013644,Kristi,Dominguez,M,,2025-10-12
13645,AW00013645,Eugene,He,S,,2025-10-12
13646,AW00013646,Terry,Yuan,M,,2025-10-12
13647,AW00013647,Armando,Alonso,S,,2025-10-12
13648,AW00013648,Arturo,Sharma,S,,2025-10-12
13649,AW00013649,Rebekah,Suarez,M,,2025-10-12
13650,AW00013650,Jessie,She,M,,2025-10-12
13651,AW00013651,Jerry,Sharma,M,,2025-10-12
13652,AW00013652,Tamara,Zeng,M,,2025-10-12
13653,AW00013653,Tony,Chander,M,,2025-10-12
13654,AW00013654,Shawn,Andersen,M,,2025-10-12
13655,AW00013655,Christopher,Walker,M,,2025-10-12
13656,AW00013656,Faith,Howard,M,,2025-10-12
13657,AW00013657,Kaylee,Collins,S,,2025-10-12
13658,AW00013658,Wyatt,Bennett,M,,2025-10-12
13659,AW00013659,Clayton,Shan,M,,2025-10-12
13660,AW00013660,Ethan,Davis,M,,2025-10-12
13661,AW00013661,Andre,Sara,M,,2025-10-12
13662,AW00013662,Miguel,Roberts,S,,2025-10-12
13663,AW00013663,Melvin,Tang,S,,2025-10-12
13664,AW00013664,Larry,Diaz,S,,2025-10-12
13665,AW00013665,Kristi,Randall,M,,2025-10-12
13666,AW00013666,Teresa,Ruiz,S,,2025-10-12
13667,AW00013667,Andres,Deng,S,,2025-10-12
13668,AW00013668,Stanley,Martinez,M,,2025-10-12
13669,AW00013669,Kristy,Gill,M,,2025-10-12
13670,AW00013670,Brittney,Zeng,S,,2025-10-12
13671,AW00013671,Frank,Ramos,S,,2025-10-12
13672,AW00013672,Benjamin,Davis,S,,2025-10-12
13673,AW00013673,Sandra,He,S,,2025-10-12
13674,AW00013674,Drew,Shen,S,,2025-10-12
13675,AW00013675,Stanley,Sai,S,,2025-10-12
13676,AW00013676,George,Kapoor,M,,2025-10-12
13677,AW00013677,Brian,Albrecht,S,,2025-10-12
13678,AW00013678,Warren,Goel,M,,2025-10-12
13679,AW00013679,Sandra,Li,M,,2025-10-12
13680,AW00013680,Jan,Watson,M,,2025-10-12
13681,AW00013681,Adam,Hall,S,,2025-10-12
13682,AW00013682,Fernando,Lopez,S,,2025-10-12
13683,AW00013683,Sheila,Torres,S,,2025-10-12
13684,AW00013684,Francis,Dominguez,S,,2025-10-12
13685,AW00013685,Briana,Torres,M,,2025-10-12
13686,AW00013686,Peter,Jai,M,,2025-10-12
13687,AW00013687,Mario,Xie,M,,2025-10-12
13688,AW00013688,Ruben,Sanchez,S,,2025-10-12
13689,AW00013689,Teresa,Ramos,S,,2025-10-12
13690,AW00013690,Claudia,Gao,S,,2025-10-12
13691,AW00013691,Ariana,Bailey,S,,2025-10-12
13692,AW00013692,Curtis,Li,M,,2025-10-12
13693,AW00013693,Dominic,Gonzalez,S,,2025-10-12
13694,AW00013694,Savannah,Gray,S,,2025-10-12
13695,AW00013695,Christian,Clark,S,,2025-10-12
13696,AW00013696,Katherine,Edwards,S,,2025-10-12
13697,AW00013697,Jésus,Munoz,S,,2025-10-12
13698,AW00013698,Catherine,Sanchez,S,,2025-10-12
13699,AW00013699,Rachel,Alexander,S,,2025-10-12
13700,AW00013700,Evan,Howard,S,,2025-10-12
13701,AW00013701,Haley,Scott,S,,2025-10-12
13702,AW00013702,Jessie,Suarez,S,,2025-10-12
13703,AW00013703,Mackenzie,Sanders,S,,2025-10-12
13704,AW00013704,Victoria,Davis,S,,2025-10-12
13705,AW00013705,Blake,Mitchell,S,,2025-10-12
13706,AW00013706,Kaitlyn,Peterson,S,,2025-10-12
13707,AW00013707,Austin,Smith,M,,2025-10-12
13708,AW00013708,Jennifer,Bennett,S,,2025-10-12
13709,AW00013709,Zachary,Robinson,S,,2025-10-12
13710,AW00013710,Destiny,Harris,S,,2025-10-12
13711,AW00013711,Thomas,Mitchell,S,,2025-10-12
13712,AW00013712,Nancy,Martinez,S,,2025-10-12
13713,AW00013713,Alexander,Walker,S,,2025-10-12
13714,AW00013714,Amanda,Ward,M,,2025-10-12
13715,AW00013715,Eduardo,Sanchez,M,,2025-10-12
13716,AW00013716,Brandon,Jai,M,,2025-10-12
13717,AW00013717,Audrey,Gill,M,,2025-10-12
13718,AW00013718,Marcus,Barnes,M,,2025-10-12
13719,AW00013719,Isaac,Carter,M,,2025-10-12
13720,AW00013720,Cameron,Johnson,M,,2025-10-12
13721,AW00013721,Lucas,Howard,S,,2025-10-12
13722,AW00013722,Luke,Campbell,M,,2025-10-12
13723,AW00013723,Leonard,Raje,M,,2025-10-12
13724,AW00013724,Charles,Thompson,M,,2025-10-12
13725,AW00013725,Nathan,Henderson,M,,2025-10-12
13726,AW00013726,Austin,Lewis,M,,2025-10-12
13727,AW00013727,Paula,Rubio,M,,2025-10-12
13728,AW00013728,Taylor,Stewart,M,,2025-10-12
13729,AW00013729,Jason,Li,M,,2025-10-12
13730,AW00013730,Walter,Suarez,M,,2025-10-12
13731,AW00013731,Jan,James,S,,2025-10-12
13732,AW00013732,Julian,Isla,S,,2025-10-12
13733,AW00013733,Sydney,Collins,M,,2025-10-12
13734,AW00013734,Kristi,Gonzalez,M,,2025-10-12
13735,AW00013735,Dennis,Guo,M,,2025-10-12
13736,AW00013736,Cole,Rivera,M,,2025-10-12
13737,AW00013737,Garrett,Sanders,M,,2025-10-12
13738,AW00013738,Jose,Young,M,,2025-10-12
13739,AW00013739,Jason,Coleman,M,,2025-10-12
13740,AW00013740,Jada,Ramirez,M,,2025-10-12
13741,AW00013741,Haley,Morgan,M,,2025-10-12
13742,AW00013742,Benjamin,Ross,M,,2025-10-12
13743,AW00013743,Isabella,Anderson,M,,2025-10-12
13744,AW00013744,Alvin,Andersen,M,,2025-10-12
13745,AW00013745,Andrew,Robinson,M,,2025-10-12
13746,AW00013746,Janelle,Madan,M,,2025-10-12
13747,AW00013747,Brian,Torres,M,,2025-10-12
13748,AW00013748,José,Martinez,M,,2025-10-12
13749,AW00013749,Julio,Alonso,M,,2025-10-12
13750,AW00013750,Raymond,Sai,M,,2025-10-12
13751,AW00013751,Allison,Rivera,S,,2025-10-12
13752,AW00013752,Isabella,Parker,S,,2025-10-12
13753,AW00013753,Rebecca,Nicholls,S,,2025-10-12
13754,AW00013754,Paige,Peterson,S,,2025-10-12
13755,AW00013755,Luke,Roberts,S,,2025-10-12
13756,AW00013756,Kaylee,Young,S,,2025-10-12
13757,AW00013757,Jordyn,Griffin,S,,2025-10-12
13758,AW00013758,Alexandria,Bell,S,,2025-10-12
13759,AW00013759,Jackson,Scott,M,,2025-10-12
13760,AW00013760,Brian,Cooper,M,,2025-10-12
13761,AW00013761,Logan,Powell,M,,2025-10-12
13762,AW00013762,Gavin,Long,M,,2025-10-12
13763,AW00013763,Stephanie,Richardson,S,,2025-10-12
13764,AW00013764,Stephanie,Parker,M,,2025-10-12
13765,AW00013765,Jaime,Shen,M,,2025-10-12
13766,AW00013766,Joe,Gill,M,,2025-10-12
13767,AW00013767,Linda,Jimenez,S,,2025-10-12
13768,AW00013768,Ross,Munoz,M,,2025-10-12
13769,AW00013769,Brendan,Kumar,M,,2025-10-12
13770,AW00013770,Gerald,Moreno,M,,2025-10-12
13771,AW00013771,Victor,Moreno,S,,2025-10-12
13772,AW00013772,Michele,Perez,M,,2025-10-12
13773,AW00013773,Dana,Blanco,M,,2025-10-12
13774,AW00013774,Steve,Guo,S,,2025-10-12
13775,AW00013775,Patricia,Subram,S,,2025-10-12
13776,AW00013776,Miguel,Carter,M,,2025-10-12
13777,AW00013777,Manuel,Perez,M,,2025-10-12
13778,AW00013778,Roger,Huang,M,,2025-10-12
13779,AW00013779,Manuel,Garcia,S,,2025-10-12
13780,AW00013780,Monica,Perez,M,,2025-10-12
13781,AW00013781,Dominique,Patel,M,,2025-10-12
13782,AW00013782,Kelli,Lu,M,,2025-10-12
13783,AW00013783,Logan,Wright,M,,2025-10-12
13784,AW00013784,Spencer,Griffin,S,,2025-10-12
13785,AW00013785,Clayton,She,S,,2025-10-12
13786,AW00013786,Jon,Chavez,S,,2025-10-12
13787,AW00013787,Glenn,Cai,M,,2025-10-12
13788,AW00013788,Kari,Fernandez,M,,2025-10-12
13789,AW00013789,Julie,Shan,S,,2025-10-12
13790,AW00013790,Nina,Deng,S,,2025-10-12
13791,AW00013791,Audrey,Martin,S,,2025-10-12
13792,AW00013792,Charles,Taylor,S,,2025-10-12
13793,AW00013793,Jason,Gonzales,M,,2025-10-12
13794,AW00013794,Mallory,Martin,S,,2025-10-12
13795,AW00013795,Carl,Raje,S,,2025-10-12
13796,AW00013796,Martha,Zheng,M,,2025-10-12
13797,AW00013797,Franklin,Gao,M,,2025-10-12
13798,AW00013798,Tammy,Randall,S,,2025-10-12
13799,AW00013799,Bryan,Bailey,S,,2025-10-12
13800,AW00013800,Logan,Li,M,,2025-10-12
13801,AW00013801,Colleen,Andersen,S,,2025-10-12
13802,AW00013802,Tina,Subram,M,,2025-10-12
13803,AW00013803,Krystal,Zheng,M,,2025-10-12
13804,AW00013804,Dawn,Luo,M,,2025-10-12
13805,AW00013805,Gabriel,Hernandez,M,,2025-10-12
13806,AW00013806,Bryant,Mehta,M,,2025-10-12
13807,AW00013807,Frederick,Rana,S,,2025-10-12
13808,AW00013808,Richard,Perez,S,,2025-10-12
13809,AW00013809,Lisa,Zhou,M,,2025-10-12
13810,AW00013810,Vanessa,Barnes,M,,2025-10-12
13811,AW00013811,Sandra,Chen,S,,2025-10-12
13812,AW00013812,Joanna,Munoz,S,,2025-10-12
13813,AW00013813,Kristen,Sun,M,,2025-10-12
13814,AW00013814,Sarah,Walker,S,,2025-10-12
13815,AW00013815,Lacey,Lin,S,,2025-10-12
13816,AW00013816,Marissa,Henderson,S,,2025-10-12
13817,AW00013817,Jenny,Huang,S,,2025-10-12
13818,AW00013818,Dawn,Chander,S,,2025-10-12
13819,AW00013819,Max,Gill,S,,2025-10-12
13820,AW00013820,Danny,Alvarez,M,,2025-10-12
13821,AW00013821,Allen,Lopez,M,,2025-10-12
13822,AW00013822,Jay,Moyer,M,,2025-10-12
13823,AW00013823,Margaret,Zheng,M,,2025-10-12
13824,AW00013824,Destiny,Wood,S,,2025-10-12
13825,AW00013825,Kelvin,Ma,S,,2025-10-12
13826,AW00013826,Candice,He,S,,2025-10-12
13827,AW00013827,Nathan,Harris,M,,2025-10-12
13828,AW00013828,Jessie,Travers,S,,2025-10-12
13829,AW00013829,Randall,Carlson,S,,2025-10-12
13830,AW00013830,Andrea,Cox,S,,2025-10-12
13831,AW00013831,Eddie,Alvarez,S,,2025-10-12
13832,AW00013832,Priscilla,Raji,S,,2025-10-12
13833,AW00013833,Noah,Lewis,S,,2025-10-12
13834,AW00013834,Naomi,Suarez,S,,2025-10-12
13835,AW00013835,Hailey,Brooks,S,,2025-10-12
13836,AW00013836,Dominic,Sara,S,,2025-10-12
13837,AW00013837,Alyssa,Lee,S,,2025-10-12
13838,AW00013838,Jill,Rubio,S,,2025-10-12
13839,AW00013839,Manuel,Madan,S,,2025-10-12
13840,AW00013840,Tommy,Pal,M,,2025-10-12
13841,AW00013841,Clayton,Kumar,S,,2025-10-12
13842,AW00013842,Kenneth,Xie,S,,2025-10-12
13843,AW00013843,Warren,Xie,S,,2025-10-12
13844,AW00013844,Phillip,Mehta,S,,2025-10-12
13845,AW00013845,Shawn,Nara,M,,2025-10-12
13846,AW00013846,Lisa,Zheng,M,,2025-10-12
13847,AW00013847,Kurt,Tang,M,,2025-10-12
13848,AW00013848,Melissa,Blue,S,,2025-10-12
13849,AW00013849,Preston,Rodriguez,S,,2025-10-12
13850,AW00013850,Anthony,Thompson,S,,2025-10-12
13851,AW00013851,Seth,Moore,S,,2025-10-12
13852,AW00013852,Ian,Robinson,S,,2025-10-12
13853,AW00013853,Connor,Zhang,S,,2025-10-12
13854,AW00013854,Kyle,Parker,M,,2025-10-12
13855,AW00013855,Sarah,Washington,S,,2025-10-12
13856,AW00013856,Ian,Scott,S,,2025-10-12
13857,AW00013857,Victoria,Thompson,M,,2025-10-12
13858,AW00013858,Melanie,Richardson,M,,2025-10-12
13859,AW00013859,Kristin,Deng,M,,2025-10-12
13860,AW00013860,Olivia,Watson,M,,2025-10-12
13861,AW00013861,Hailey,Rogers,M,,2025-10-12
13862,AW00013862,Andrew,Walker,M,,2025-10-12
13863,AW00013863,Kevin,Long,M,,2025-10-12
13864,AW00013864,Robin,Torres,M,,2025-10-12
13865,AW00013865,Mariah,Foster,M,,2025-10-12
13866,AW00013866,Mya,Butler,M,,2025-10-12
13867,AW00013867,Luke,Griffin,M,,2025-10-12
13868,AW00013868,Shelby,Morris,S,,2025-10-12
13869,AW00013869,Anna,Morgan,M,,2025-10-12
13870,AW00013870,Jonathan,Clark,M,,2025-10-12
13871,AW00013871,Sarah,Gonzales,S,,2025-10-12
13872,AW00013872,Alyssa,Henderson,M,,2025-10-12
13873,AW00013873,Russell,Jai,M,,2025-10-12
13874,AW00013874,Alyssa,Bryant,M,,2025-10-12
13875,AW00013875,Samantha,Williams,M,,2025-10-12
13876,AW00013876,Sebastian,Murphy,M,,2025-10-12
13877,AW00013877,Adam,Lal,M,,2025-10-12
13878,AW00013878,Sebastian,Gray,M,,2025-10-12
13879,AW00013879,Derrick,Hernandez,S,,2025-10-12
13880,AW00013880,Marshall,Kumar,S,,2025-10-12
13881,AW00013881,Jasmine,Wood,S,,2025-10-12
13882,AW00013882,Mariah,Russell,S,,2025-10-12
13883,AW00013883,Brandon,Lal,S,,2025-10-12
13884,AW00013884,Jada,Rogers,S,,2025-10-12
13885,AW00013885,Brian,Howard,S,,2025-10-12
13886,AW00013886,Rachel,Taylor,M,,2025-10-12
13887,AW00013887,Nathan,Scott,M,,2025-10-12
13888,AW00013888,Ian,Brown,S,,2025-10-12
13889,AW00013889,Robert,Martin,S,,2025-10-12
13890,AW00013890,Jennifer,Carter,S,,2025-10-12
13891,AW00013891,Aaron,Simmons,M,,2025-10-12
13892,AW00013892,Spencer,Diaz,S,,2025-10-12
13893,AW00013893,Dalton,Carter,M,,2025-10-12
13894,AW00013894,Robyn,Ruiz,M,,2025-10-12
13895,AW00013895,Isabella,Brooks,S,,2025-10-12
13896,AW00013896,Hailey,Mitchell,S,,2025-10-12
13897,AW00013897,Carol,Washington,M,,2025-10-12
13898,AW00013898,Richard,Baker,S,,2025-10-12
13899,AW00013899,Cameron,Jones,M,,2025-10-12
13900,AW00013900,Isaac,Campbell,M,,2025-10-12
13901,AW00013901,Oscar,Foster,M,,2025-10-12
13902,AW00013902,Jeremiah,Simmons,M,,2025-10-12
13903,AW00013903,Elijah,Hernandez,S,,2025-10-12
13904,AW00013904,Natalie,Thompson,M,,2025-10-12
13905,AW00013905,Christian,Henderson,M,,2025-10-12
13906,AW00013906,Courtney,Evans,S,,2025-10-12
13907,AW00013907,Misty,Xie,S,,2025-10-12
13908,AW00013908,Alyssa,Diaz,S,,2025-10-12
13909,AW00013909,Riley,Price,S,,2025-10-12
13910,AW00013910,Isabelle,Butler,S,,2025-10-12
13911,AW00013911,Andrea,Kelly,S,,2025-10-12
13912,AW00013912,Caroline,Simmons,S,,2025-10-12
13913,AW00013913,Angela,Rogers,S,,2025-10-12
13914,AW00013914,Abigail,Bell,M,,2025-10-12
13915,AW00013915,Allison,King,S,,2025-10-12
13916,AW00013916,Eduardo,Ward,S,,2025-10-12
13917,AW00013917,Samuel,Allen,S,,2025-10-12
13918,AW00013918,Armando,Blanco,S,,2025-10-12
13919,AW00013919,Grace,Smith,M,,2025-10-12
13920,AW00013920,Amanda,Rogers,S,,2025-10-12
13921,AW00013921,Joseph,Jones,M,,2025-10-12
13922,AW00013922,Jackson,Foster,M,,2025-10-12
13923,AW00013923,Steven,Howard,S,,2025-10-12
13924,AW00013924,Hannah,Hall,S,,2025-10-12
13925,AW00013925,Wyatt,Barnes,S,,2025-10-12
13926,AW00013926,Dalton,Hill,S,,2025-10-12
13927,AW00013927,Gabriel,Gonzales,S,,2025-10-12
13928,AW00013928,Nathaniel,Morris,M,,2025-10-12
13929,AW00013929,Robert,Hayes,S,,2025-10-12
13930,AW00013930,Samantha,Coleman,M,,2025-10-12
13931,AW00013931,Luke,Hernandez,M,,2025-10-12
13932,AW00013932,Timothy,Sanchez,M,,2025-10-12
13933,AW00013933,Isabella,Richardson,M,,2025-10-12
13934,AW00013934,Luis,Young,M,,2025-10-12
13935,AW00013935,Kimberly,Sanchez,M,,2025-10-12
13936,AW00013936,Nathan,Wilson,M,,2025-10-12
13937,AW00013937,Victoria,Ware,S,,2025-10-12
13938,AW00013938,Alejandro,Cai,M,,2025-10-12
13939,AW00013939,Eduardo,Ramirez,S,,2025-10-12
13940,AW00013940,Emma,Simmons,S,,2025-10-12
13941,AW00013941,Brittany,Hayes,M,,2025-10-12
13942,AW00013942,Seth,Long,M,,2025-10-12
13943,AW00013943,Kelly,Bryant,M,,2025-10-12
13944,AW00013944,Andrew,Moore,M,,2025-10-12
13945,AW00013945,Yolanda,Luo,M,,2025-10-12
13946,AW00013946,Jason,Powell,M,,2025-10-12
13947,AW00013947,Megan,Hughes,M,,2025-10-12
13948,AW00013948,Susan,Ma,S,,2025-10-12
13949,AW00013949,Dwayne,Ramos,M,,2025-10-12
13950,AW00013950,Meredith,Hernandez,M,,2025-10-12
13951,AW00013951,Dylan,Hughes,S,,2025-10-12
13952,AW00013952,Franklin,Ye,M,,2025-10-12
13953,AW00013953,Theresa,Munoz,M,,2025-10-12
13954,AW00013954,Eddie,Ramos,M,,2025-10-12
13955,AW00013955,Andres,Raji,M,,2025-10-12
13956,AW00013956,Dawn,Ma,S,,2025-10-12
13957,AW00013957,Meredith,Munoz,S,,2025-10-12
13958,AW00013958,Diane,Martin,M,,2025-10-12
13959,AW00013959,Ebony,Carlson,M,,2025-10-12
13960,AW00013960,Lacey,Kumar,S,,2025-10-12
13961,AW00013961,Shawna,Raji,M,,2025-10-12
13962,AW00013962,Dawn,Li,M,,2025-10-12
13963,AW00013963,Veronica,Patel,M,,2025-10-12
13964,AW00013964,Jasmine,Lewis,S,,2025-10-12
13965,AW00013965,Barry,Sara,M,,2025-10-12
13966,AW00013966,Darren,Dominguez,M,,2025-10-12
13967,AW00013967,Glenn,Zhang,S,,2025-10-12
13968,AW00013968,Lydia,Sai,S,,2025-10-12
13969,AW00013969,Roy,Martinez,S,,2025-10-12
13970,AW00013970,Pedro,Rana,S,,2025-10-12
13971,AW00013971,Bianca,Zhao,S,,2025-10-12
13972,AW00013972,Eugene,Liang,S,,2025-10-12
13973,AW00013973,Bethany,Shan,S,,2025-10-12
13974,AW00013974,Tina,Chandra,M,,2025-10-12
13975,AW00013975,Johnny,Raje,S,,2025-10-12
13976,AW00013976,Emmanuel,Smith,M,,2025-10-12
13977,AW00013977,Alexandra,Brown,M,,2025-10-12
13978,AW00013978,Zoe,Peterson,M,,2025-10-12
13979,AW00013979,Chloe,Jenkins,S,,2025-10-12
13980,AW00013980,Margaret,Liu,S,,2025-10-12
13981,AW00013981,Joy,Carlson,M,,2025-10-12
13982,AW00013982,Clarence,Chander,M,,2025-10-12
13983,AW00013983,Logan,Collins,M,,2025-10-12
13984,AW00013984,Adrian,Richardson,S,,2025-10-12
13985,AW00013985,Alexis,Wood,M,,2025-10-12
13986,AW00013986,Chloe,Anderson,M,,2025-10-12
13987,AW00013987,Eduardo,Collins,S,,2025-10-12
13988,AW00013988,Miguel,White,S,,2025-10-12
13989,AW00013989,Chloe,Bradley,S,,2025-10-12
13990,AW00013990,Stephanie,Wood,S,,2025-10-12
13991,AW00013991,Jack,Hayes,M,,2025-10-12
13992,AW00013992,Gregory,Xie,S,,2025-10-12
13993,AW00013993,Zachary,Patterson,M,,2025-10-12
13994,AW00013994,Isaac,Cook,M,,2025-10-12
13995,AW00013995,Michele,Black,M,,2025-10-12
13996,AW00013996,Marie,Perez,M,,2025-10-12
13997,AW00013997,Raquel,Hernandez,M,,2025-10-12
13998,AW00013998,Ethan,Martin,M,,2025-10-12
13999,AW00013999,Elijah,Gonzales,M,,2025-10-12
14000,AW00014000,Terry,Sharma,S,,2025-10-12
14001,AW00014001,Hunter,Hill,S,,2025-10-12
14002,AW00014002,Jacqueline,Reed,S,,2025-10-12
14003,AW00014003,Angel,Ramirez,S,,2025-10-12
14004,AW00014004,Caitlin,Kelly,M,,2025-10-12
14005,AW00014005,Noah,Hughes,M,,2025-10-12
14006,AW00014006,Brianna,Walker,M,,2025-10-12
14007,AW00014007,Rebekah,Garcia,M,,2025-10-12
14008,AW00014008,Karen,Liu,M,,2025-10-12
14009,AW00014009,Brandy,Prasad,M,,2025-10-12
14010,AW00014010,Thomas,Moore,M,,2025-10-12
14011,AW00014011,Roger,Shen,S,,2025-10-12
14012,AW00014012,Eddie,Vazquez,M,,2025-10-12
14013,AW00014013,Jimmy,Blanco,M,,2025-10-12
14014,AW00014014,Leslie,Serrano,M,,2025-10-12
14015,AW00014015,Kurt,Lal,M,,2025-10-12
14016,AW00014016,Mary,Sandidge,M,,2025-10-12
14017,AW00014017,Chloe,Rodriguez,S,,2025-10-12
14018,AW00014018,Nina,Rai,M,,2025-10-12
14019,AW00014019,Kathleen,Romero,M,,2025-10-12
14020,AW00014020,Kristine,Dominguez,S,,2025-10-12
14021,AW00014021,Michelle,Richardson,S,,2025-10-12
14022,AW00014022,Taylor,Lee,S,,2025-10-12
14023,AW00014023,Beth,Carlson,S,,2025-10-12
14024,AW00014024,Hannah,Moore,S,,2025-10-12
14025,AW00014025,Robert,Alexander,M,,2025-10-12
14026,AW00014026,Chloe,Butler,S,,2025-10-12
14027,AW00014027,Carlos,Perez,M,,2025-10-12
14028,AW00014028,Patricia,Srini,S,,2025-10-12
14029,AW00014029,Christina,Morris,M,,2025-10-12
14030,AW00014030,Lawrence,Sanz,S,,2025-10-12
14031,AW00014031,Ruben,Suarez,M,,2025-10-12
14032,AW00014032,Arthur,Chandra,M,,2025-10-12
14033,AW00014033,Melinda,Torres,S,,2025-10-12
14034,AW00014034,Dennis,Liang,S,,2025-10-12
14035,AW00014035,Hunter,Hughes,S,,2025-10-12
14036,AW00014036,Amanda,Torres,M,,2025-10-12
14037,AW00014037,Lydia,Sara,M,,2025-10-12
14038,AW00014038,Madison,Foster,M,,2025-10-12
14039,AW00014039,Nathan,Wang,S,,2025-10-12
14040,AW00014040,Stephanie,Morris,S,,2025-10-12
14041,AW00014041,Danielle,Bell,S,,2025-10-12
14042,AW00014042,Stephanie,Adams,M,,2025-10-12
14043,AW00014043,Mary,Gonzalez,S,,2025-10-12
14044,AW00014044,Thomas,Wright,M,,2025-10-12
14045,AW00014045,Tanya,Ramos,M,,2025-10-12
14046,AW00014046,Cheryl,Sanz,M,,2025-10-12
14047,AW00014047,Linda,Alvarez,S,,2025-10-12
14048,AW00014048,Wyatt,Mitchell,M,,2025-10-12
14049,AW00014049,Gina,Hernandez,M,,2025-10-12
14050,AW00014050,Manuel,Lopez,S,,2025-10-12
14051,AW00014051,Nathaniel,Rivera,S,,2025-10-12
14052,AW00014052,Jorge,Ma,S,,2025-10-12
14053,AW00014053,Tamara,Huang,S,,2025-10-12
14054,AW00014054,Reginald,Martin,M,,2025-10-12
14055,AW00014055,Alejandro,Kumar,M,,2025-10-12
14056,AW00014056,Nelson,Sanz,M,,2025-10-12
14057,AW00014057,Lance,Alonso,M,,2025-10-12
14058,AW00014058,Johnny,Anand,S,,2025-10-12
14059,AW00014059,Rodney,Ramos,M,,2025-10-12
14060,AW00014060,Cedric,Sharma,M,,2025-10-12
14061,AW00014061,Naomi,Torres,M,,2025-10-12
14062,AW00014062,Madison,Clark,S,,2025-10-12
14063,AW00014063,Patrick,Sands,S,,2025-10-12
14064,AW00014064,Stacey,Li,S,,2025-10-12
14065,AW00014065,Samuel,Diaz,S,,2025-10-12
14066,AW00014066,Melody,Jimenez,S,,2025-10-12
14067,AW00014067,Larry,Sanz,S,,2025-10-12
14068,AW00014068,Brent,McDonald,M,,2025-10-12
14069,AW00014069,Joy,Serrano,M,,2025-10-12
14070,AW00014070,Ricky,Alonso,S,,2025-10-12
14071,AW00014071,Jack,Li,S,,2025-10-12
14072,AW00014072,Allen,Smith,M,,2025-10-12
14073,AW00014073,Gabriel,Alexander,M,,2025-10-12
14074,AW00014074,Barbara,Xu,M,,2025-10-12
14075,AW00014075,Robert,Harris,S,,2025-10-12
14076,AW00014076,Justin,Ross,M,,2025-10-12
14077,AW00014077,Bryan,Townsend,S,,2025-10-12
14078,AW00014078,Ryan,Alexander,M,,2025-10-12
14079,AW00014079,Lauren,Price,S,,2025-10-12
14080,AW00014080,Cynthia,Srini,S,,2025-10-12
14081,AW00014081,Nicole,Butler,M,,2025-10-12
14082,AW00014082,Johnny,Jai,S,,2025-10-12
14083,AW00014083,Nathan,Lopez,M,,2025-10-12
14084,AW00014084,Robert,Lal,S,,2025-10-12
14085,AW00014085,Nathan,Garcia,M,,2025-10-12
14086,AW00014086,Maurice,Chander,M,,2025-10-12
14087,AW00014087,Harold,Garcia,S,,2025-10-12
14088,AW00014088,Alexandra,Lopez,S,,2025-10-12
14089,AW00014089,Kaitlyn,Gray,S,,2025-10-12
14090,AW00014090,Jennifer,Lewis,M,,2025-10-12
14091,AW00014091,Logan,Thomas,S,,2025-10-12
14092,AW00014092,Maurice,Nath,S,,2025-10-12
14093,AW00014093,Jillian,Arthur,S,,2025-10-12
14094,AW00014094,Amanda,Russell,S,,2025-10-12
14095,AW00014095,Paige,Griffin,M,,2025-10-12
14096,AW00014096,Samuel,Green,S,,2025-10-12
14097,AW00014097,Johnathan,Srini,M,,2025-10-12
14098,AW00014098,Allison,Lopez,M,,2025-10-12
14099,AW00014099,Rafael,Lin,M,,2025-10-12
14100,AW00014100,Alisha,Xu,M,,2025-10-12
14101,AW00014101,Franklin,Lal,M,,2025-10-12
14102,AW00014102,Lisa,Huang,S,,2025-10-12
14103,AW00014103,Monique,Blanco,S,,2025-10-12
14104,AW00014104,Sydney,James,S,,2025-10-12
14105,AW00014105,Jackson,Zhang,S,,2025-10-12
14106,AW00014106,Melissa,Hughes,S,,2025-10-12
14107,AW00014107,Alexandra,Garcia,S,,2025-10-12
14108,AW00014108,Thomas,Yang,S,,2025-10-12
14109,AW00014109,Aidan,Gonzales,M,,2025-10-12
14110,AW00014110,Dakota,Simmons,S,,2025-10-12
14111,AW00014111,Michael,Anderson,S,,2025-10-12
14112,AW00014112,Charles,Sanchez,S,,2025-10-12
14113,AW00014113,Natalie,Lopez,S,,2025-10-12
14114,AW00014114,Chloe,Martin,M,,2025-10-12
14115,AW00014115,Samantha,Gonzales,S,,2025-10-12
14116,AW00014116,Brianna,Torres,S,,2025-10-12
14117,AW00014117,Emma,Cook,S,,2025-10-12
14118,AW00014118,Elizabeth,Ross,S,,2025-10-12
14119,AW00014119,Paige,Cooper,S,,2025-10-12
14120,AW00014120,Gabrielle,Cooper,M,,2025-10-12
14121,AW00014121,Devon,Goel,S,,2025-10-12
14122,AW00014122,Kaitlyn,Miller,M,,2025-10-12
14123,AW00014123,Erick,Mehta,M,,2025-10-12
14124,AW00014124,Justin,Li,M,,2025-10-12
14125,AW00014125,Shane,Gonzalez,S,,2025-10-12
14126,AW00014126,Andy,Dominguez,M,,2025-10-12
14127,AW00014127,Lacey,Zhang,M,,2025-10-12
14128,AW00014128,Ian,Harris,S,,2025-10-12
14129,AW00014129,Monica,Martinez,M,,2025-10-12
14130,AW00014130,Rebekah,Serrano,M,,2025-10-12
14131,AW00014131,Javier,Navarro,M,,2025-10-12
14132,AW00014132,Brandon,Ross,S,,2025-10-12
14133,AW00014133,Ricardo,Kumar,S,,2025-10-12
14134,AW00014134,Cassandra,Fernandez,S,,2025-10-12
14135,AW00014135,Clayton,Xie,M,,2025-10-12
14136,AW00014136,Louis,She,M,,2025-10-12
14137,AW00014137,Joy,Ruiz,M,,2025-10-12
14138,AW00014138,Vincent,He,S,,2025-10-12
14139,AW00014139,Meredith,Sai,M,,2025-10-12
14140,AW00014140,Meagan,Sai,M,,2025-10-12
14141,AW00014141,Ana,Bryant,S,,2025-10-12
14142,AW00014142,Damien,Zheng,M,,2025-10-12
14143,AW00014143,Jill,Sandoval,S,,2025-10-12
14144,AW00014144,Lee,Gutierrez,M,,2025-10-12
14145,AW00014145,Jessie,Ye,S,,2025-10-12
14146,AW00014146,Toni,Sara,M,,2025-10-12
14147,AW00014147,Marcus,Rivera,M,,2025-10-12
14148,AW00014148,Shaun,Sharma,M,,2025-10-12
14149,AW00014149,Donald,Srini,M,,2025-10-12
14150,AW00014150,Billy,Munoz,M,,2025-10-12
14151,AW00014151,Marie,Martin,S,,2025-10-12
14152,AW00014152,Luke,Turner,S,,2025-10-12
14153,AW00014153,Dylan,Lewis,S,,2025-10-12
14154,AW00014154,Willie,Gao,M,,2025-10-12
14155,AW00014155,Olivia,Morris,M,,2025-10-12
14156,AW00014156,Preston,Gonzalez,S,,2025-10-12
14157,AW00014157,Willie,Xu,S,,2025-10-12
14158,AW00014158,Craig,Moreno,S,,2025-10-12
14159,AW00014159,Jay,Malhotra,S,,2025-10-12
14160,AW00014160,Brittney,Hu,M,,2025-10-12
14161,AW00014161,Claudia,Li,S,,2025-10-12
14162,AW00014162,Brett,Garcia,M,,2025-10-12
14163,AW00014163,Ebony,Garcia,M,,2025-10-12
14164,AW00014164,Kari,Smith,S,,2025-10-12
14165,AW00014165,Natalie,Gray,S,,2025-10-12
14166,AW00014166,Elizabeth,Jenkins,M,,2025-10-12
14167,AW00014167,Pamela,Subram,S,,2025-10-12
14168,AW00014168,Edwin,Guo,M,,2025-10-12
14169,AW00014169,Carmen,Martinez,S,,2025-10-12
14170,AW00014170,Rebekah,Moreno,S,,2025-10-12
14171,AW00014171,Michele,Lal,S,,2025-10-12
14172,AW00014172,Carla,Garcia,S,,2025-10-12
14173,AW00014173,Tonya,Shan,M,,2025-10-12
14174,AW00014174,Alberto,Diaz,M,,2025-10-12
14175,AW00014175,Cynthia,Mehta,M,,2025-10-12
14176,AW00014176,Mindy,Rai,M,,2025-10-12
14177,AW00014177,Kenneth,Nara,M,,2025-10-12
14178,AW00014178,Katie,Raje,S,,2025-10-12
14179,AW00014179,Claudia,Xu,S,,2025-10-12
14180,AW00014180,Henry,Patel,M,,2025-10-12
14181,AW00014181,Adriana,Chandra,M,,2025-10-12
14182,AW00014182,Steve,Lin,M,,2025-10-12
14183,AW00014183,Robyn,Carlson,S,,2025-10-12
14184,AW00014184,Caleb,Jenkins,M,,2025-10-12
14185,AW00014185,Frank,Vazquez,S,,2025-10-12
14186,AW00014186,Katrina,Tang,M,,2025-10-12
14187,AW00014187,Eugene,Lu,M,,2025-10-12
14188,AW00014188,Meagan,Sanchez,M,,2025-10-12
14189,AW00014189,Krista,Martin,M,,2025-10-12
14190,AW00014190,Candace,Patel,M,,2025-10-12
14191,AW00014191,Derrick,Martin,M,,2025-10-12
14192,AW00014192,Ronald,Kapoor,M,,2025-10-12
14193,AW00014193,Pamela,Vance,S,,2025-10-12
14194,AW00014194,Cassie,Rai,M,,2025-10-12
14195,AW00014195,Clinton,Blanco,S,,2025-10-12
14196,AW00014196,Felicia,Dominguez,M,,2025-10-12
14197,AW00014197,Frank,Gill,M,,2025-10-12
14198,AW00014198,Daisy,Romero,M,,2025-10-12
14199,AW00014199,Samuel,Anderson,M,,2025-10-12
14200,AW00014200,Colleen,Goel,M,,2025-10-12
14201,AW00014201,Marie,Serrano,M,,2025-10-12
14202,AW00014202,Clayton,Zeng,S,,2025-10-12
14203,AW00014203,Seth,Rodriguez,S,,2025-10-12
14204,AW00014204,Chelsea,Sara,M,,2025-10-12
14205,AW00014205,Wesley,Wu,S,,2025-10-12
14206,AW00014206,Edwin,West,M,,2025-10-12
14207,AW00014207,José,Saraiva,M,,2025-10-12
14208,AW00014208,Eugene,Xu,S,,2025-10-12
14209,AW00014209,Craig,Ramos,M,,2025-10-12
14210,AW00014210,Jenny,Tang,M,,2025-10-12
14211,AW00014211,Emma,Bradley,S,,2025-10-12
14212,AW00014212,Erick,Madan,S,,2025-10-12
14213,AW00014213,Autumn,Guo,M,,2025-10-12
14214,AW00014214,Robyn,Munoz,S,,2025-10-12
14215,AW00014215,Stacey,Yang,S,,2025-10-12
14216,AW00014216,Edwin,Zheng,S,,2025-10-12
14217,AW00014217,Terrance,Lopez,S,,2025-10-12
14218,AW00014218,Karl,Kumar,S,,2025-10-12
14219,AW00014219,Christy,Ye,S,,2025-10-12
14220,AW00014220,Latasha,Romero,M,,2025-10-12
14221,AW00014221,Glenn,Zhao,S,,2025-10-12
14222,AW00014222,Dawn,Zhang,S,,2025-10-12
14223,AW00014223,Larry,Rubio,M,,2025-10-12
14224,AW00014224,Tamara,She,S,,2025-10-12
14225,AW00014225,Alisha,Chen,M,,2025-10-12
14226,AW00014226,Heidi,Mehta,S,,2025-10-12
14227,AW00014227,Alison,Xu,M,,2025-10-12
14228,AW00014228,Arturo,Raje,S,,2025-10-12
14229,AW00014229,Allen,Perez,S,,2025-10-12
14230,AW00014230,Luis,Coleman,S,,2025-10-12
14231,AW00014231,Kari,Sai,M,,2025-10-12
14232,AW00014232,Omar,Huang,M,,2025-10-12
14233,AW00014233,Ricardo,She,S,,2025-10-12
14234,AW00014234,Gina,Romero,S,,2025-10-12
14235,AW00014235,Larry,Alvarez,M,,2025-10-12
14236,AW00014236,Abigail,Richardson,M,,2025-10-12
14237,AW00014237,Kate,Andersen,M,,2025-10-12
14238,AW00014238,Jay,Gonzalez,M,,2025-10-12
14239,AW00014239,Maria,Peterson,M,,2025-10-12
14240,AW00014240,Caroline,Foster,M,,2025-10-12
14241,AW00014241,Grace,Wood,M,,2025-10-12
14242,AW00014242,Rafael,Ye,M,,2025-10-12
14243,AW00014243,Gregory,Winston,S,,2025-10-12
14244,AW00014244,Jennifer,Griffin,M,,2025-10-12
14245,AW00014245,Ana,Russell,M,,2025-10-12
14246,AW00014246,Devin,Garcia,S,,2025-10-12
14247,AW00014247,Hunter,Allen,M,,2025-10-12
14248,AW00014248,Misty,Tang,M,,2025-10-12
14249,AW00014249,Eduardo,Thomas,M,,2025-10-12
14250,AW00014250,Adam,Collins,S,,2025-10-12
14251,AW00014251,Alex,Brooks,M,,2025-10-12
14252,AW00014252,Destiny,Cook,M,,2025-10-12
14253,AW00014253,Eduardo,Scott,S,,2025-10-12
14254,AW00014254,Tabitha,Gill,M,,2025-10-12
14255,AW00014255,Jonathan,Jackson,S,,2025-10-12
14256,AW00014256,Elizabeth,Robinson,S,,2025-10-12
14257,AW00014257,James,Carter,M,,2025-10-12
14258,AW00014258,Haley,Foster,S,,2025-10-12
14259,AW00014259,Antonio,Flores,S,,2025-10-12
14260,AW00014260,Frank,Ruiz,S,,2025-10-12
14261,AW00014261,Meredith,Subram,S,,2025-10-12
14262,AW00014262,Jon,He,M,,2025-10-12
14263,AW00014263,Nina,Lal,S,,2025-10-12
14264,AW00014264,Karl,Lal,S,,2025-10-12
14265,AW00014265,Garrett,Bell,S,,2025-10-12
14266,AW00014266,Cory,Patel,M,,2025-10-12
14267,AW00014267,Lauren,Wood,S,,2025-10-12
14268,AW00014268,Isabella,Roberts,S,,2025-10-12
14269,AW00014269,Tony,She,M,,2025-10-12
14270,AW00014270,James,Ross,S,,2025-10-12
14271,AW00014271,Lucas,Wright,M,,2025-10-12
14272,AW00014272,Sydney,Ward,S,,2025-10-12
14273,AW00014273,Angel,Parker,S,,2025-10-12
14274,AW00014274,Edward,Williams,M,,2025-10-12
14275,AW00014275,Arthur,Prasad,S,,2025-10-12
14276,AW00014276,Melody,Suarez,S,,2025-10-12
14277,AW00014277,Jerry,She,S,,2025-10-12
14278,AW00014278,Olivia,Sanchez,M,,2025-10-12
14279,AW00014279,Taylor,Barnes,M,,2025-10-12
14280,AW00014280,Isaac,Oliver,S,,2025-10-12
14281,AW00014281,Daniel,Wilson,S,,2025-10-12
14282,AW00014282,Brianna,Lewis,S,,2025-10-12
14283,AW00014283,Seth,Simmons,S,,2025-10-12
14284,AW00014284,Wyatt,Anderson,S,,2025-10-12
14285,AW00014285,Taylor,Hughes,S,,2025-10-12
14286,AW00014286,Kristine,Hernandez,M,,2025-10-12
14287,AW00014287,Derek,Xie,S,,2025-10-12
14288,AW00014288,Christina,Ramirez,S,,2025-10-12
14289,AW00014289,Jessica,Martinez,S,,2025-10-12
14290,AW00014290,Jonathan,Wilson,S,,2025-10-12
14291,AW00014291,Tyler,White,S,,2025-10-12
14292,AW00014292,Isabella,Ross,S,,2025-10-12
14293,AW00014293,Kyle,Campbell,M,,2025-10-12
14294,AW00014294,Steven,Gray,M,,2025-10-12
14295,AW00014295,Hannah,Thomas,S,,2025-10-12
14296,AW00014296,Benjamin,Russell,M,,2025-10-12
14297,AW00014297,Kristin,Raji,M,,2025-10-12
14298,AW00014298,Kaitlyn,Jenkins,M,,2025-10-12
14299,AW00014299,Jermaine,Chandra,M,,2025-10-12
14300,AW00014300,Colin,He,S,,2025-10-12
14301,AW00014301,Ruben,Vazquez,M,,2025-10-12
14302,AW00014302,April,Beck,S,,2025-10-12
14303,AW00014303,Briana,Ramos,M,,2025-10-12
14304,AW00014304,Jacquelyn,Jimenez,M,,2025-10-12
14305,AW00014305,Brendan,Shen,M,,2025-10-12
14306,AW00014306,Byron,Ramos,M,,2025-10-12
14307,AW00014307,Ross,Perez,M,,2025-10-12
14308,AW00014308,Marie,Ramos,S,,2025-10-12
14309,AW00014309,Orlando,Sanz,S,,2025-10-12
14310,AW00014310,Jon,Zeng,S,,2025-10-12
14311,AW00014311,Erik,Alvarez,S,,2025-10-12
14312,AW00014312,Claudia,Lin,M,,2025-10-12
14313,AW00014313,Christian,Smith,M,,2025-10-12
14314,AW00014314,Katherine,Cooper,M,,2025-10-12
14315,AW00014315,Carl,Chander,S,,2025-10-12
14316,AW00014316,Leonard,Anand,M,,2025-10-12
14317,AW00014317,Steve,Liang,S,,2025-10-12
14318,AW00014318,Seth,Rogers,M,,2025-10-12
14319,AW00014319,Renee,Sanz,M,,2025-10-12
14320,AW00014320,Amy,Hu,M,,2025-10-12
14321,AW00014321,Jackson,Evans,M,,2025-10-12
14322,AW00014322,Sydney,Thomas,S,,2025-10-12
14323,AW00014323,Colin,Tang,S,,2025-10-12
14324,AW00014324,Jessie,Alvarez,S,,2025-10-12
14325,AW00014325,Crystal,Li,S,,2025-10-12
14326,AW00014326,Joe,Perez,S,,2025-10-12
14327,AW00014327,Kyle,Butler,S,,2025-10-12
14328,AW00014328,Andrea,Rogers,S,,2025-10-12
14329,AW00014329,Holly,Sanchez,S,,2025-10-12
14330,AW00014330,Matthew,Harris,M,,2025-10-12
14331,AW00014331,Timothy,Murphy,S,,2025-10-12
14332,AW00014332,Jade,Rogers,S,,2025-10-12
14333,AW00014333,Bobby,Suri,S,,2025-10-12
14334,AW00014334,Patrick,Murphy,M,,2025-10-12
14335,AW00014335,Allison,Cox,M,,2025-10-12
14336,AW00014336,Gabriel,Baker,M,,2025-10-12
14337,AW00014337,Olivia,Coleman,S,,2025-10-12
14338,AW00014338,Natalie,Taylor,M,,2025-10-12
14339,AW00014339,Brandy,Suri,S,,2025-10-12
14340,AW00014340,Miranda,Butler,S,,2025-10-12
14341,AW00014341,Sean,Sanders,M,,2025-10-12
14342,AW00014342,Beth,Ruiz,S,,2025-10-12
14343,AW00014343,Xavier,Turner,M,,2025-10-12
14344,AW00014344,Kurt,Xie,S,,2025-10-12
14345,AW00014345,Kristi,Rodriguez,M,,2025-10-12
14346,AW00014346,Evelyn,Perez,S,,2025-10-12
14347,AW00014347,Tara,Goel,S,,2025-10-12
14348,AW00014348,Alex,Scott,M,,2025-10-12
14349,AW00014349,Nicole,Griffin,M,,2025-10-12
14350,AW00014350,Emily,Moore,S,,2025-10-12
14351,AW00014351,Riley,Gray,S,,2025-10-12
14352,AW00014352,Melissa,Butler,S,,2025-10-12
14353,AW00014353,Erin,Reed,S,,2025-10-12
14354,AW00014354,Seth,Green,S,,2025-10-12
14355,AW00014355,Ian,King,M,,2025-10-12
14356,AW00014356,Isabella,Baker,S,,2025-10-12
14357,AW00014357,Dalton,Collins,M,,2025-10-12
14358,AW00014358,Amanda,Watson,M,,2025-10-12
14359,AW00014359,Eduardo,Henderson,M,,2025-10-12
14360,AW00014360,Samantha,Patterson,S,,2025-10-12
14361,AW00014361,Franklin,Raje,M,,2025-10-12
14362,AW00014362,Roberto,Gill,S,,2025-10-12
14363,AW00014363,Natalie,Long,S,,2025-10-12
14364,AW00014364,Mario,Rai,M,,2025-10-12
14365,AW00014365,Evan,Ward,M,,2025-10-12
14366,AW00014366,Anna,Brooks,S,,2025-10-12
14367,AW00014367,Courtney,Green,S,,2025-10-12
14368,AW00014368,Richard,Thompson,M,,2025-10-12
14369,AW00014369,Devin,Sanchez,M,,2025-10-12
14370,AW00014370,Meghan,Dominguez,M,,2025-10-12
14371,AW00014371,Jeremiah,Lewis,M,,2025-10-12
14372,AW00014372,Kaitlyn,Washington,M,,2025-10-12
14373,AW00014373,Ricardo,Jai,M,,2025-10-12
14374,AW00014374,David,Yang,M,,2025-10-12
14375,AW00014375,Alexandra,Moore,M,,2025-10-12
14376,AW00014376,Faith,Torres,S,,2025-10-12
14377,AW00014377,Paula,Ruiz,S,,2025-10-12
14378,AW00014378,Cory,Mehta,S,,2025-10-12
14379,AW00014379,Richard,Foster,M,,2025-10-12
14380,AW00014380,Kaylee,Watson,M,,2025-10-12
14381,AW00014381,Alexa,Cooper,S,,2025-10-12
14382,AW00014382,Darren,Blanco,S,,2025-10-12
14383,AW00014383,Marvin,Ferrier,M,,2025-10-12
14384,AW00014384,Rachel,Miller,M,,2025-10-12
14385,AW00014385,Maria,Hall,M,,2025-10-12
14386,AW00014386,Marissa,Wood,S,,2025-10-12
14387,AW00014387,Brittany,Hughes,M,,2025-10-12
14388,AW00014388,Kaylee,Rogers,M,,2025-10-12
14389,AW00014389,Ryan,Harris,M,,2025-10-12
14390,AW00014390,Logan,Kumar,M,,2025-10-12
14391,AW00014391,Jason,Long,M,,2025-10-12
14392,AW00014392,Justin,Jackson,M,,2025-10-12
14393,AW00014393,José,Perez,S,,2025-10-12
14394,AW00014394,Jacob,Rodriguez,M,,2025-10-12
14395,AW00014395,Devin,Reed,S,,2025-10-12
14396,AW00014396,Zoe,Sanchez,S,,2025-10-12
14397,AW00014397,Sierra,Edwards,S,,2025-10-12
14398,AW00014398,James,Anderson,M,,2025-10-12
14399,AW00014399,Jeremy,Peterson,S,,2025-10-12
14400,AW00014400,Brandon,Brown,S,,2025-10-12
14401,AW00014401,Jose,Kumar,M,,2025-10-12
14402,AW00014402,Hailey,Parker,S,,2025-10-12
14403,AW00014403,Angelica,Russell,S,,2025-10-12
14404,AW00014404,Rachel,Davis,S,,2025-10-12
14405,AW00014405,Dylan,Walker,M,,2025-10-12
14406,AW00014406,Carrie,Schmidt,M,,2025-10-12
14407,AW00014407,Thomas,Bryant,M,,2025-10-12
14408,AW00014408,Jasmine,Cook,S,,2025-10-12
14409,AW00014409,Eric,Wang,M,,2025-10-12
14410,AW00014410,Arianna,Brooks,M,,2025-10-12
14411,AW00014411,Ashley,Johnson,S,,2025-10-12
14412,AW00014412,Nicole,Blue,S,,2025-10-12
14413,AW00014413,Rachel,Patterson,M,,2025-10-12
14414,AW00014414,Rachel,Wilson,M,,2025-10-12
14415,AW00014415,William,Davis,M,,2025-10-12
14416,AW00014416,Madison,Flores,M,,2025-10-12
14417,AW00014417,Ernest,Lu,S,,2025-10-12
14418,AW00014418,Rebecca,Young,M,,2025-10-12
14419,AW00014419,Abigail,Ward,M,,2025-10-12
14420,AW00014420,Chloe,Wright,S,,2025-10-12
14421,AW00014421,Hannah,Barnes,M,,2025-10-12
14422,AW00014422,Cara,Lu,S,,2025-10-12
14423,AW00014423,Jill,Ruiz,M,,2025-10-12
14424,AW00014424,Stefanie,Raman,S,,2025-10-12
14425,AW00014425,Victor,Carlson,M,,2025-10-12
14426,AW00014426,Madison,Hughes,M,,2025-10-12
14427,AW00014427,Emmanuel,Patel,M,,2025-10-12
14428,AW00014428,Cassie,Andersen,S,,2025-10-12
14429,AW00014429,Lacey,He,S,,2025-10-12
14430,AW00014430,Sydney,Jones,M,,2025-10-12
14431,AW00014431,Kayla,Moore,M,,2025-10-12
14432,AW00014432,Antonio,Russell,S,,2025-10-12
14433,AW00014433,Jennifer,Peterson,M,,2025-10-12
14434,AW00014434,Sophia,Hill,S,,2025-10-12
14435,AW00014435,Jennifer,Wilson,M,,2025-10-12
14436,AW00014436,John,Martin,M,,2025-10-12
14437,AW00014437,Mitchell,Anand,M,,2025-10-12
14438,AW00014438,Gabrielle,Gonzales,S,,2025-10-12
14439,AW00014439,Brian,Cox,M,,2025-10-12
14440,AW00014440,Jon,Tang,M,,2025-10-12
14441,AW00014441,William,Lewis,M,,2025-10-12
14442,AW00014442,Shelby,Peterson,S,,2025-10-12
14443,AW00014443,Benjamin,Wilson,M,,2025-10-12
14444,AW00014444,Patrick,Sanders,M,,2025-10-12
14445,AW00014445,Benjamin,Henderson,M,,2025-10-12
14446,AW00014446,Jeremiah,Johnson,M,,2025-10-12
14447,AW00014447,Madison,Alexander,S,,2025-10-12
14448,AW00014448,Lauren,Butler,M,,2025-10-12
14449,AW00014449,Logan,Jenkins,S,,2025-10-12
14450,AW00014450,Kevin,Butler,M,,2025-10-12
14451,AW00014451,Tyler,Moore,S,,2025-10-12
14452,AW00014452,Alex,Gonzalez,M,,2025-10-12
14453,AW00014453,Jesse,Scott,S,,2025-10-12
14454,AW00014454,Kayla,Anderson,M,,2025-10-12
14455,AW00014455,Alexandra,Mitchell,M,,2025-10-12
14456,AW00014456,Benjamin,Walker,S,,2025-10-12
14457,AW00014457,Thomas,White,M,,2025-10-12
14458,AW00014458,Jordan,Yang,M,,2025-10-12
14459,AW00014459,Cody,Gray,S,,2025-10-12
14460,AW00014460,Jose,Long,M,,2025-10-12
14461,AW00014461,Chloe,Gonzalez,M,,2025-10-12
14462,AW00014462,Beth,Sanz,M,,2025-10-12
14463,AW00014463,Julia,Patterson,M,,2025-10-12
14464,AW00014464,Elizabeth,Price,M,,2025-10-12
14465,AW00014465,Dakota,Patterson,M,,2025-10-12
14466,AW00014466,Logan,Adams,M,,2025-10-12
14467,AW00014467,Aidan,Russell,M,,2025-10-12
14468,AW00014468,Grace,Rivera,S,,2025-10-12
14469,AW00014469,Angela,Bell,M,,2025-10-12
14470,AW00014470,Jeremy,Robinson,M,,2025-10-12
14471,AW00014471,Gabriel,Gonzalez,S,,2025-10-12
14472,AW00014472,Natalie,Diaz,M,,2025-10-12
14473,AW00014473,Miguel,King,M,,2025-10-12
14474,AW00014474,Jacqueline,Murphy,M,,2025-10-12
14475,AW00014475,Isabella,Perry,M,,2025-10-12
14476,AW00014476,Bryce,Reed,M,,2025-10-12
14477,AW00014477,Lauren,Lee,S,,2025-10-12
14478,AW00014478,Abigail,Patterson,S,,2025-10-12
14479,AW00014479,Samantha,Smith,S,,2025-10-12
14480,AW00014480,Jackson,Gonzalez,M,,2025-10-12
14481,AW00014481,Mary,Edwards,S,,2025-10-12
14482,AW00014482,Noah,Perez,M,,2025-10-12
14483,AW00014483,Nicole,Henderson,M,,2025-10-12
14484,AW00014484,Samantha,Hall,M,,2025-10-12
14485,AW00014485,Bailey,Stewart,M,,2025-10-12
14486,AW00014486,Jonathan,Coleman,M,,2025-10-12
14487,AW00014487,Seth,Hall,M,,2025-10-12
14488,AW00014488,Connor,Hughes,M,,2025-10-12
14489,AW00014489,Jason,Wang,M,,2025-10-12
14490,AW00014490,Aidan,Butler,M,,2025-10-12
14491,AW00014491,Isaac,Bailey,S,,2025-10-12
14492,AW00014492,Justin,Patterson,M,,2025-10-12
14493,AW00014493,Sara,Parker,S,,2025-10-12
14494,AW00014494,Cameron,Diaz,M,,2025-10-12
14495,AW00014495,Nathan,Diaz,M,,2025-10-12
14496,AW00014496,Cindy,Stewart,M,,2025-10-12
14497,AW00014497,Allison,Scott,M,,2025-10-12
14498,AW00014498,Katie,Luo,M,,2025-10-12
14499,AW00014499,Samuel,Flores,M,,2025-10-12
14500,AW00014500,Jasmine,Ward,S,,2025-10-12
14501,AW00014501,Ruben,Prasad,M,,2025-10-12
14502,AW00014502,Katelyn,Wright,M,,2025-10-12
14503,AW00014503,Brianna,Alexander,M,,2025-10-12
14504,AW00014504,Nicole,Jones,M,,2025-10-12
14505,AW00014505,Alex,Edwards,M,,2025-10-12
14506,AW00014506,Stacy,Suarez,M,,2025-10-12
14507,AW00014507,Eric,Wright,M,,2025-10-12
14508,AW00014508,Madison,Hall,M,,2025-10-12
14509,AW00014509,Bridget,Deng,S,,2025-10-12
14510,AW00014510,Samuel,Hernandez,S,,2025-10-12
14511,AW00014511,Danielle,Rogers,M,,2025-10-12
14512,AW00014512,Christopher,Jones,M,,2025-10-12
14513,AW00014513,Alexandra,Turner,M,,2025-10-12
14514,AW00014514,Rachel,Jones,S,,2025-10-12
14515,AW00014515,Anna,Cooper,S,,2025-10-12
14516,AW00014516,Tommy,Lal,S,,2025-10-12
14517,AW00014517,Ebony,Rodriguez,M,,2025-10-12
14518,AW00014518,Ann,Mehta,M,,2025-10-12
14519,AW00014519,Denise,Rana,S,,2025-10-12
14520,AW00014520,Bonnie,Xu,S,,2025-10-12
14521,AW00014521,Rodney,Romero,M,,2025-10-12
14522,AW00014522,Omar,Zheng,M,,2025-10-12
14523,AW00014523,Lydia,Fernandez,M,,2025-10-12
14524,AW00014524,Carla,Prasad,M,,2025-10-12
14525,AW00014525,Claudia,Sun,M,,2025-10-12
14526,AW00014526,Emily,Hall,M,,2025-10-12
14527,AW00014527,Kurt,Raji,M,,2025-10-12
14528,AW00014528,Casey,Ramos,M,,2025-10-12
14529,AW00014529,Kaitlin,Sai,S,,2025-10-12
14530,AW00014530,Ethan,Smith,M,,2025-10-12
14531,AW00014531,Abigail,Garcia,M,,2025-10-12
14532,AW00014532,Barbara,Wu,M,,2025-10-12
14533,AW00014533,Roberto,Alonso,S,,2025-10-12
14534,AW00014534,Abby,Rana,S,,2025-10-12
14535,AW00014535,Dustin,Anand,S,,2025-10-12
14536,AW00014536,Krystal,Wu,S,,2025-10-12
14537,AW00014537,Clayton,Cai,M,,2025-10-12
14538,AW00014538,Katherine,Brown,S,,2025-10-12
14539,AW00014539,Carrie,Alonso,S,,2025-10-12
14540,AW00014540,Randy,Lin,M,,2025-10-12
14541,AW00014541,Douglas,Kapoor,S,,2025-10-12
14542,AW00014542,Alex,Ward,M,,2025-10-12
14543,AW00014543,Heather,Lu,M,,2025-10-12
14544,AW00014544,Darryl,West,S,,2025-10-12
14545,AW00014545,Faith,Henderson,M,,2025-10-12
14546,AW00014546,Christina,Sanchez,M,,2025-10-12
14547,AW00014547,Noah,Thompson,M,,2025-10-12
14548,AW00014548,Maria,Turner,M,,2025-10-12
14549,AW00014549,Arturo,Goel,M,,2025-10-12
14550,AW00014550,Kristy,Vazquez,M,,2025-10-12
14551,AW00014551,Michele,Vance,M,,2025-10-12
14552,AW00014552,Daisy,Ramos,M,,2025-10-12
14553,AW00014553,Leah,Ma,M,,2025-10-12
14554,AW00014554,Isaac,Mitchell,M,,2025-10-12
14555,AW00014555,Jodi,Kumar,S,,2025-10-12
14556,AW00014556,Rafael,He,M,,2025-10-12
14557,AW00014557,Mathew,Sanz,M,,2025-10-12
14558,AW00014558,Marcel,Truempy,M,,2025-10-12
14559,AW00014559,Ashley,Washington,M,,2025-10-12
14560,AW00014560,Kelvin,Huang,M,,2025-10-12
14561,AW00014561,Eduardo,Miller,M,,2025-10-12
14562,AW00014562,Bryce,Stewart,M,,2025-10-12
14563,AW00014563,Fernando,Carter,M,,2025-10-12
14564,AW00014564,Chloe,Bailey,M,,2025-10-12
14565,AW00014565,Natalie,Hernandez,S,,2025-10-12
14566,AW00014566,Kaylee,Mitchell,M,,2025-10-12
14567,AW00014567,Seth,Thomas,M,,2025-10-12
14568,AW00014568,Priscilla,Kumar,S,,2025-10-12
14569,AW00014569,Kristopher,Rodriguez,M,,2025-10-12
14570,AW00014570,Hannah,Henderson,M,,2025-10-12
14571,AW00014571,Rachel,Richardson,M,,2025-10-12
14572,AW00014572,Melanie,Foster,M,,2025-10-12
14573,AW00014573,Madison,Wood,M,,2025-10-12
14574,AW00014574,Katherine,Powell,S,,2025-10-12
14575,AW00014575,Rachel,Lee,M,,2025-10-12
14576,AW00014576,Anna,Price,S,,2025-10-12
14577,AW00014577,Natalie,Rogers,S,,2025-10-12
14578,AW00014578,Jonathan,Carter,M,,2025-10-12
14579,AW00014579,Luis,Henderson,S,,2025-10-12
14580,AW00014580,Kyle,Diaz,S,,2025-10-12
14581,AW00014581,Kevin,Adams,S,,2025-10-12
14582,AW00014582,Marcus,Reed,M,,2025-10-12
14583,AW00014583,Sydney,Morris,M,,2025-10-12
14584,AW00014584,Gabrielle,Mitchell,S,,2025-10-12
14585,AW00014585,Kimberly,Torres,M,,2025-10-12
14586,AW00014586,Todd,Rowe,S,,2025-10-12
14587,AW00014587,Jade,Peterson,S,,2025-10-12
14588,AW00014588,Alexander,Taylor,S,,2025-10-12
14589,AW00014589,Mackenzie,Cook,S,,2025-10-12
14590,AW00014590,Marissa,Butler,S,,2025-10-12
14591,AW00014591,Charles,Harris,S,,2025-10-12
14592,AW00014592,Jessica,Thompson,M,,2025-10-12
14593,AW00014593,Jack,Washington,M,,2025-10-12
14594,AW00014594,Lauren,Taylor,M,,2025-10-12
14595,AW00014595,Andrea,Ward,M,,2025-10-12
14596,AW00014596,Amber,Hill,M,,2025-10-12
14597,AW00014597,Sean,Reed,M,,2025-10-12
14598,AW00014598,Miranda,Ross,M,,2025-10-12
14599,AW00014599,Charles,Wilson,M,,2025-10-12
14600,AW00014600,Ariana,Ramirez,M,,2025-10-12
14601,AW00014601,Nicolas,Rai,M,,2025-10-12
14602,AW00014602,Kaylee,Kelly,M,,2025-10-12
14603,AW00014603,Sara,Ward,S,,2025-10-12
14604,AW00014604,Nicholas,Rodriguez,M,,2025-10-12
14605,AW00014605,Allison,Brooks,S,,2025-10-12
14606,AW00014606,Amanda,Cooper,S,,2025-10-12
14607,AW00014607,Isaiah,Nelson,M,,2025-10-12
14608,AW00014608,Warren,Gao,M,,2025-10-12
14609,AW00014609,Julia,Phillips,S,,2025-10-12
14610,AW00014610,Lauren,Jenkins,S,,2025-10-12
14611,AW00014611,Zoe,James,S,,2025-10-12
14612,AW00014612,Ernest,Zhang,M,,2025-10-12
14613,AW00014613,Glenn,Huang,M,,2025-10-12
14614,AW00014614,Dylan,Bryant,S,,2025-10-12
14615,AW00014615,Audrey,Dominguez,S,,2025-10-12
14616,AW00014616,Emma,Sandberg,S,,2025-10-12
14617,AW00014617,Aaron,Flores,S,,2025-10-12
14618,AW00014618,Gabrielle,Baker,M,,2025-10-12
14619,AW00014619,Nathaniel,Sanders,M,,2025-10-12
14620,AW00014620,Kayla,Patterson,M,,2025-10-12
14621,AW00014621,Chloe,Morris,S,,2025-10-12
14622,AW00014622,Brandon,Patterson,M,,2025-10-12
14623,AW00014623,Benjamin,Li,M,,2025-10-12
14624,AW00014624,Anna,Thomas,M,,2025-10-12
14625,AW00014625,Benjamin,Simmons,M,,2025-10-12
14626,AW00014626,Jesse,Gray,M,,2025-10-12
14627,AW00014627,Isaiah,Hill,M,,2025-10-12
14628,AW00014628,Carlos,Brooks,M,,2025-10-12
14629,AW00014629,Blake,Hernandez,M,,2025-10-12
14630,AW00014630,Isaiah,James,M,,2025-10-12
14631,AW00014631,Logan,Flores,M,,2025-10-12
14632,AW00014632,Austin,Wang,M,,2025-10-12
14633,AW00014633,Timothy,Morgan,M,,2025-10-12
14634,AW00014634,Amber,Baker,M,,2025-10-12
14635,AW00014635,Luke,Carter,M,,2025-10-12
14636,AW00014636,Kelly,Powell,M,,2025-10-12
14637,AW00014637,Dustin,Nath,M,,2025-10-12
14638,AW00014638,Blake,Scott,S,,2025-10-12
14639,AW00014639,Jeremiah,Howard,M,,2025-10-12
14640,AW00014640,Mackenzie,Adams,S,,2025-10-12
14641,AW00014641,Timothy,Turner,M,,2025-10-12
14642,AW00014642,Jeffery,Zeng,S,,2025-10-12
14643,AW00014643,Eric,Simmons,S,,2025-10-12
14644,AW00014644,Jennifer,Lee,S,,2025-10-12
14645,AW00014645,Isaac,Kelly,S,,2025-10-12
14646,AW00014646,Dylan,Garcia,S,,2025-10-12
14647,AW00014647,Sean,Howard,M,,2025-10-12
14648,AW00014648,Eric,Evans,S,,2025-10-12
14649,AW00014649,Grace,Cox,M,,2025-10-12
14650,AW00014650,Adam,Perry,M,,2025-10-12
14651,AW00014651,Amber,Green,M,,2025-10-12
14652,AW00014652,Russell,Luo,M,,2025-10-12
14653,AW00014653,Troy,Fernandez,M,,2025-10-12
14654,AW00014654,Kyle,Collins,M,,2025-10-12
14655,AW00014655,Kayla,Washington,M,,2025-10-12
14656,AW00014656,Bryant,Fernandez,M,,2025-10-12
14657,AW00014657,John,Thomas,M,,2025-10-12
14658,AW00014658,Chloe,Green,M,,2025-10-12
14659,AW00014659,Zachary,Harris,M,,2025-10-12
14660,AW00014660,Gabrielle,Howard,M,,2025-10-12
14661,AW00014661,Jade,Ward,M,,2025-10-12
14662,AW00014662,Jack,Ross,M,,2025-10-12
14663,AW00014663,Arturo,Hu,M,,2025-10-12
14664,AW00014664,Kayla,Ross,S,,2025-10-12
14665,AW00014665,Jesse,King,M,,2025-10-12
14666,AW00014666,Louis,Gao,M,,2025-10-12
14667,AW00014667,Olivia,Alexander,M,,2025-10-12
14668,AW00014668,Joe,Martin,M,,2025-10-12
14669,AW00014669,Erika,Blanco,M,,2025-10-12
14670,AW00014670,Leslie,Gill,S,,2025-10-12
14671,AW00014671,Cristina,Lal,M,,2025-10-12
14672,AW00014672,Omar,Nath,S,,2025-10-12
14673,AW00014673,Willie,Rai,M,,2025-10-12
14674,AW00014674,Alexis,Williams,M,,2025-10-12
14675,AW00014675,Brandi,Gomez,M,,2025-10-12
14676,AW00014676,Micah,Wang,S,,2025-10-12
14677,AW00014677,Ross,Hernandez,S,,2025-10-12
14678,AW00014678,Shannon,Zheng,M,,2025-10-12
14679,AW00014679,Natasha,Suarez,S,,2025-10-12
14680,AW00014680,Marvin,Munoz,S,,2025-10-12
14681,AW00014681,Veronica,Chandra,S,,2025-10-12
14682,AW00014682,Gail,Alexander,S,,2025-10-12
14683,AW00014683,Molly,Sai,M,,2025-10-12
14684,AW00014684,James,Zhang,M,,2025-10-12
14685,AW00014685,Lawrence,Ortega,S,,2025-10-12
14686,AW00014686,Casey,Raje,M,,2025-10-12
14687,AW00014687,Olivia,Price,S,,2025-10-12
14688,AW00014688,Tabitha,Carlson,S,,2025-10-12
14689,AW00014689,Lloyd,Saunders,S,,2025-10-12
14690,AW00014690,Drew,Rai,S,,2025-10-12
14691,AW00014691,Derrick,Torres,M,,2025-10-12
14692,AW00014692,Nichole,Sharma,S,,2025-10-12
14693,AW00014693,Robert,Parker,S,,2025-10-12
14694,AW00014694,Haley,Parker,S,,2025-10-12
14695,AW00014695,Russell,Andersen,S,,2025-10-12
14696,AW00014696,Shawn,Anand,S,,2025-10-12
14697,AW00014697,Nelson,Jimenez,S,,2025-10-12
14698,AW00014698,Diane,Navarro,M,,2025-10-12
14699,AW00014699,Gerald,Munoz,M,,2025-10-12
14700,AW00014700,Edward,Edwards,M,,2025-10-12
14701,AW00014701,Maurizio,Macagno,S,,2025-10-12
14702,AW00014702,Curtis,Zimmerman,M,,2025-10-12
14703,AW00014703,Clifford,Srini,S,,2025-10-12
14704,AW00014704,Kara,Andersen,S,,2025-10-12
14705,AW00014705,Riley,Wood,S,,2025-10-12
14706,AW00014706,Kate,Jai,S,,2025-10-12
14707,AW00014707,Tonya,Raje,S,,2025-10-12
14708,AW00014708,Evelyn,Kapoor,S,,2025-10-12
14709,AW00014709,Ian,Martin,S,,2025-10-12
14710,AW00014710,Lisa,Ma,S,,2025-10-12
14711,AW00014711,Deborah,Xu,S,,2025-10-12
14712,AW00014712,Eugene,Liu,S,,2025-10-12
14713,AW00014713,Jon,Ye,S,,2025-10-12
14714,AW00014714,Meghan,Diaz,S,,2025-10-12
14715,AW00014715,Erik,Munoz,M,,2025-10-12
14716,AW00014716,Shannon,Zhou,S,,2025-10-12
14717,AW00014717,Abigail,Rivera,S,,2025-10-12
14718,AW00014718,Gregory,Raji,S,,2025-10-12
14719,AW00014719,Ronnie,He,M,,2025-10-12
14720,AW00014720,Naomi,Dominguez,S,,2025-10-12
14721,AW00014721,Daniel,Jones,S,,2025-10-12
14722,AW00014722,Sharon,Carson,S,,2025-10-12
14723,AW00014723,Andrew,Smith,S,,2025-10-12
14724,AW00014724,Dylan,Robinson,M,,2025-10-12
14725,AW00014725,Evan,Morgan,M,,2025-10-12
14726,AW00014726,Zachary,Yang,S,,2025-10-12
14727,AW00014727,Anna,Bryant,S,,2025-10-12
14728,AW00014728,Elizabeth,Henderson,S,,2025-10-12
14729,AW00014729,Gloria,Rubio,S,,2025-10-12
14730,AW00014730,Jerry,Ferrier,M,,2025-10-12
14731,AW00014731,Seth,Brown,M,,2025-10-12
14732,AW00014732,Trinity,Cook,M,,2025-10-12
14733,AW00014733,Clarence,Raji,M,,2025-10-12
14734,AW00014734,Kevin,Edwards,M,,2025-10-12
14735,AW00014735,Maria,Rogers,M,,2025-10-12
14736,AW00014736,Jack,Roberts,M,,2025-10-12
14737,AW00014737,Dominic,Srini,S,,2025-10-12
14738,AW00014738,Ethan,Garcia,M,,2025-10-12
14739,AW00014739,Charles,Gonzalez,M,,2025-10-12
14740,AW00014740,Jenna,Scott,M,,2025-10-12
14741,AW00014741,Emma,Cooper,M,,2025-10-12
14742,AW00014742,Andrea,Howard,M,,2025-10-12
14743,AW00014743,Nathan,Turner,M,,2025-10-12
14744,AW00014744,Elijah,Yang,M,,2025-10-12
14745,AW00014745,Luke,Hall,M,,2025-10-12
14746,AW00014746,Courtney,Nelson,M,,2025-10-12
14747,AW00014747,Aidan,Wood,M,,2025-10-12
14748,AW00014748,Don,Roessler,M,,2025-10-12
14749,AW00014749,Jose,Jenkins,M,,2025-10-12
14750,AW00014750,Mary,Green,M,,2025-10-12
14751,AW00014751,Gabrielle,Price,M,,2025-10-12
14752,AW00014752,Seth,Turner,M,,2025-10-12
14753,AW00014753,Austin,Foster,M,,2025-10-12
14754,AW00014754,Grant,Pal,M,,2025-10-12
14755,AW00014755,Robert,Davis,M,,2025-10-12
14756,AW00014756,Charles,Reed,M,,2025-10-12
14757,AW00014757,Elizabeth,Garcia,M,,2025-10-12
14758,AW00014758,Victoria,Long,S,,2025-10-12
14759,AW00014759,Madison,Davis,S,,2025-10-12
14760,AW00014760,Zachary,Lewis,M,,2025-10-12
14761,AW00014761,Morgan,Kelly,S,,2025-10-12
14762,AW00014762,Adriana,Perez,S,,2025-10-12
14763,AW00014763,George,Arun,S,,2025-10-12
14764,AW00014764,Xavier,Scott,S,,2025-10-12
14765,AW00014765,Kevin,Nelson,M,,2025-10-12
14766,AW00014766,Curtis,Xu,S,,2025-10-12
14767,AW00014767,Stacy,Blanco,S,,2025-10-12
14768,AW00014768,Ian,Kelly,M,,2025-10-12
14769,AW00014769,Jessica,Powell,M,,2025-10-12
14770,AW00014770,Melvin,Andersen,M,,2025-10-12
14771,AW00014771,Heidi,Vance,M,,2025-10-12
14772,AW00014772,Stacy,Torres,M,,2025-10-12
14773,AW00014773,Noah,Ross,M,,2025-10-12
14774,AW00014774,Max,Ferrier,S,,2025-10-12
14775,AW00014775,Bonnie,Xie,M,,2025-10-12
14776,AW00014776,Ronald,Arthur,M,,2025-10-12
14777,AW00014777,Kayla,Jenkins,M,,2025-10-12
14778,AW00014778,Renee,Jimenez,S,,2025-10-12
14779,AW00014779,Henry,Fernandez,S,,2025-10-12
14780,AW00014780,Tabitha,Alonso,S,,2025-10-12
14781,AW00014781,Robert,Butler,S,,2025-10-12
14782,AW00014782,Michael,Lewis,S,,2025-10-12
14783,AW00014783,Cristina,Shan,S,,2025-10-12
14784,AW00014784,Victor,Dominguez,S,,2025-10-12
14785,AW00014785,Gavin,Patterson,S,,2025-10-12
14786,AW00014786,Tristan,Jenkins,M,,2025-10-12
14787,AW00014787,Tabitha,Smith,S,,2025-10-12
14788,AW00014788,Gerald,Rana,S,,2025-10-12
14789,AW00014789,Rosa,Zhang,S,,2025-10-12
14790,AW00014790,Terry,Tang,M,,2025-10-12
14791,AW00014791,Ashlee,Deng,M,,2025-10-12
14792,AW00014792,Jerome,Rubio,M,,2025-10-12
14793,AW00014793,Clayton,Nath,S,,2025-10-12
14794,AW00014794,Gilbert,Becker,M,,2025-10-12
14795,AW00014795,Crystal,Gao,M,,2025-10-12
14796,AW00014796,Michael,Miller,S,,2025-10-12
14797,AW00014797,Steve,Gao,S,,2025-10-12
14798,AW00014798,Colleen,Nara,S,,2025-10-12
14799,AW00014799,Katie,Xu,S,,2025-10-12
14800,AW00014800,Abby,Arthur,M,,2025-10-12
14801,AW00014801,Riley,Simmons,M,,2025-10-12
14802,AW00014802,Audrey,Moreno,S,,2025-10-12
14803,AW00014803,Stacy,Martin,S,,2025-10-12
14804,AW00014804,Martha,Zhou,S,,2025-10-12
14805,AW00014805,Kari,Garcia,S,,2025-10-12
14806,AW00014806,Damien,Jai,S,,2025-10-12
14807,AW00014807,Brenda,Martinez,S,,2025-10-12
14808,AW00014808,Cynthia,Prasad,S,,2025-10-12
14809,AW00014809,Max,Suarez,S,,2025-10-12
14810,AW00014810,Russell,Anand,M,,2025-10-12
14811,AW00014811,Molly,Sanchez,M,,2025-10-12
14812,AW00014812,Hunter,Henderson,M,,2025-10-12
14813,AW00014813,Madison,Hayes,S,,2025-10-12
14814,AW00014814,Christine,Jai,S,,2025-10-12
14815,AW00014815,Isabella,Gonzales,M,,2025-10-12
14816,AW00014816,Katherine,Lewis,M,,2025-10-12
14817,AW00014817,Anna,Washington,M,,2025-10-12
14818,AW00014818,Diane,Ruiz,S,,2025-10-12
14819,AW00014819,Dana,Ruiz,M,,2025-10-12
14820,AW00014820,Drew,Bhat,M,,2025-10-12
14821,AW00014821,Maurice,Raje,M,,2025-10-12
14822,AW00014822,Jessica,Martin,S,,2025-10-12
14823,AW00014823,Nelson,Harrison,S,,2025-10-12
14824,AW00014824,Miguel,Baker,S,,2025-10-12
14825,AW00014825,Rebekah,Alonso,S,,2025-10-12
14826,AW00014826,Stefanie,Lopez,M,,2025-10-12
14827,AW00014827,Ernest,Xu,S,,2025-10-12
14828,AW00014828,Hector,Muñoz,S,,2025-10-12
14829,AW00014829,Gina,Vazquez,S,,2025-10-12
14830,AW00014830,Isabella,Ward,M,,2025-10-12
14831,AW00014831,Gilbert,Xie,M,,2025-10-12
14832,AW00014832,Barry,Rana,M,,2025-10-12
14833,AW00014833,Riley,Hayes,S,,2025-10-12
14834,AW00014834,Ebony,Jimenez,S,,2025-10-12
14835,AW00014835,Melody,Saunders,S,,2025-10-12
14836,AW00014836,Peter,Chander,M,,2025-10-12
14837,AW00014837,Dennis,Li,S,,2025-10-12
14838,AW00014838,Darren,Alvarez,S,,2025-10-12
14839,AW00014839,Natasha,Sanz,S,,2025-10-12
14840,AW00014840,Autumn,Zhu,S,,2025-10-12
14841,AW00014841,Franklin,Pal,M,,2025-10-12
14842,AW00014842,Meagan,Kim,S,,2025-10-12
14843,AW00014843,Lee,Vazquez,S,,2025-10-12
14844,AW00014844,Blake,Miller,S,,2025-10-12
14845,AW00014845,Chelsea,Sai,S,,2025-10-12
14846,AW00014846,Kelsey,Chande,S,,2025-10-12
14847,AW00014847,Vadim,Sazanovich,S,,2025-10-12
14848,AW00014848,George,Louverdis,S,,2025-10-12
14849,AW00014849,Dwayne,Martin,S,,2025-10-12
14850,AW00014850,Audrey,Vazquez,S,,2025-10-12
14851,AW00014851,Karla,Tang,S,,2025-10-12
14852,AW00014852,Adam,Gonzalez,S,,2025-10-12
14853,AW00014853,Derrick,Diaz,M,,2025-10-12
14854,AW00014854,Nancy,Fernandez,S,,2025-10-12
14855,AW00014855,Deanna,Weber,S,,2025-10-12
14856,AW00014856,Kari,Carlson,S,,2025-10-12
14857,AW00014857,Diane,Serrano,M,,2025-10-12
14858,AW00014858,Louis,Zhu,M,,2025-10-12
14859,AW00014859,Jarrod,Weber,M,,2025-10-12
14860,AW00014860,Arturo,Chande,M,,2025-10-12
14861,AW00014861,Misty,Deng,S,,2025-10-12
14862,AW00014862,Spencer,Jenkins,S,,2025-10-12
14863,AW00014863,Dana,Carlson,S,,2025-10-12
14864,AW00014864,Desiree,Carlson,S,,2025-10-12
14865,AW00014865,Austin,Coleman,S,,2025-10-12
14866,AW00014866,Hailey,Peterson,S,,2025-10-12
14867,AW00014867,Lauren,Richardson,S,,2025-10-12
14868,AW00014868,Ariana,Morgan,S,,2025-10-12
14869,AW00014869,Jennifer,Bryant,S,,2025-10-12
14870,AW00014870,Brandi,Ortega,S,,2025-10-12
14871,AW00014871,Timothy,Hill,S,,2025-10-12
14872,AW00014872,Fernando,Clark,M,,2025-10-12
14873,AW00014873,Fernando,Long,M,,2025-10-12
14874,AW00014874,Nicole,Sanchez,S,,2025-10-12
14875,AW00014875,Alyssa,Foster,S,,2025-10-12
14876,AW00014876,Nathan,Anderson,M,,2025-10-12
14877,AW00014877,Steven,Brooks,S,,2025-10-12
14878,AW00014878,Marcus,Murphy,M,,2025-10-12
14879,AW00014879,Andrea,Richardson,S,,2025-10-12
14880,AW00014880,Jessica,Ross,M,,2025-10-12
14881,AW00014881,Eric,Griffin,M,,2025-10-12
14882,AW00014882,Kathryn,Nara,M,,2025-10-12
14883,AW00014883,Gabrielle,Barnes,M,,2025-10-12
14884,AW00014884,Kristi,Torres,M,,2025-10-12
14885,AW00014885,Judith,White,M,,2025-10-12
14886,AW00014886,Sydney,Powell,S,,2025-10-12
14887,AW00014887,Lauren,Wilson,M,,2025-10-12
14888,AW00014888,Jasmine,Russell,M,,2025-10-12
14889,AW00014889,Drew,Kumar,M,,2025-10-12
14890,AW00014890,Wyatt,Adams,M,,2025-10-12
14891,AW00014891,Kyle,Hayes,M,,2025-10-12
14892,AW00014892,Savannah,Sanders,M,,2025-10-12
14893,AW00014893,Gabrielle,Diaz,M,,2025-10-12
14894,AW00014894,James,Baker,M,,2025-10-12
14895,AW00014895,Connor,Hernandez,M,,2025-10-12
14896,AW00014896,Alexia,Flores,M,,2025-10-12
14897,AW00014897,Hunter,Moore,M,,2025-10-12
14898,AW00014898,Katelyn,Edwards,M,,2025-10-12
14899,AW00014899,Rodney,Dominguez,M,,2025-10-12
14900,AW00014900,Rachel,Lewis,M,,2025-10-12
14901,AW00014901,Katherine,Richardson,M,,2025-10-12
14902,AW00014902,Arianna,Diaz,M,,2025-10-12
14903,AW00014903,Amanda,Morgan,M,,2025-10-12
14904,AW00014904,Spencer,Powell,M,,2025-10-12
14905,AW00014905,Ricardo,Shen,M,,2025-10-12
14906,AW00014906,Robert,Washington,M,,2025-10-12
14907,AW00014907,Sheena,Anand,M,,2025-10-12
14908,AW00014908,Morgan,Mitchell,M,,2025-10-12
14909,AW00014909,Benjamin,Bryant,M,,2025-10-12
14910,AW00014910,Caitlin,Murphy,M,,2025-10-12
14911,AW00014911,Shelby,Watson,M,,2025-10-12
14912,AW00014912,Emma,Taylor,M,,2025-10-12
14913,AW00014913,Chloe,Roberts,M,,2025-10-12
14914,AW00014914,Arianna,Gray,M,,2025-10-12
14915,AW00014915,Katherine,Howard,M,,2025-10-12
14916,AW00014916,Paige,Washington,S,,2025-10-12
14917,AW00014917,Adrian,Morgan,M,,2025-10-12
14918,AW00014918,Mariah,Howard,S,,2025-10-12
14919,AW00014919,Erik,Torres,M,,2025-10-12
14920,AW00014920,Jason,Hill,M,,2025-10-12
14921,AW00014921,Sara,Watson,S,,2025-10-12
14922,AW00014922,Paige,Perry,S,,2025-10-12
14923,AW00014923,Andy,Blanco,S,,2025-10-12
14924,AW00014924,Cynthia,Sai,M,,2025-10-12
14925,AW00014925,Ashley,Hughes,M,,2025-10-12
14926,AW00014926,Juan,Rogers,M,,2025-10-12
14927,AW00014927,Chelsea,Martinez,M,,2025-10-12
14928,AW00014928,Roy,Patel,M,,2025-10-12
14929,AW00014929,Peter,Anand,M,,2025-10-12
14930,AW00014930,Cindy,Sara,S,,2025-10-12
14931,AW00014931,Andres,Pal,M,,2025-10-12
14932,AW00014932,Pedro,Fernandez,M,,2025-10-12
14933,AW00014933,Ronald,Patel,M,,2025-10-12
14934,AW00014934,Jermaine,Sai,S,,2025-10-12
14935,AW00014935,Rafael,Liang,S,,2025-10-12
14936,AW00014936,Bryan,Sanchez,S,,2025-10-12
14937,AW00014937,Brendan,Xu,S,,2025-10-12
14938,AW00014938,Mallory,Sanz,S,,2025-10-12
14939,AW00014939,Cory,Kapoor,M,,2025-10-12
14940,AW00014940,Carmen,Rana,M,,2025-10-12
14941,AW00014941,Emma,Patterson,S,,2025-10-12
14942,AW00014942,Whitney,Madan,S,,2025-10-12
14943,AW00014943,Lindsay,Pal,M,,2025-10-12
14944,AW00014944,Sebastian,Watson,S,,2025-10-12
14945,AW00014945,Samantha,Lewis,S,,2025-10-12
14946,AW00014946,Frederick,Vance,S,,2025-10-12
14947,AW00014947,Alejandro,Chen,S,,2025-10-12
14948,AW00014948,Damien,Lal,M,,2025-10-12
14949,AW00014949,Steve,Wu,M,,2025-10-12
14950,AW00014950,Maria,Hernandez,S,,2025-10-12
14951,AW00014951,Katie,Rai,M,,2025-10-12
14952,AW00014952,Holly,Srini,M,,2025-10-12
14953,AW00014953,Adrienne,Gill,S,,2025-10-12
14954,AW00014954,Denise,Perez,S,,2025-10-12
14955,AW00014955,Jorge,Xu,M,,2025-10-12
14956,AW00014956,Krista,Romero,S,,2025-10-12
14957,AW00014957,Lacey,Shan,S,,2025-10-12
14958,AW00014958,Clayton,Liang,M,,2025-10-12
14959,AW00014959,Ross,Patel,S,,2025-10-12
14960,AW00014960,Leonard,Pal,S,,2025-10-12
14961,AW00014961,Jaclyn,Yang,M,,2025-10-12
14962,AW00014962,Justin,Jai,M,,2025-10-12
14963,AW00014963,Sydney,Perry,M,,2025-10-12
14964,AW00014964,Damien,Shen,M,,2025-10-12
14965,AW00014965,Edwin,Zhou,M,,2025-10-12
14966,AW00014966,Derrick,Vazquez,S,,2025-10-12
14967,AW00014967,Bridget,Xu,S,,2025-10-12
14968,AW00014968,Troy,Patel,M,,2025-10-12
14969,AW00014969,Julio,Vazquez,S,,2025-10-12
14970,AW00014970,Bruce,Chandra,M,,2025-10-12
14971,AW00014971,Susan,Zhu,M,,2025-10-12
14972,AW00014972,Cristina,Deng,S,,2025-10-12
14973,AW00014973,Alicia,Jai,S,,2025-10-12
14974,AW00014974,K.,Saravan,S,,2025-10-12
14975,AW00014975,Dalton,Scott,M,,2025-10-12
14976,AW00014976,Randy,Hu,M,,2025-10-12
14977,AW00014977,Stacy,Carlson,S,,2025-10-12
14978,AW00014978,Jamie,Ortega,S,,2025-10-12
14979,AW00014979,Rodney,Serrano,S,,2025-10-12
14980,AW00014980,Michele,Garcia,S,,2025-10-12
14981,AW00014981,April,Raji,S,,2025-10-12
14982,AW00014982,Kayla,Hughes,M,,2025-10-12
14983,AW00014983,Juan,Sanz,S,,2025-10-12
14984,AW00014984,Regina,Vance,S,,2025-10-12
14985,AW00014985,Jaclyn,Zhu,S,,2025-10-12
14986,AW00014986,Richard,Martinez,M,,2025-10-12
14987,AW00014987,Misty,Nara,S,,2025-10-12
14988,AW00014988,Mandy,Lu,M,,2025-10-12
14989,AW00014989,Shawna,She,S,,2025-10-12
14990,AW00014990,Nelson,Ramos,S,,2025-10-12
14991,AW00014991,Edwin,Zhao,S,,2025-10-12
14992,AW00014992,Dale,Andersen,M,,2025-10-12
14993,AW00014993,Sean,Morgan,S,,2025-10-12
14994,AW00014994,Seth,King,S,,2025-10-12
14995,AW00014995,Stefanie,Malhotra,S,,2025-10-12
14996,AW00014996,Ross,Gill,S,,2025-10-12
14997,AW00014997,Angel,Cooper,M,,2025-10-12
14998,AW00014998,Robert,Rodriguez,S,,2025-10-12
14999,AW00014999,Arianna,Morris,S,,2025-10-12
15000,AW00015000,Kelli,Zhou,S,,2025-10-12
15001,AW00015001,Autumn,Lu,S,,2025-10-12
15002,AW00015002,Jenny,Lin,S,,2025-10-12
15003,AW00015003,Dennis,Yang,S,,2025-10-12
15004,AW00015004,Suzanne,Hu,S,,2025-10-12
15005,AW00015005,Adrian,Cooper,S,,2025-10-12
15006,AW00015006,Grace,Jackson,M,,2025-10-12
15007,AW00015007,Jaime,Rubio,S,,2025-10-12
15008,AW00015008,Blake,Parker,M,,2025-10-12
15009,AW00015009,Chloe,Patterson,S,,2025-10-12
15010,AW00015010,Cory,Suri,M,,2025-10-12
15011,AW00015011,Amber,Mitchell,S,,2025-10-12
15012,AW00015012,Emma,Hughes,M,,2025-10-12
15013,AW00015013,Julia,Campbell,S,,2025-10-12
15014,AW00015014,Warren,Liu,M,,2025-10-12
15015,AW00015015,Randy,Liu,M,,2025-10-12
15016,AW00015016,Daniel,Clark,S,,2025-10-12
15017,AW00015017,Amanda,Ramirez,S,,2025-10-12
15018,AW00015018,Felicia,Martin,M,,2025-10-12
15019,AW00015019,Mary,Ramos,S,,2025-10-12
15020,AW00015020,Christy,Ma,M,,2025-10-12
15021,AW00015021,Lucas,Moore,M,,2025-10-12
15022,AW00015022,Latasha,Gutierrez,M,,2025-10-12
15023,AW00015023,Juan,Watson,M,,2025-10-12
15024,AW00015024,Nathan,Jones,M,,2025-10-12
15025,AW00015025,Kristi,Subram,S,,2025-10-12
15026,AW00015026,Felicia,Diaz,S,,2025-10-12
15027,AW00015027,Tommy,Jai,M,,2025-10-12
15028,AW00015028,Tabitha,Alvarez,S,,2025-10-12
15029,AW00015029,Alejandro,Ye,S,,2025-10-12
15030,AW00015030,Jeffery,Zheng,M,,2025-10-12
15031,AW00015031,Darryl,Lin,M,,2025-10-12
15032,AW00015032,Meredith,Suarez,S,,2025-10-12
15033,AW00015033,Dana,Moreno,S,,2025-10-12
15034,AW00015034,Hector,Suarez,S,,2025-10-12
15035,AW00015035,Jay,Mehta,S,,2025-10-12
15036,AW00015036,Derek,She,S,,2025-10-12
15037,AW00015037,Jaime,Raji,S,,2025-10-12
15038,AW00015038,Cedric,Yang,M,,2025-10-12
15039,AW00015039,Michele,Xie,S,,2025-10-12
15040,AW00015040,George,Lopez,M,,2025-10-12
15041,AW00015041,Michele,Goel,M,,2025-10-12
15042,AW00015042,Bryant,Perez,S,,2025-10-12
15043,AW00015043,Joel,Gonzalez,S,,2025-10-12
15044,AW00015044,Valerie,Hu,S,,2025-10-12
15045,AW00015045,Tasha,Luo,M,,2025-10-12
15046,AW00015046,Casey,Tang,M,,2025-10-12
15047,AW00015047,Meghan,Vazquez,M,,2025-10-12
15048,AW00015048,Bonnie,Yuan,M,,2025-10-12
15049,AW00015049,Frank,Dominguez,S,,2025-10-12
15050,AW00015050,Joshua,Miller,S,,2025-10-12
15051,AW00015051,Harold,McDonald,S,,2025-10-12
15052,AW00015052,Kari,Moreno,M,,2025-10-12
15053,AW00015053,Kurt,Andersen,S,,2025-10-12
15054,AW00015054,Roger,Anand,S,,2025-10-12
15055,AW00015055,Patrick,Torres,M,,2025-10-12
15056,AW00015056,Jaime,Suarez,M,,2025-10-12
15057,AW00015057,Regina,Chandra,S,,2025-10-12
15058,AW00015058,Julio,Suarez,M,,2025-10-12
15059,AW00015059,Lisa,Zhu,M,,2025-10-12
15060,AW00015060,Max,Vazquez,S,,2025-10-12
15061,AW00015061,Margaret,Ma,M,,2025-10-12
15062,AW00015062,Jaime,Alonso,S,,2025-10-12
15063,AW00015063,Kari,Malhotra,M,,2025-10-12
15064,AW00015064,Erik,Rubio,M,,2025-10-12
15065,AW00015065,Alejandro,Gao,S,,2025-10-12
15066,AW00015066,Diana,Munoz,M,,2025-10-12
15067,AW00015067,Dana,Alvarez,S,,2025-10-12
15068,AW00015068,Jessica,Barnes,S,,2025-10-12
15069,AW00015069,Noah,Lal,S,,2025-10-12
15070,AW00015070,Alfredo,Navarro,S,,2025-10-12
15071,AW00015071,Krista,Gutierrez,S,,2025-10-12
15072,AW00015072,Whitney,Subram,S,,2025-10-12
15073,AW00015073,Tasha,Chander,M,,2025-10-12
15074,AW00015074,Elizabeth,Perry,M,,2025-10-12
15075,AW00015075,Alexa,Kelly,M,,2025-10-12
15076,AW00015076,Sheila,Ramos,M,,2025-10-12
15077,AW00015077,Dominique,Lopez,M,,2025-10-12
15078,AW00015078,Jacob,Wilson,S,,2025-10-12
15079,AW00015079,Jose,Martin,M,,2025-10-12
15080,AW00015080,Evelyn,Chandra,M,,2025-10-12
15081,AW00015081,Daisy,Munoz,M,,2025-10-12
15082,AW00015082,Kelvin,Lal,M,,2025-10-12
15083,AW00015083,Teresa,Gutierrez,M,,2025-10-12
15084,AW00015084,Adrienne,Serrano,S,,2025-10-12
15085,AW00015085,Kristin,Jai,S,,2025-10-12
15086,AW00015086,Latasha,Dominguez,S,,2025-10-12
15087,AW00015087,Robin,Sanz,S,,2025-10-12
15088,AW00015088,Colleen,Cai,S,,2025-10-12
15089,AW00015089,Martin,Prasad,M,,2025-10-12
15090,AW00015090,Troy,Mehta,S,,2025-10-12
15091,AW00015091,Jermaine,Madan,M,,2025-10-12
15092,AW00015092,Adrian,Morris,M,,2025-10-12
15093,AW00015093,Johnny,Moyer,M,,2025-10-12
15094,AW00015094,Wendy,Ortega,M,,2025-10-12
15095,AW00015095,Jodi,Shan,M,,2025-10-12
15096,AW00015096,Gary,Schare,M,,2025-10-12
15097,AW00015097,Morgan,Bennett,M,,2025-10-12
15098,AW00015098,Diana,Sanz,S,,2025-10-12
15099,AW00015099,Alvin,Ma,S,,2025-10-12
15100,AW00015100,Brenda,Chandra,M,,2025-10-12
15101,AW00015101,Shawn,Shan,S,,2025-10-12
15102,AW00015102,Allen,Malhotra,M,,2025-10-12
15103,AW00015103,Jonathan,Lopez,M,,2025-10-12
15104,AW00015104,Ashley,Thompson,M,,2025-10-12
15105,AW00015105,Tina,Rana,M,,2025-10-12
15106,AW00015106,Shannon,Navarro,M,,2025-10-12
15107,AW00015107,Roy,Saunders,M,,2025-10-12
15108,AW00015108,Colleen,Gao,M,,2025-10-12
15109,AW00015109,Meghan,Carlson,M,,2025-10-12
15110,AW00015110,Janelle,Prasad,M,,2025-10-12
15111,AW00015111,Leah,Huang,M,,2025-10-12
15112,AW00015112,Alicia,Luo,M,,2025-10-12
15113,AW00015113,Robert,Smith,M,,2025-10-12
15114,AW00015114,Erika,Munoz,M,,2025-10-12
15115,AW00015115,Christian,Patterson,S,,2025-10-12
15116,AW00015116,Mackenzie,Ramirez,M,,2025-10-12
15117,AW00015117,Dana,Dominguez,M,,2025-10-12
15118,AW00015118,Nelson,Ortega,M,,2025-10-12
15119,AW00015119,Johnny,Tang,M,,2025-10-12
15120,AW00015120,Erika,Suarez,M,,2025-10-12
15121,AW00015121,Brendan,Andersen,S,,2025-10-12
15122,AW00015122,Abby,Raman,S,,2025-10-12
15123,AW00015123,Sergio,Lopez,S,,2025-10-12
15124,AW00015124,Wendy,Hernandez,S,,2025-10-12
15125,AW00015125,Cory,Martinez,S,,2025-10-12
15126,AW00015126,Manuel,Sanchez,S,,2025-10-12
15127,AW00015127,Wesley,Yang,S,,2025-10-12
15128,AW00015128,Angelica,Barnes,S,,2025-10-12
15129,AW00015129,Jennifer,Patterson,M,,2025-10-12
15130,AW00015130,Roger,Ma,S,,2025-10-12
15131,AW00015131,Lacey,Sun,S,,2025-10-12
15132,AW00015132,Jenny,Pal,M,,2025-10-12
15133,AW00015133,Raul,Rai,M,,2025-10-12
15134,AW00015134,Meagan,Raman,S,,2025-10-12
15135,AW00015135,Derek,Kumar,S,,2025-10-12
15136,AW00015136,Emma,Johnson,M,,2025-10-12
15137,AW00015137,Luke,Foster,M,,2025-10-12
15138,AW00015138,Monique,Hernandez,S,,2025-10-12
15139,AW00015139,Colin,She,M,,2025-10-12
15140,AW00015140,Diane,Bradley,S,,2025-10-12
15141,AW00015141,Sandra,Zheng,S,,2025-10-12
15142,AW00015142,Karl,Nara,M,,2025-10-12
15143,AW00015143,Kelvin,Wang,M,,2025-10-12
15144,AW00015144,Deanna,Serrano,S,,2025-10-12
15145,AW00015145,Crystal,Lu,S,,2025-10-12
15146,AW00015146,Adriana,Sara,M,,2025-10-12
15147,AW00015147,Clarence,Chen,M,,2025-10-12
15148,AW00015148,James,West,M,,2025-10-12
15149,AW00015149,Natalie,Morgan,M,,2025-10-12
15150,AW00015150,Colleen,Shan,M,,2025-10-12
15151,AW00015151,Karl,Shen,M,,2025-10-12
15152,AW00015152,Meghan,Moreno,M,,2025-10-12
15153,AW00015153,Kristen,Li,M,,2025-10-12
15154,AW00015154,Joe,Hernandez,M,,2025-10-12
15155,AW00015155,Jamie,Harrison,M,,2025-10-12
15156,AW00015156,Dylan,Foster,M,,2025-10-12
15157,AW00015157,Jordan,Gonzalez,M,,2025-10-12
15158,AW00015158,Victoria,Moore,M,,2025-10-12
15159,AW00015159,Eric,Washington,M,,2025-10-12
15160,AW00015160,Candace,Van,M,,2025-10-12
15161,AW00015161,Trinity,James,S,,2025-10-12
15162,AW00015162,Kaitlyn,Barnes,M,,2025-10-12
15163,AW00015163,Victoria,Murphy,M,,2025-10-12
15164,AW00015164,Savannah,Collins,M,,2025-10-12
15165,AW00015165,Carl,Anand,M,,2025-10-12
15166,AW00015166,Nina,Goel,M,,2025-10-12
15167,AW00015167,Sara,Hernandez,M,,2025-10-12
15168,AW00015168,Xavier,Bell,M,,2025-10-12
15169,AW00015169,Zachary,Miller,M,,2025-10-12
15170,AW00015170,Jermaine,Martinez,M,,2025-10-12
15171,AW00015171,Destiny,Jones,S,,2025-10-12
15172,AW00015172,Alexandra,Hill,S,,2025-10-12
15173,AW00015173,Miguel,Henderson,S,,2025-10-12
15174,AW00015174,Trinity,Rogers,S,,2025-10-12
15175,AW00015175,Kristi,Malhotra,S,,2025-10-12
15176,AW00015176,Kristi,Ramos,M,,2025-10-12
15177,AW00015177,Jorge,Lu,S,,2025-10-13
15178,AW00015178,Drew,Tang,M,,2025-10-14
15179,AW00015179,Jay,Rubio,S,,2025-10-15
15180,AW00015180,Jillian,Suri,S,,2025-10-16
15181,AW00015181,Rosa,Huang,S,,2025-10-17
15182,AW00015182,Deanna,Srini,S,,2025-10-18
15183,AW00015183,Michele,Raji,S,,2025-10-19
15184,AW00015184,Mathew,Hernandez,S,,2025-10-20
15185,AW00015185,Jonathan,Evans,M,,2025-10-21
15186,AW00015186,Leah,Yang,M,,2025-10-22
15187,AW00015187,Benjamin,Brown,S,,2025-10-23
15188,AW00015188,Isaac,Watson,S,,2025-10-24
15189,AW00015189,Kayla,Russell,M,,2025-10-25
15190,AW00015190,Katherine,Watson,S,,2025-10-26
15191,AW00015191,Andres,Kumar,S,,2025-10-27
15192,AW00015192,Tasha,Shan,S,,2025-10-28
15193,AW00015193,Samuel,King,S,,2025-10-29
15194,AW00015194,Erik,Suarez,S,,2025-10-30
15195,AW00015195,Edwin,Huang,S,,2025-10-31
15196,AW00015196,Isaiah,Reed,S,,2025-11-01
15197,AW00015197,Elijah,Kumar,M,,2025-11-02
15198,AW00015198,Lauren,Watson,M,,2025-11-03
15199,AW00015199,Joe,Jordan,M,,2025-11-04
15200,AW00015200,Mindy,Simpson,M,,2025-11-05
15201,AW00015201,Miranda,Washington,S,,2025-11-06
15202,AW00015202,Blake,Bryant,M,,2025-11-07
15203,AW00015203,David,Lewis,M,,2025-11-08
15204,AW00015204,Deanna,Gonzalez,M,,2025-11-09
15205,AW00015205,Shawna,Black,S,,2025-11-10
15206,AW00015206,Maurice,Andersen,M,,2025-11-11
15207,AW00015207,Josue,Diaz,S,,2025-11-12
15208,AW00015208,Colleen,Luo,M,,2025-11-13
15209,AW00015209,Frank,Romero,M,,2025-11-14
15210,AW00015210,Kurt,Raje,S,,2025-11-15
15211,AW00015211,Kenneth,Luo,S,,2025-11-16
15212,AW00015212,Marcus,Henderson,M,,2025-11-17
15213,AW00015213,Briana,Martin,M,,2025-11-18
15214,AW00015214,Amanda,Jenkins,S,,2025-11-19
15215,AW00015215,Alberto,Jiménez,S,,2025-11-20
15216,AW00015216,Desiree,Gutierrez,M,,2025-11-21
15217,AW00015217,Ethan,Jai,S,,2025-11-22
15218,AW00015218,Willie,Johnsen,S,,2025-11-23
15219,AW00015219,Clayton,Chen,S,,2025-11-24
15220,AW00015220,Micah,Liu,S,,2025-11-25
15221,AW00015221,Troy,Arun,S,,2025-11-26
15222,AW00015222,Cynthia,Patel,M,,2025-11-27
15223,AW00015223,Ebony,Martin,S,,2025-11-28
15224,AW00015224,Pedro,Gutierrez,S,,2025-11-29
15225,AW00015225,Yolanda,Bhat,M,,2025-11-30
15226,AW00015226,Lori,Moreno,S,,2025-12-01
15227,AW00015227,Harold,Malhotra,S,,2025-12-02
15228,AW00015228,Jermaine,Raman,M,,2025-12-03
15229,AW00015229,Calvin,Rai,M,,2025-12-04
15230,AW00015230,Jillian,Vance,M,,2025-12-05
15231,AW00015231,Alexia,Barnes,M,,2025-12-06
15232,AW00015232,Omar,Ma,S,,2025-12-07
15233,AW00015233,Tammy,Rodriguez,M,,2025-12-08
15234,AW00015234,Kathleen,Moreno,S,,2025-12-09
15235,AW00015235,Kari,Lopez,M,,2025-12-10
15236,AW00015236,Brandy,Kapoor,M,,2025-12-11
15237,AW00015237,Devon,Lal,M,,2025-12-12
15238,AW00015238,Jonathon,Alonso,M,,2025-12-13
15239,AW00015239,Sergio,Rodriguez,M,,2025-12-14
15240,AW00015240,Monique,Navarro,M,,2025-12-15
15241,AW00015241,Geoffrey,Madan,M,,2025-12-16
15242,AW00015242,Neil,Suarez,M,,2025-12-17
15243,AW00015243,Lauren,Harris,M,,2025-12-18
15244,AW00015244,Alexis,Rodriguez,M,,2025-12-19
15245,AW00015245,Eduardo,Ross,M,,2025-12-20
15246,AW00015246,Kaitlyn,Watson,M,,2025-12-21
15247,AW00015247,Catherine,Stewart,S,,2025-12-22
15248,AW00015248,Richard,Harris,M,,2025-12-23
15249,AW00015249,Abigail,Anderson,S,,2025-12-24
15250,AW00015250,Jose,Scott,S,,2025-12-24
15251,AW00015251,Noah,Hall,S,,2025-12-24
15252,AW00015252,Jada,Murphy,M,,2025-12-24
15253,AW00015253,Barry,Suri,M,,2025-12-24
15254,AW00015254,Carla,Chapman,M,,2025-12-24
15255,AW00015255,Evan,Collins,M,,2025-12-24
15256,AW00015256,Dalton,Ramirez,S,,2025-12-24
15257,AW00015257,Matthew,Anderson,S,,2025-12-24
15258,AW00015258,Chloe,Reed,M,,2025-12-24
15259,AW00015259,Franklin,Zhu,S,,2025-12-24
15260,AW00015260,Kathleen,Torres,S,,2025-12-24
15261,AW00015261,Carolyn,Torres,M,,2025-12-24
15262,AW00015262,Jan,Gonzalez,M,,2025-12-24
15263,AW00015263,Paige,Coleman,M,,2025-12-24
15264,AW00015264,Peter,Goel,M,,2025-12-24
15265,AW00015265,Kristopher,Malhotra,S,,2025-12-24
15266,AW00015266,Briana,Suarez,M,,2025-12-24
15267,AW00015267,Kendra,Alvarez,M,,2025-12-24
15268,AW00015268,Shannon,Wu,S,,2025-12-24
15269,AW00015269,Chloe,King,M,,2025-12-24
15270,AW00015270,Ariana,Cox,S,,2025-12-24
15271,AW00015271,Samuel,Yang,S,,2025-12-24
15272,AW00015272,Kyle,Gonzales,S,,2025-12-24
15273,AW00015273,Brandon,Alexander,S,,2025-12-24
15274,AW00015274,Alexander,Johnson,S,,2025-12-24
15275,AW00015275,Eric,Collins,M,,2025-12-24
15276,AW00015276,Megan,Hall,S,,2025-12-24
15277,AW00015277,Hailey,Griffin,S,,2025-12-24
15278,AW00015278,Brandon,Russell,S,,2025-12-24
15279,AW00015279,Hunter,Lee,S,,2025-12-24
15280,AW00015280,Mya,Griffin,S,,2025-12-24
15281,AW00015281,Hunter,Anderson,S,,2025-12-24
15282,AW00015282,Elizabeth,Thomas,M,,2025-12-24
15283,AW00015283,Eugene,Li,S,,2025-12-24
15284,AW00015284,Jay,Prasad,S,,2025-12-24
15285,AW00015285,Olivia,Rodriguez,S,,2025-12-24
15286,AW00015286,Thomas,Nelson,M,,2025-12-24
15287,AW00015287,Stephanie,Baker,S,,2025-12-24
15288,AW00015288,Logan,Perry,M,,2025-12-24
15289,AW00015289,Katelyn,Gray,M,,2025-12-24
15290,AW00015290,Edward,Thompson,M,,2025-12-24
15291,AW00015291,Julia,Alexander,S,,2025-12-24
15292,AW00015292,Megan,Bailey,S,,2025-12-24
15293,AW00015293,Mason,Watson,M,,2025-12-24
15294,AW00015294,Michael,Robinson,M,,2025-12-24
15295,AW00015295,Louis,Shan,M,,2025-12-24
15296,AW00015296,Chloe,Peterson,M,,2025-12-24
15297,AW00015297,Nicole,Bryant,M,,2025-12-24
15298,AW00015298,Joe,Chandra,M,,2025-12-24
15299,AW00015299,Charles,Lopez,M,,2025-12-24
15300,AW00015300,Seth,Butler,M,,2025-12-24
15301,AW00015301,Amy,Guo,S,,2025-12-24
15302,AW00015302,Brianna,Thomas,S,,2025-12-24
15303,AW00015303,Haley,Patterson,S,,2025-12-24
15304,AW00015304,Miranda,Powell,M,,2025-12-24
15305,AW00015305,Jacquelyn,Ortega,S,,2025-12-24
15306,AW00015306,Victoria,Sanchez,M,,2025-12-24
15307,AW00015307,Jennifer,Garcia,M,,2025-12-24
15308,AW00015308,Christy,Lal,M,,2025-12-24
15309,AW00015309,Dylan,Wilson,M,,2025-12-24
15310,AW00015310,Amanda,Stewart,M,,2025-12-24
15311,AW00015311,Brandon,Thompson,M,,2025-12-24
15312,AW00015312,Alexandria,Gonzales,M,,2025-12-24
15313,AW00015313,Garrett,Morris,M,,2025-12-24
15314,AW00015314,Eduardo,Torres,S,,2025-12-24
15315,AW00015315,Katherine,Bennett,M,,2025-12-24
15316,AW00015316,Alexis,Harris,M,,2025-12-24
15317,AW00015317,Rachel,Jenkins,M,,2025-12-24
15318,AW00015318,Grace,Watson,M,,2025-12-24
15319,AW00015319,Jade,Sanchez,M,,2025-12-24
15320,AW00015320,Eduardo,Brooks,M,,2025-12-24
15321,AW00015321,Blake,Phillips,M,,2025-12-24
15322,AW00015322,Evan,Green,M,,2025-12-24
15323,AW00015323,Eduardo,Wilson,M,,2025-12-24
15324,AW00015324,Renee,Serrano,M,,2025-12-24
15325,AW00015325,Elijah,Hayes,M,,2025-12-24
15326,AW00015326,Todd,Zheng,M,,2025-12-24
15327,AW00015327,Paula,Hernandez,S,,2025-12-24
15328,AW00015328,Fernando,Jackson,M,,2025-12-24
15329,AW00015329,Brianna,Cox,S,,2025-12-24
15330,AW00015330,Catherine,Richardson,S,,2025-12-24
15331,AW00015331,Jacob,Taylor,M,,2025-12-24
15332,AW00015332,Jason,Sharma,M,,2025-12-24
15333,AW00015333,Marie,Diaz,M,,2025-12-24
15334,AW00015334,Sydney,Williams,S,,2025-12-24
15335,AW00015335,Emily,Patterson,S,,2025-12-24
15336,AW00015336,Marco,Garcia,M,,2025-12-24
15337,AW00015337,Rachel,Gonzales,M,,2025-12-24
15338,AW00015338,Marie,Navarro,M,,2025-12-24
15339,AW00015339,Noah,Zhang,M,,2025-12-24
15340,AW00015340,Brittany,Barnes,M,,2025-12-24
15341,AW00015341,Lacey,Deng,M,,2025-12-24
15342,AW00015342,Ashlee,Raji,M,,2025-12-24
15343,AW00015343,Carson,Barnes,M,,2025-12-24
15344,AW00015344,Luke,Russell,M,,2025-12-24
15345,AW00015345,Ashley,Perry,M,,2025-12-25
15346,AW00015346,Charles,Rodriguez,S,,2025-12-26
15347,AW00015347,Deanna,Alonso,M,,2025-12-27
15348,AW00015348,Greg,Carter,S,,2025-12-28
15349,AW00015349,Stephanie,Gonzalez,M,,2025-12-29
15350,AW00015350,Kathleen,Serrano,M,,2025-12-30
15351,AW00015351,Steve,Lu,M,,2025-12-31
15352,AW00015352,Raymond,Martinez,S,,2026-01-01
15353,AW00015353,Michele,Xu,S,,2026-01-02
15354,AW00015354,Corey,Kumar,M,,2026-01-03
15355,AW00015355,Janelle,Martinez,M,,2026-01-04
15356,AW00015356,Dawn,Jai,M,,2026-01-04
15357,AW00015357,Craig,Navarro,M,,2026-01-04
15358,AW00015358,Danielle,Sanders,S,,2026-01-04
15359,AW00015359,Logan,Yang,M,,2026-01-04
15360,AW00015360,Ryan,Martin,M,,2026-01-04
15361,AW00015361,Thomas,Gonzales,S,,2026-01-04
15362,AW00015362,Jennifer,Adams,M,,2026-01-04
15363,AW00015363,Justin,Yang,M,,2026-01-04
15364,AW00015364,Aidan,Bryant,S,,2026-01-04
15365,AW00015365,Victoria,Gray,M,,2026-01-04
15366,AW00015366,Alyssa,Coleman,M,,2026-01-04
15367,AW00015367,Alyssa,White,S,,2026-01-04
15368,AW00015368,Brandi,Martin,M,,2026-01-04
15369,AW00015369,Connor,Perez,M,,2026-01-04
15370,AW00015370,Jessica,Butler,M,,2026-01-04
15371,AW00015371,Cameron,Bryant,M,,2026-01-04
15372,AW00015372,Miguel,Alexander,M,,2026-01-04
15373,AW00015373,Kaitlyn,Jones,M,,2026-01-04
15374,AW00015374,Donna,Kumar,M,,2026-01-04
15375,AW00015375,Alisha,Chande,S,,2026-01-04
15376,AW00015376,Megan,Sanders,S,,2026-01-04
15377,AW00015377,Brianna,Jackson,S,,2026-01-04
15378,AW00015378,Devin,Ward,M,,2026-01-04
15379,AW00015379,Amanda,Griffin,M,,2026-01-04
15380,AW00015380,Nathan,Robinson,M,,2026-01-04
15381,AW00015381,Alexa,Howard,M,,2026-01-04
15382,AW00015382,Kimberly,Blue,M,,2026-01-04
15383,AW00015383,Charles,Rivera,M,,2026-01-04
15384,AW00015384,Xavier,Alan,M,,2026-01-04
15385,AW00015385,Destiny,Reed,M,,2026-01-04
15386,AW00015386,Nicholas,Taylor,S,,2026-01-04
15387,AW00015387,Miguel,Rodriguez,M,,2026-01-04
15388,AW00015388,Victoria,Smith,M,,2026-01-04
15389,AW00015389,Joan,King,S,,2026-01-04
15390,AW00015390,Jonathan,Turner,M,,2026-01-04
15391,AW00015391,Jordyn,Powell,M,,2026-01-04
15392,AW00015392,Sydney,Brown,S,,2026-01-04
15393,AW00015393,Rebekah,Ruiz,M,,2026-01-04
15394,AW00015394,Natalie,Wilson,M,,2026-01-04
15395,AW00015395,Joseph,Clark,S,,2026-01-04
15396,AW00015396,Julia,Wilson,M,,2026-01-04
15397,AW00015397,Karl,Tang,M,,2026-01-04
15398,AW00015398,Jose,Wang,M,,2026-01-04
15399,AW00015399,Mackenzie,Murphy,S,,2026-01-04
15400,AW00015400,Samuel,Roberts,M,,2026-01-04
15401,AW00015401,Rachel,Hughes,S,,2026-01-04
15402,AW00015402,Connor,Evans,M,,2026-01-04
15403,AW00015403,Jeremiah,Ross,M,,2026-01-04
15404,AW00015404,Sydney,Robinson,S,,2026-01-04
15405,AW00015405,Miguel,Ross,M,,2026-01-04
15406,AW00015406,Amanda,Butler,S,,2026-01-04
15407,AW00015407,Julia,Lee,S,,2026-01-04
15408,AW00015408,Olivia,Thompson,S,,2026-01-04
15409,AW00015409,Eduardo,Cooper,M,,2026-01-04
15410,AW00015410,Katherine,Harris,M,,2026-01-04
15411,AW00015411,Jay,Chandra,S,,2026-01-04
15412,AW00015412,Ryan,Griffin,M,,2026-01-04
15413,AW00015413,Donald,Prasad,M,,2026-01-04
15414,AW00015414,Isaac,Richardson,M,,2026-01-04
15415,AW00015415,Rachel,Gray,M,,2026-01-04
15416,AW00015416,Edward,Barnes,M,,2026-01-04
15417,AW00015417,Alvin,Lu,S,,2026-01-04
15418,AW00015418,Angel,Kelly,S,,2026-01-04
15419,AW00015419,Carlos,Baker,S,,2026-01-04
15420,AW00015420,Nathan,Hernandez,M,,2026-01-04
15421,AW00015421,Cameron,Clark,S,,2026-01-04
15422,AW00015422,Kelly,Griffin,M,,2026-01-04
15423,AW00015423,Jack,Long,S,,2026-01-04
15424,AW00015424,Rebecca,Hill,S,,2026-01-04
15425,AW00015425,Tina,Sai,M,,2026-01-04
15426,AW00015426,Cristina,Kumar,S,,2026-01-04
15427,AW00015427,Jade,Murphy,S,,2026-01-04
15428,AW00015428,Richard,Howard,M,,2026-01-04
15429,AW00015429,Aaron,Li,M,,2026-01-04
15430,AW00015430,Alfredo,Jiménez,M,,2026-01-04
15431,AW00015431,John,Jackson,M,,2026-01-04
15432,AW00015432,Alvin,Kumar,S,,2026-01-04
15433,AW00015433,Adam,Sharma,S,,2026-01-04
15434,AW00015434,Brent,Zhou,M,,2026-01-04
15435,AW00015435,Geoffrey,Raman,S,,2026-01-04
15436,AW00015436,Patricia,Suri,S,,2026-01-04
15437,AW00015437,Candace,Srini,M,,2026-01-04
15438,AW00015438,Arthur,Rodriguez,M,,2026-01-04
15439,AW00015439,Mason,Evans,M,,2026-01-04
15440,AW00015440,Jon,Pal,M,,2026-01-04
15441,AW00015441,Christy,Zeng,M,,2026-01-04
15442,AW00015442,Alejandro,Shen,M,,2026-01-04
15443,AW00015443,Francisco,Patel,M,,2026-01-04
15444,AW00015444,Roy,Fernandez,M,,2026-01-04
15445,AW00015445,Bob,Lopez,M,,2026-01-04
15446,AW00015446,Levi,Madan,S,,2026-01-04
15447,AW00015447,Regina,Madan,M,,2026-01-04
15448,AW00015448,Omar,She,M,,2026-01-04
15449,AW00015449,Cedric,Yuan,M,,2026-01-04
15450,AW00015450,Marshall,Black,M,,2026-01-04
15451,AW00015451,Linda,Munoz,M,,2026-01-04
15452,AW00015452,Alison,Goel,M,,2026-01-04
15453,AW00015453,Isabelle,Barnes,M,,2026-01-04
15454,AW00015454,Ian,Bennett,M,,2026-01-04
15455,AW00015455,Denise,Raman,S,,2026-01-04
15456,AW00015456,Donald,Suri,S,,2026-01-04
15457,AW00015457,Adriana,Martinez,M,,2026-01-04
15458,AW00015458,Krystal,Ma,M,,2026-01-04
15459,AW00015459,Beth,Dominguez,M,,2026-01-04
15460,AW00015460,Bethany,Nara,M,,2026-01-04
15461,AW00015461,Alberto,Gutierrez,M,,2026-01-04
15462,AW00015462,Tony,Chande,M,,2026-01-04
15463,AW00015463,Terrence,Yuan,S,,2026-01-04
15464,AW00015464,Kristi,Blanco,M,,2026-01-04
15465,AW00015465,Jacquelyn,Navarro,M,,2026-01-04
15466,AW00015466,Elijah,Perez,M,,2026-01-04
15467,AW00015467,Caleb,Shan,M,,2026-01-04
15468,AW00015468,Emma,Foster,M,,2026-01-04
15469,AW00015469,Fernando,Williams,M,,2026-01-04
15470,AW00015470,Hailey,Lopez,M,,2026-01-04
15471,AW00015471,Destiny,White,S,,2026-01-04
15472,AW00015472,Jennifer,Torres,S,,2026-01-04
15473,AW00015473,Abigail,Jenkins,S,,2026-01-04
15474,AW00015474,Cameron,Lal,M,,2026-01-04
15475,AW00015475,Kaitlyn,Brooks,S,,2026-01-04
15476,AW00015476,Alyssa,Powell,S,,2026-01-04
15477,AW00015477,Jose,Adams,S,,2026-01-04
15478,AW00015478,Melanie,Russell,M,,2026-01-04
15479,AW00015479,Andrea,Wright,M,,2026-01-04
15480,AW00015480,Denise,Lopez,M,,2026-01-04
15481,AW00015481,Jamie,Zhang,S,,2026-01-04
15482,AW00015482,Audrey,Rubio,M,,2026-01-04
15483,AW00015483,Katherine,Robinson,M,,2026-01-04
15484,AW00015484,Samuel,Henderson,M,,2026-01-04
15485,AW00015485,Jordan,Wright,M,,2026-01-04
15486,AW00015486,Kevin,Griffin,M,,2026-01-04
15487,AW00015487,Jesse,Ramirez,S,,2026-01-04
15488,AW00015488,Evan,Richardson,M,,2026-01-04
15489,AW00015489,Emily,Thompson,S,,2026-01-04
15490,AW00015490,Kaitlyn,Rivera,S,,2026-01-04
15491,AW00015491,Shannon,Li,S,,2026-01-04
15492,AW00015492,Grace,Long,S,,2026-01-04
15493,AW00015493,Eric,Chen,M,,2026-01-04
15494,AW00015494,Anna,Ross,S,,2026-01-04
15495,AW00015495,Craig,Alonso,M,,2026-01-04
15496,AW00015496,Kelli,Goel,S,,2026-01-04
15497,AW00015497,Katelyn,Phillips,M,,2026-01-04
15498,AW00015498,Alexandra,Washington,M,,2026-01-04
15499,AW00015499,Robert,Thomas,M,,2026-01-04
15500,AW00015500,Keith,Raji,M,,2026-01-04
15501,AW00015501,Justin,Simmons,M,,2026-01-04
15502,AW00015502,Nathaniel,Howard,S,,2026-01-04
15503,AW00015503,Caitlin,James,S,,2026-01-04
15504,AW00015504,Jared,James,S,,2026-01-04
15505,AW00015505,Gabriella,Bailey,S,,2026-01-04
15506,AW00015506,Evan,Sanders,S,,2026-01-04
15507,AW00015507,Hailey,Campbell,M,,2026-01-04
15508,AW00015508,Megan,Brooks,M,,2026-01-04
15509,AW00015509,Zachary,Washington,M,,2026-01-04
15510,AW00015510,Ernest,She,M,,2026-01-04
15511,AW00015511,Haley,Kelly,M,,2026-01-04
15512,AW00015512,Jose,Hayes,M,,2026-01-04
15513,AW00015513,Madeline,Perez,S,,2026-01-04
15514,AW00015514,Angela,Ramirez,S,,2026-01-04
15515,AW00015515,Carlos,Wright,M,,2026-01-04
15516,AW00015516,Shaun,Raje,M,,2026-01-04
15517,AW00015517,Thomas,Edwards,S,,2026-01-04
15518,AW00015518,Richard,Bryant,M,,2026-01-04
15519,AW00015519,Jennifer,Evans,M,,2026-01-04
15520,AW00015520,Desiree,Navarro,S,,2026-01-04
15521,AW00015521,Kathryn,Deng,S,,2026-01-04
15522,AW00015522,Ethan,Russell,M,,2026-01-04
15523,AW00015523,Jonathan,Yang,S,,2026-01-04
15524,AW00015524,Dalton,Stone,M,,2026-01-04
15525,AW00015525,Marie,Gonzalez,S,,2026-01-04
15526,AW00015526,Isabelle,Flores,S,,2026-01-04
15527,AW00015527,Megan,Rivera,S,,2026-01-04
15528,AW00015528,Lucas,Ramirez,M,,2026-01-04
15529,AW00015529,Jason,Allen,M,,2026-01-04
15530,AW00015530,Madison,Johnson,S,,2026-01-04
15531,AW00015531,Calvin,Raji,M,,2026-01-04
15532,AW00015532,Marshall,Jai,S,,2026-01-04
15533,AW00015533,Anna,Richardson,S,,2026-01-04
15534,AW00015534,Steven,Bell,S,,2026-01-04
15535,AW00015535,Jordan,Scott,M,,2026-01-04
15536,AW00015536,Victoria,Thomas,M,,2026-01-04
15537,AW00015537,Destiny,Peterson,M,,2026-01-04
15538,AW00015538,Luis,Lal,S,,2026-01-04
15539,AW00015539,Raul,Goel,S,,2026-01-04
15540,AW00015540,Randall,Ortega,S,,2026-01-04
15541,AW00015541,Zoe,Morris,S,,2026-01-04
15542,AW00015542,Andrea,Baker,S,,2026-01-04
15543,AW00015543,Emma,Flores,S,,2026-01-04
15544,AW00015544,Thomas,Brown,M,,2026-01-04
15545,AW00015545,Jennifer,Rivera,M,,2026-01-04
15546,AW00015546,Robert,Jenkins,M,,2026-01-04
15547,AW00015547,Cassidy,Wood,M,,2026-01-04
15548,AW00015548,Morgan,Brooks,M,,2026-01-04
15549,AW00015549,Richard,Davis,S,,2026-01-04
15550,AW00015550,Orlando,Alonso,S,,2026-01-04
15551,AW00015551,Kaylee,Gray,S,,2026-01-04
15552,AW00015552,Tyler,Lewis,S,,2026-01-04
15553,AW00015553,Ivan,Lopez,S,,2026-01-04
15554,AW00015554,Zoe,Bailey,S,,2026-01-04
15555,AW00015555,Hailey,Barnes,M,,2026-01-04
15556,AW00015556,Dylan,Davis,M,,2026-01-04
15557,AW00015557,Nathaniel,Murphy,M,,2026-01-04
15558,AW00015558,Hailey,Morris,M,,2026-01-04
15559,AW00015559,Devin,Flores,M,,2026-01-04
15560,AW00015560,Gabrielle,Gray,M,,2026-01-04
15561,AW00015561,Angel,Young,S,,2026-01-04
15562,AW00015562,Kaitlyn,James,S,,2026-01-04
15563,AW00015563,Luke,Lopez,M,,2026-01-04
15564,AW00015564,Eduardo,Hughes,M,,2026-01-04
15565,AW00015565,Kyle,Mitchell,S,,2026-01-04
15566,AW00015566,Aaron,Foster,M,,2026-01-04
15567,AW00015567,Carmen,Madan,M,,2026-01-04
15568,AW00015568,Aaron,Hayes,M,,2026-01-04
15569,AW00015569,Morgan,Ward,M,,2026-01-04
15570,AW00015570,Brianna,Powell,S,,2026-01-04
15571,AW00015571,Angel,Allen,S,,2026-01-04
15572,AW00015572,Anna,Garcia,M,,2026-01-04
15573,AW00015573,Thomas,Wilson,S,,2026-01-04
15574,AW00015574,Carlos,Peterson,S,,2026-01-04
15575,AW00015575,Alvin,Ye,M,,2026-01-04
15576,AW00015576,Carly,Raje,S,,2026-01-04
15577,AW00015577,Mayra,Malhotra,M,,2026-01-04
15578,AW00015578,Diane,Gill,M,,2026-01-04
15579,AW00015579,Brittany,Coleman,S,,2026-01-04
15580,AW00015580,Ruben,Raman,M,,2026-01-04
15581,AW00015581,Toni,Perez,S,,2026-01-04
15582,AW00015582,Jeffery,Cai,M,,2026-01-04
15583,AW00015583,Lindsey,Xu,S,,2026-01-04
15584,AW00015584,Christy,Raji,M,,2026-01-04
15585,AW00015585,Roy,Garcia,M,,2026-01-04
15586,AW00015586,Victor,Blanco,M,,2026-01-04
15587,AW00015587,Jessica,Ward,M,,2026-01-04
15588,AW00015588,Kristy,Alvarez,M,,2026-01-04
15589,AW00015589,Gilbert,He,M,,2026-01-04
15590,AW00015590,Marshall,Wu,M,,2026-01-04
15591,AW00015591,Darren,Srini,S,,2026-01-04
15592,AW00015592,Janet,Moreno,M,,2026-01-04
15593,AW00015593,Naomi,Martin,M,,2026-01-04
15594,AW00015594,Joanna,Carlson,S,,2026-01-04
15595,AW00015595,Andre,Sanchez,M,,2026-01-04
15596,AW00015596,Gilbert,Goel,S,,2026-01-04
15597,AW00015597,Terry,Raji,M,,2026-01-04
15598,AW00015598,Tanya,Rubio,S,,2026-01-04
15599,AW00015599,Darryl,Ma,S,,2026-01-04
15600,AW00015600,Josue,Dominguez,M,,2026-01-04
15601,AW00015601,Naomi,Moreno,M,,2026-01-04
15602,AW00015602,Warren,Wu,S,,2026-01-04
15603,AW00015603,Philip,Blanco,M,,2026-01-04
15604,AW00015604,Clifford,Prasad,M,,2026-01-04
15605,AW00015605,Alan,Yang,M,,2026-01-04
15606,AW00015606,Marco,Prasad,M,,2026-01-04
15607,AW00015607,Ricky,Gill,S,,2026-01-04
15608,AW00015608,Faith,James,S,,2026-01-04
15609,AW00015609,Karl,Sharma,S,,2026-01-04
15610,AW00015610,Jessica,Gonzales,S,,2026-01-04
15611,AW00015611,Michele,Patel,S,,2026-01-04
15612,AW00015612,Damien,Ma,S,,2026-01-04
15613,AW00015613,Melinda,Moreno,S,,2026-01-04
15614,AW00015614,Faith,Simmons,M,,2026-01-04
15615,AW00015615,Erika,Alvarez,S,,2026-01-04
15616,AW00015616,Janet,Alonso,S,,2026-01-04
15617,AW00015617,Dawn,Chande,S,,2026-01-04
15618,AW00015618,Gabriel,Sharma,M,,2026-01-04
15619,AW00015619,Levi,Subram,M,,2026-01-04
15620,AW00015620,Dominique,Subram,S,,2026-01-04
15621,AW00015621,Kelli,Wu,S,,2026-01-04
15622,AW00015622,Yvonne,Schleger,S,,2026-01-04
15623,AW00015623,Molly,Madan,M,F,2026-01-04
15624,AW00015624,Tyrone,Rubio,M,M,2026-01-04
15625,AW00015625,Clinton,Alvarez,M,M,2026-01-04
15626,AW00015626,Eduardo,White,M,M,2026-01-04
15627,AW00015627,Troy,Srini,S,M,2026-01-04
15628,AW00015628,Brianna,Sandberg,M,F,2026-01-04
15629,AW00015629,Meghan,Ruiz,S,F,2026-01-04
15630,AW00015630,Nichole,Tang,S,F,2026-01-04
15631,AW00015631,Clayton,Andersen,S,M,2026-01-04
15632,AW00015632,Gloria,Carlson,M,F,2026-01-04
15633,AW00015633,Ashlee,Shan,S,F,2026-01-04
15634,AW00015634,Dalton,Kelly,S,M,2026-01-04
15635,AW00015635,Sheila,Martin,S,F,2026-01-04
15636,AW00015636,David,White,S,M,2026-01-04
15637,AW00015637,Russell,Sharma,S,M,2026-01-04
15638,AW00015638,Rosa,He,M,F,2026-01-04
15639,AW00015639,Melanie,Coleman,M,F,2026-01-04
15640,AW00015640,Gary,Gomez,S,M,2026-01-04
15641,AW00015641,Marco,Sara,M,M,2026-01-04
15642,AW00015642,Cara,Gao,S,F,2026-01-04
15643,AW00015643,Omar,Raji,S,M,2026-01-04
15644,AW00015644,Savannah,Gonzalez,S,F,2026-01-04
15645,AW00015645,Javier,Gill,M,M,2026-01-04
15646,AW00015646,Emma,Kelly,S,F,2026-01-04
15647,AW00015647,Dawn,He,M,F,2026-01-04
15648,AW00015648,Edgar,Gonzalez,M,M,2026-01-04
15649,AW00015649,Melinda,Jimenez,M,F,2026-01-04
15650,AW00015650,Ronnie,Li,S,M,2026-01-04
15651,AW00015651,Ann,Lopez,S,F,2026-01-04
15652,AW00015652,Barbara,Wang,M,F,2026-01-04
15653,AW00015653,Gerald,Madan,S,M,2026-01-04
15654,AW00015654,Levi,Fernandez,S,M,2026-01-04
15655,AW00015655,Deanna,Gomez,M,F,2026-01-04
15656,AW00015656,Darryl,Zhao,S,M,2026-01-04
15657,AW00015657,Marcus,Hayes,M,M,2026-01-04
15658,AW00015658,Victoria,Rogers,S,F,2026-01-04
15659,AW00015659,Angela,Rivera,M,F,2026-01-04
15660,AW00015660,April,Jai,M,F,2026-01-04
15661,AW00015661,Brandon,Robinson,M,M,2026-01-04
15662,AW00015662,Megan,Richardson,M,F,2026-01-04
15663,AW00015663,Mandy,Chen,M,F,2026-01-04
15664,AW00015664,Jill,Vazquez,S,F,2026-01-04
15665,AW00015665,Kristi,Sai,M,F,2026-01-04
15666,AW00015666,Bianca,Liang,S,F,2026-01-04
15667,AW00015667,Hector,Ramos,M,M,2026-01-04
15668,AW00015668,Erick,Fernandez,M,M,2026-01-04
15669,AW00015669,Paul,Suurs,M,F,2026-01-04
15670,AW00015670,Sergio,Sánchez,M,M,2026-01-04
15671,AW00015671,Lawrence,Torres,S,M,2026-01-04
15672,AW00015672,Kelvin,Nara,S,M,2026-01-04
15673,AW00015673,Jon,Goel,S,M,2026-01-04
15674,AW00015674,Tommy,Raheem,S,M,2026-01-04
15675,AW00015675,Jay,Alonso,M,M,2026-01-04
15676,AW00015676,Todd,Wang,S,M,2026-01-04
15677,AW00015677,Alyssa,Bradley,M,F,2026-01-04
15678,AW00015678,Susan,Zhou,M,F,2026-01-04
15679,AW00015679,Robert,Patterson,M,M,2026-01-04
15680,AW00015680,Tasha,She,M,F,2026-01-04
15681,AW00015681,Emma,Gonzales,M,F,2026-01-04
15682,AW00015682,Heidi,Garcia,S,F,2026-01-04
15683,AW00015683,Jessie,Carlson,S,F,2026-01-04
15684,AW00015684,Tyrone,Suarez,S,M,2026-01-04
15685,AW00015685,Robin,Vazquez,M,F,2026-01-04
15686,AW00015686,Pedro,Vazquez,M,M,2026-01-04
15687,AW00015687,Jay,Suri,M,M,2026-01-04
15688,AW00015688,Chase,Gray,M,M,2026-01-04
15689,AW00015689,Stacey,Wang,S,F,2026-01-04
15690,AW00015690,Clifford,Perez,S,M,2026-01-04
15691,AW00015691,Julian,Henderson,M,M,2026-01-04
15692,AW00015692,Ryan,Garcia,M,M,2026-01-04
15693,AW00015693,Isabel,Barnes,S,F,2026-01-04
15694,AW00015694,Stephanie,Diaz,M,F,2026-01-04
15695,AW00015695,Bruce,Gomez,M,M,2026-01-04
15696,AW00015696,Damien,Sun,M,M,2026-01-04
15697,AW00015697,Julia,Morris,M,F,2026-01-04
15698,AW00015698,Susan,Wang,S,F,2026-01-04
15699,AW00015699,Jonathon,Hernandez,M,M,2026-01-04
15700,AW00015700,Eugene,Guo,M,M,2026-01-04
15701,AW00015701,Jillian,Kapoor,M,F,2026-01-04
15702,AW00015702,Ruth,Mehta,M,F,2026-01-04
15703,AW00015703,Alison,Chande,M,F,2026-01-04
15704,AW00015704,Peter,Luo,S,M,2026-01-04
15705,AW00015705,Gabriel,Simmons,M,M,2026-01-04
15706,AW00015706,Tina,Arthur,M,F,2026-01-04
15707,AW00015707,Robin,Rubio,M,F,2026-01-04
15708,AW00015708,Nina,Jai,M,F,2026-01-04
15709,AW00015709,Chelsea,Prasad,M,F,2026-01-04
15710,AW00015710,Brandy,Rana,M,F,2026-01-04
15711,AW00015711,Jeffery,Liang,M,M,2026-01-04
15712,AW00015712,Whitney,Chandra,M,F,2026-01-04
15713,AW00015713,Hannah,Lee,M,F,2026-01-04
15714,AW00015714,Bethany,Pal,S,F,2026-01-04
15715,AW00015715,Isabella,Adams,S,F,2026-01-04
15716,AW00015716,Roy,Madan,S,M,2026-01-04
15717,AW00015717,Alexia,Henderson,S,F,2026-01-04
15718,AW00015718,Heather,Lin,M,F,2026-01-04
15719,AW00015719,Lacey,Liang,M,F,2026-01-04
15720,AW00015720,Jaime,Ramos,M,F,2026-01-04
15721,AW00015721,Cara,Guo,S,F,2026-01-04
15722,AW00015722,Angela,Jenkins,M,F,2026-01-04
15723,AW00015723,Kate,Deng,M,F,2026-01-04
15724,AW00015724,Roger,She,S,M,2026-01-04
15725,AW00015725,Trevor,Price,M,M,2026-01-04
15726,AW00015726,Faith,Barnes,M,F,2026-01-04
15727,AW00015727,Alisha,Zeng,M,F,2026-01-04
15728,AW00015728,Keith,Sharma,M,M,2026-01-04
15729,AW00015729,Mayra,Suri,M,F,2026-01-04
15730,AW00015730,Philip,Dominguez,M,M,2026-01-04
15731,AW00015731,Corey,Chavez,S,M,2026-01-04
15732,AW00015732,Sandra,Zhu,M,F,2026-01-04
15733,AW00015733,Leslie,Ramos,M,F,2026-01-04
15734,AW00015734,Alicia,Lal,M,F,2026-01-04
15735,AW00015735,Lori,Blanco,M,F,2026-01-04
15736,AW00015736,Sheena,Raje,M,F,2026-01-04
15737,AW00015737,Alexander,Robinson,S,M,2026-01-04
15738,AW00015738,Abigail,Miller,M,F,2026-01-04
15739,AW00015739,Garrett,Rogers,M,M,2026-01-04
15740,AW00015740,Johnny,Kumar,M,M,2026-01-04
15741,AW00015741,Isabella,Allen,M,F,2026-01-04
15742,AW00015742,Grace,Thompson,M,F,2026-01-04
15743,AW00015743,Chloe,Thompson,M,F,2026-01-04
15744,AW00015744,Angela,Gray,M,F,2026-01-04
15745,AW00015745,Julian,Hayes,M,M,2026-01-04
15746,AW00015746,Emily,Walker,M,F,2026-01-04
15747,AW00015747,Evan,Nelson,M,M,2026-01-04
15748,AW00015748,Austin,Jenkins,M,M,2026-01-04
15749,AW00015749,Grace,Brown,S,F,2026-01-04
15750,AW00015750,Kaitlin,Martinez,M,F,2026-01-04
15751,AW00015751,Kristen,Xu,S,F,2026-01-04
15752,AW00015752,Bobby,Rodriguez,M,M,2026-01-04
15753,AW00015753,Margaret,Li,S,F,2026-01-04
15754,AW00015754,Crystal,Xu,S,F,2026-01-04
15755,AW00015755,Connor,Flores,M,M,2026-01-04
15756,AW00015756,Kari,Gutierrez,S,F,2026-01-04
15757,AW00015757,Edwin,Ferrier,S,M,2026-01-04
15758,AW00015758,Arturo,Andersen,M,M,2026-01-04
15759,AW00015759,Erin,Brooks,M,F,2026-01-04
15760,AW00015760,Richard,James,M,M,2026-01-04
15761,AW00015761,Xavier,Thompson,S,M,2026-01-04
15762,AW00015762,Garrett,Stewart,S,M,2026-01-04
15763,AW00015763,Xavier,Young,M,M,2026-01-04
15764,AW00015764,Louis,Guo,S,M,2026-01-04
15765,AW00015765,Gilbert,Deng,M,M,2026-01-04
15766,AW00015766,Priscilla,Black,S,F,2026-01-04
15767,AW00015767,George,Prasad,S,M,2026-01-04
15768,AW00015768,Victoria,Walker,M,F,2026-01-04
15769,AW00015769,Kelly,Coleman,M,F,2026-01-04
15770,AW00015770,Xavier,Brooks,S,M,2026-01-04
15771,AW00015771,Maria,Diaz,M,F,2026-01-04
15772,AW00015772,Christopher,Anderson,M,M,2026-01-04
15773,AW00015773,Dylan,Jenkins,M,M,2026-01-04
15774,AW00015774,Natalie,Kelly,M,F,2026-01-04
15775,AW00015775,Michelle,Ward,M,F,2026-01-04
15776,AW00015776,Jesse,Mitchell,M,M,2026-01-04
15777,AW00015777,Brianna,Smith,M,F,2026-01-04
15778,AW00015778,José,Miller,S,M,2026-01-04
15779,AW00015779,Jackson,Hayes,M,M,2026-01-04
15780,AW00015780,Claudia,McDonald,M,F,2026-01-04
15781,AW00015781,Blake,Evans,M,M,2026-01-04
15782,AW00015782,Katelyn,Collins,M,F,2026-01-04
15783,AW00015783,David,Alexander,M,M,2026-01-04
15784,AW00015784,Rebekah,Vazquez,M,F,2026-01-04
15785,AW00015785,Edwin,Zhang,S,M,2026-01-04
15786,AW00015786,Marshall,Andersen,M,M,2026-01-04
15787,AW00015787,Cynthia,Gonzalez,S,F,2026-01-04
15788,AW00015788,Barbara,Li,S,F,2026-01-04
15789,AW00015789,Steve,Schmidt,S,F,2026-01-04
15790,AW00015790,Colin,Xu,S,M,2026-01-04
15791,AW00015791,Megan,Long,M,F,2026-01-04
15792,AW00015792,Ernest,Zhou,M,M,2026-01-04
15793,AW00015793,Renee,Navarro,S,F,2026-01-04
15794,AW00015794,Tonya,Chander,M,F,2026-01-04
15795,AW00015795,Diane,Munoz,M,F,2026-01-04
15796,AW00015796,Edward,Hayes,M,M,2026-01-04
15797,AW00015797,Isaac,Cox,M,M,2026-01-04
15798,AW00015798,Anne,Munoz,S,F,2026-01-04
15799,AW00015799,Victoria,Anderson,M,F,2026-01-04
15800,AW00015800,Alberto,Serrano,S,M,2026-01-04
15801,AW00015801,Katrina,Shen,S,F,2026-01-04
15802,AW00015802,Bridget,Kumar,S,F,2026-01-04
15803,AW00015803,Bradley,Goel,M,M,2026-01-04
15804,AW00015804,Brittney,Liu,M,F,2026-01-04
15805,AW00015805,Dawn,Lin,M,F,2026-01-04
15806,AW00015806,Devin,Allen,M,M,2026-01-04
15807,AW00015807,Scot,Schulte,S,M,2026-01-04
15808,AW00015808,Natasha,Blanco,M,F,2026-01-04
15809,AW00015809,Christian,Sharma,M,M,2026-01-04
15810,AW00015810,Regina,Kapoor,M,F,2026-01-04
15811,AW00015811,Barbara,Schultz,M,M,2026-01-04
15812,AW00015812,Logan,Allen,M,M,2026-01-04
15813,AW00015813,Julian,Diaz,S,M,2026-01-04
15814,AW00015814,Monica,Subram,S,F,2026-01-04
15815,AW00015815,Nicole,Price,S,F,2026-01-04
15816,AW00015816,Victoria,Miller,M,F,2026-01-04
15817,AW00015817,Chloe,Alexander,S,F,2026-01-04
15818,AW00015818,Stanley,Perez,M,M,2026-01-04
15819,AW00015819,Savannah,Cox,S,F,2026-01-04
15820,AW00015820,Chase,Ward,M,M,2026-01-04
15821,AW00015821,Logan,Anderson,S,M,2026-01-04
15822,AW00015822,Damien,Zhu,M,M,2026-01-04
15823,AW00015823,Sharon,Tang,S,F,2026-01-04
15824,AW00015824,Lindsay,Kumar,S,F,2026-01-04
15825,AW00015825,Angela,Simmons,S,F,2026-01-04
15826,AW00015826,Marissa,Price,S,F,2026-01-04
15827,AW00015827,Danielle,Ward,S,F,2026-01-04
15828,AW00015828,Robyn,Ramos,M,F,2026-01-04
15829,AW00015829,Devin,Diaz,S,M,2026-01-04
15830,AW00015830,Naomi,Alonso,M,F,2026-01-04
15831,AW00015831,Omar,He,M,M,2026-01-04
15832,AW00015832,Manuel,Martinez,S,M,2026-01-04
15833,AW00015833,Tabitha,Kovar,S,F,2026-01-04
15834,AW00015834,Rebecca,Green,S,F,2026-01-04
15835,AW00015835,Marcus,Smith,S,M,2026-01-04
15836,AW00015836,Devin,Jackson,S,M,2026-01-04
15837,AW00015837,Julia,Johnston,S,F,2026-01-04
15838,AW00015838,Julia,Taylor,S,F,2026-01-04
15839,AW00015839,William,Taylor,S,M,2026-01-04
15840,AW00015840,Natalie,Peterson,M,F,2026-01-04
15841,AW00015841,Luis,Shan,S,M,2026-01-04
15842,AW00015842,Haley,Gray,M,F,2026-01-04
15843,AW00015843,Caleb,Wright,S,M,2026-01-04
15844,AW00015844,Megan,Brown,M,F,2026-01-04
15845,AW00015845,Mackenzie,Carter,M,F,2026-01-04
15846,AW00015846,Julian,Flores,S,M,2026-01-04
15847,AW00015847,Edward,White,M,M,2026-01-04
15848,AW00015848,Gabrielle,Hernandez,M,F,2026-01-04
15849,AW00015849,Destiny,Kelly,S,F,2026-01-04
15850,AW00015850,Rachel,Bradley,S,F,2026-01-04
15851,AW00015851,Taylor,Anderson,S,F,2026-01-04
15852,AW00015852,Oscar,Henderson,S,M,2026-01-04
15853,AW00015853,Jasmine,Brown,M,F,2026-01-04
15854,AW00015854,Miranda,Wood,M,F,2026-01-04
15855,AW00015855,Noah,Jones,M,M,2026-01-04
15856,AW00015856,Luis,Gonzales,M,M,2026-01-04
15857,AW00015857,Isabella,White,S,F,2026-01-04
15858,AW00015858,Jonathan,Parker,M,M,2026-01-04
15859,AW00015859,Abigail,Ramirez,S,F,2026-01-04
15860,AW00015860,Joe,Moreno,S,M,2026-01-04
15861,AW00015861,Damien,Zhao,S,M,2026-01-04
15862,AW00015862,Sriniwa,Narayanan,S,F,2026-01-04
15863,AW00015863,Adam,Scott,M,M,2026-01-04
15864,AW00015864,Lauren,Bailey,S,F,2026-01-04
15865,AW00015865,Isabel,Price,S,F,2026-01-04
15866,AW00015866,Abigail,White,S,F,2026-01-04
15867,AW00015867,Victoria,White,S,F,2026-01-04
15868,AW00015868,Caleb,Lal,S,M,2026-01-04
15869,AW00015869,Alexandra,Hall,S,F,2026-01-04
15870,AW00015870,Zoe,Howard,S,F,2026-01-04
15871,AW00015871,Ryan,Jai,M,M,2026-01-04
15872,AW00015872,Gabriella,Gonzalez,M,F,2026-01-04
15873,AW00015873,Hailey,Richardson,M,F,2026-01-04
15874,AW00015874,Samuel,Martin,M,M,2026-01-04
15875,AW00015875,Devin,Morris,M,M,2026-01-04
15876,AW00015876,Eduardo,Turner,M,M,2026-01-04
15877,AW00015877,Jordan,Perez,M,M,2026-01-04
15878,AW00015878,Kevin,Flores,M,M,2026-01-04
15879,AW00015879,Tyler,Wilson,M,M,2026-01-04
15880,AW00015880,Patrick,Bailey,M,M,2026-01-04
15881,AW00015881,Destiny,Williams,M,F,2026-01-04
15882,AW00015882,Maurice,Xie,S,M,2026-01-04
15883,AW00015883,Tristan,Coleman,M,M,2026-01-04
15884,AW00015884,Dakota,Bradley,M,M,2026-01-04
15885,AW00015885,Garrett,Sanchez,S,M,2026-01-04
15886,AW00015886,Matthew,Brown,S,M,2026-01-04
15887,AW00015887,Deanna,Vazquez,M,F,2026-01-04
15888,AW00015888,Amanda,Richardson,M,F,2026-01-04
15889,AW00015889,Robert,Wright,M,M,2026-01-04
15890,AW00015890,James,Russell,S,M,2026-01-04
15891,AW00015891,Jordan,Lopez,M,M,2026-01-04
15892,AW00015892,Pamela,Srini,S,F,2026-01-04
15893,AW00015893,Yolanda,Xu,M,F,2026-01-04
15894,AW00015894,Joanna,Gutierrez,M,F,2026-01-04
15895,AW00015895,Sophia,Parker,S,F,2026-01-04
15896,AW00015896,Samuel,Jones,M,M,2026-01-04
15897,AW00015897,Haley,Cooper,S,F,2026-01-04
15898,AW00015898,Isaiah,Gonzalez,M,M,2026-01-04
15899,AW00015899,Ian,James,M,M,2026-01-04
15900,AW00015900,Wyatt,Roberts,S,M,2026-01-04
15901,AW00015901,Taylor,Bryant,S,F,2026-01-04
15902,AW00015902,Robert,Diaz,M,M,2026-01-04
15903,AW00015903,Abigail,Barnes,M,F,2026-01-04
15904,AW00015904,Janice,Bennett,M,F,2026-01-04
15905,AW00015905,Taylor,Taylor,S,F,2026-01-04
15906,AW00015906,Kaitlyn,Lewis,S,F,2026-01-04
15907,AW00015907,Steven,Bailey,M,M,2026-01-04
15908,AW00015908,David,Wilson,M,M,2026-01-04
15909,AW00015909,Cassidy,Ross,M,F,2026-01-04
15910,AW00015910,Caleb,Hughes,M,M,2026-01-04
15911,AW00015911,Maria,Baker,M,F,2026-01-04
15912,AW00015912,Mya,Simmons,S,F,2026-01-04
15913,AW00015913,Antonio,Hughes,M,M,2026-01-04
15914,AW00015914,Logan,Bryant,S,M,2026-01-04
15915,AW00015915,Alex,Cox,S,M,2026-01-04
15916,AW00015916,Brandon,Walker,M,M,2026-01-04
15917,AW00015917,Emily,White,M,F,2026-01-04
15918,AW00015918,Roberto,Ruiz,S,M,2026-01-04
15919,AW00015919,Rebekah,Prasad,M,F,2026-01-04
15920,AW00015920,Colin,Wu,S,M,2026-01-04
15921,AW00015921,Donald,Patel,S,M,2026-01-04
15922,AW00015922,Roger,Kumar,M,M,2026-01-04
15923,AW00015923,Ricardo,Raje,S,M,2026-01-04
15924,AW00015924,Omar,Wang,M,M,2026-01-04
15925,AW00015925,Stanley,Subram,M,M,2026-01-04
15926,AW00015926,Donna,Deng,S,F,2026-01-04
15927,AW00015927,Gilbert,Huang,S,M,2026-01-04
15928,AW00015928,Priscilla,Pal,S,F,2026-01-04
15929,AW00015929,Karla,Raji,M,F,2026-01-04
15930,AW00015930,Tiffany,He,M,F,2026-01-04
15931,AW00015931,Micah,Xu,M,M,2026-01-04
15932,AW00015932,Tabitha,Jimenez,M,F,2026-01-04
15933,AW00015933,Clinton,Dominguez,S,M,2026-01-04
15934,AW00015934,Nichole,Raji,S,F,2026-01-04
15935,AW00015935,Amber,King,M,F,2026-01-04
15936,AW00015936,Abigail,Johnson,M,F,2026-01-04
15937,AW00015937,Grace,Lewis,M,F,2026-01-04
15938,AW00015938,Sean,Collins,M,M,2026-01-04
15939,AW00015939,Jennifer,Brown,M,F,2026-01-04
15940,AW00015940,Jack,Bryant,M,M,2026-01-04
15941,AW00015941,Bailey,Brooks,S,F,2026-01-04
15942,AW00015942,Lucas,Rodriguez,M,M,2026-01-04
15943,AW00015943,Richard,Watson,M,M,2026-01-04
15944,AW00015944,Damien,Lu,M,M,2026-01-04
15945,AW00015945,Alexandria,Kelly,M,F,2026-01-04
15946,AW00015946,Wyatt,Wilson,S,M,2026-01-04
15947,AW00015947,Michelle,Blue,M,F,2026-01-04
15948,AW00015948,Angela,Hughes,S,F,2026-01-04
15949,AW00015949,Katherine,Green,M,F,2026-01-04
15950,AW00015950,Erin,Peterson,M,F,2026-01-04
15951,AW00015951,Jenna,Baker,M,F,2026-01-04
15952,AW00015952,Evan,Cooper,M,M,2026-01-04
15953,AW00015953,Julio,Moreno,M,M,2026-01-04
15954,AW00015954,Marshall,Deng,M,M,2026-01-04
15955,AW00015955,Neil,Ortega,M,M,2026-01-04
15956,AW00015956,Ryan,Li,M,M,2026-01-04
15957,AW00015957,Samuel,Ross,S,M,2026-01-04
15958,AW00015958,Nicole,Ross,M,F,2026-01-04
15959,AW00015959,Logan,Rodriguez,M,M,2026-01-04
15960,AW00015960,Brianna,Bryant,M,F,2026-01-04
15961,AW00015961,Ashley,Walker,S,F,2026-01-04
15962,AW00015962,Benjamin,Winter,S,M,2026-01-04
15963,AW00015963,Madison,Smith,S,F,2026-01-04
15964,AW00015964,Steven,Cox,S,M,2026-01-04
15965,AW00015965,Jennifer,Watson,S,F,2026-01-04
15966,AW00015966,Natalie,Foster,M,F,2026-01-04
15967,AW00015967,Dakota,Diaz,M,M,2026-01-04
15968,AW00015968,Edward,Gonzalez,S,M,2026-01-04
15969,AW00015969,Sean,Murphy,S,M,2026-01-04
15970,AW00015970,Samuel,Thompson,S,M,2026-01-04
15971,AW00015971,Ryan,Jenkins,M,M,2026-01-04
15972,AW00015972,Caitlin,Bailey,M,F,2026-01-04
15973,AW00015973,Christopher,Garcia,M,M,2026-01-04
15974,AW00015974,Marcus,Green,M,M,2026-01-04
15975,AW00015975,Gabrielle,Collins,S,F,2026-01-04
15976,AW00015976,Kristopher,Patel,S,M,2026-01-04
15977,AW00015977,Julia,Harris,M,F,2026-01-04
15978,AW00015978,Xavier,Walker,M,M,2026-01-04
15979,AW00015979,Nicole,Cook,M,F,2026-01-04
15980,AW00015980,Gabrielle,Morgan,S,F,2026-01-04
15981,AW00015981,Gabriel,Powell,S,M,2026-01-04
15982,AW00015982,Jose,Evans,M,M,2026-01-04
15983,AW00015983,Alexis,Ross,M,F,2026-01-04
15984,AW00015984,Nathan,Wright,M,M,2026-01-04
15985,AW00015985,Devin,Johnson,M,M,2026-01-04
15986,AW00015986,Dalton,Sanchez,S,M,2026-01-04
15987,AW00015987,Nicole,Kelly,M,F,2026-01-04
15988,AW00015988,Edward,Moore,M,M,2026-01-04
15989,AW00015989,Savannah,Campbell,M,F,2026-01-04
15990,AW00015990,Eduardo,Richardson,S,M,2026-01-04
15991,AW00015991,David,Taylor,M,M,2026-01-04
15992,AW00015992,Isabelle,Alexander,S,F,2026-01-04
15993,AW00015993,Spencer,Coleman,M,M,2026-01-04
15994,AW00015994,Olivia,Blue,M,F,2026-01-04
15995,AW00015995,Kaitlyn,Johnson,M,F,2026-01-04
15996,AW00015996,Emily,Barnes,M,F,2026-01-04
15997,AW00015997,Melissa,Jenkins,M,F,2026-01-04
15998,AW00015998,Marissa,Flores,M,F,2026-01-04
15999,AW00015999,Maria,Hill,M,F,2026-01-04
16000,AW00016000,Gabrielle,Ramirez,M,F,2026-01-04
16001,AW00016001,Ricardo,Pal,M,M,2026-01-04
16002,AW00016002,Paige,Hayes,M,F,2026-01-04
16003,AW00016003,Carol,Robinson,M,F,2026-01-04
16004,AW00016004,Joe,Martinez,M,M,2026-01-04
16005,AW00016005,Jordan,Hill,S,M,2026-01-04
16006,AW00016006,Angelica,Henderson,M,F,2026-01-04
16007,AW00016007,Janelle,Gonzalez,M,F,2026-01-04
16008,AW00016008,Morgan,Allen,M,F,2026-01-04
16009,AW00016009,Matthew,Martinez,S,M,2026-01-04
16010,AW00016010,Nicole,Wood,M,F,2026-01-04
16011,AW00016011,Maria,Murphy,M,F,2026-01-04
16012,AW00016012,Grace,Cooper,S,F,2026-01-04
16013,AW00016013,Xavier,Williams,S,M,2026-01-04
16014,AW00016014,Christopher,Wilson,M,M,2026-01-04
16015,AW00016015,Jessica,Cooper,S,F,2026-01-04
16016,AW00016016,Bradley,She,M,M,2026-01-04
16017,AW00016017,Jeremy,Ramirez,M,M,2026-01-04
16018,AW00016018,Emma,Henderson,S,F,2026-01-04
16019,AW00016019,Amber,Hernandez,S,F,2026-01-04
16020,AW00016020,Thomas,Diaz,M,M,2026-01-04
16021,AW00016021,Shelby,Sanchez,S,F,2026-01-04
16022,AW00016022,Devin,Hernandez,S,M,2026-01-04
16023,AW00016023,Willie,Zhang,S,M,2026-01-04
16024,AW00016024,Isaac,Hill,M,M,2026-01-04
16025,AW00016025,Jorge,Sun,M,M,2026-01-04
16026,AW00016026,Byron,Jiménez,M,M,2026-01-04
16027,AW00016027,Anne,Vazquez,M,F,2026-01-04
16028,AW00016028,Cody,Cooper,M,M,2026-01-04
16029,AW00016029,Abby,Patel,M,F,2026-01-04
16030,AW00016030,Max,Martin,M,M,2026-01-04
16031,AW00016031,Ian,Allen,M,M,2026-01-04
16032,AW00016032,Colin,Chavez,M,M,2026-01-04
16033,AW00016033,Erica,Lin,M,F,2026-01-04
16034,AW00016034,Pamela,Suri,M,F,2026-01-04
16035,AW00016035,Sebastian,Morgan,M,M,2026-01-04
16036,AW00016036,Maria,Long,M,F,2026-01-04
16037,AW00016037,Melissa,Kelly,M,F,2026-01-04
16038,AW00016038,Roy,Sai,M,M,2026-01-04
16039,AW00016039,Steve,Yang,M,M,2026-01-04
16040,AW00016040,Casey,Gill,M,M,2026-01-04
16041,AW00016041,Pedro,Raman,S,M,2026-01-04
16042,AW00016042,Ian,Hall,S,M,2026-01-04
16043,AW00016043,Mathew,Romero,S,M,2026-01-04
16044,AW00016044,Connie,Rai,M,F,2026-01-04
16045,AW00016045,Evelyn,Sara,M,F,2026-01-04
16046,AW00016046,Robyn,Gomez,S,F,2026-01-04
16047,AW00016047,Taylor,Johnson,M,F,2026-01-04
16048,AW00016048,Kelli,Yang,S,F,2026-01-04
16049,AW00016049,Ashlee,Nara,M,F,2026-01-04
16050,AW00016050,Reginald,Moreno,M,M,2026-01-04
16051,AW00016051,Leonard,Xu,M,M,2026-01-04
16052,AW00016052,Danny,Gutierrez,M,M,2026-01-04
16053,AW00016053,Frederick,Perez,M,M,2026-01-04
16054,AW00016054,Hector,Ortega,S,M,2026-01-04
16055,AW00016055,Ryan,Lee,M,M,2026-01-04
16056,AW00016056,Alison,Shan,M,F,2026-01-04
16057,AW00016057,Michele,Gomez,M,F,2026-01-04
16058,AW00016058,Margaret,Zhang,M,F,2026-01-04
16059,AW00016059,Jésus,Carlson,M,M,2026-01-04
16060,AW00016060,Antonio,Griffin,M,M,2026-01-04
16061,AW00016061,Miguel,Butler,M,M,2026-01-04
16062,AW00016062,Katherine,Johnson,M,F,2026-01-04
16063,AW00016063,Francisco,Kapoor,M,M,2026-01-04
16064,AW00016064,Isabella,Griffin,M,F,2026-01-04
16065,AW00016065,Makayla,Torres,S,F,2026-01-04
16066,AW00016066,Alex,Ramirez,M,M,2026-01-04
16067,AW00016067,Maria,Butler,S,F,2026-01-04
16068,AW00016068,Jerry,Shen,S,M,2026-01-04
16069,AW00016069,Brianna,Hall,S,F,2026-01-04
16070,AW00016070,Sierra,Phillips,S,F,2026-01-04
16071,AW00016071,Taylor,Rodriguez,M,F,2026-01-04
16072,AW00016072,Caleb,Evans,M,M,2026-01-04
16073,AW00016073,Miranda,Bryant,S,F,2026-01-04
16074,AW00016074,Caleb,Roberts,M,M,2026-01-04
16075,AW00016075,Alexis,Johnson,S,F,2026-01-04
16076,AW00016076,Catherine,Rogers,M,F,2026-01-04
16077,AW00016077,Stephanie,Rogers,M,F,2026-01-04
16078,AW00016078,Nicole,James,M,F,2026-01-04
16079,AW00016079,Natalie,Carter,M,F,2026-01-04
16080,AW00016080,Oscar,Patterson,S,M,2026-01-04
16081,AW00016081,Arturo,Cai,M,M,2026-01-04
16082,AW00016082,Autumn,Zeng,S,F,2026-01-04
16083,AW00016083,Mindy,Raje,M,F,2026-01-04
16084,AW00016084,Allison,Wright,S,F,2026-01-04
16085,AW00016085,Trevor,Gonzales,M,M,2026-01-04
16086,AW00016086,Charles,Watson,M,M,2026-01-04
16087,AW00016087,Micah,Chen,S,M,2026-01-04
16088,AW00016088,Bryce,Sanders,S,M,2026-01-04
16089,AW00016089,Lucas,Brooks,M,M,2026-01-04
16090,AW00016090,Emma,White,S,F,2026-01-04
16091,AW00016091,Alyssa,Lewis,S,F,2026-01-04
16092,AW00016092,Jessica,Bryant,M,F,2026-01-04
16093,AW00016093,Kaitlyn,Morris,S,F,2026-01-04
16094,AW00016094,Kayla,Brown,S,F,2026-01-04
16095,AW00016095,Marcus,Garcia,M,M,2026-01-04
16096,AW00016096,Kenneth,She,M,M,2026-01-04
16097,AW00016097,Jessica,Stewart,S,F,2026-01-04
16098,AW00016098,Jasmine,Diaz,M,F,2026-01-04
16099,AW00016099,Julian,Jenkins,M,M,2026-01-04
16100,AW00016100,Jose,Johnson,S,M,2026-01-04
16101,AW00016101,Mary,Lopez,M,F,2026-01-04
16102,AW00016102,Marcus,Alexander,S,M,2026-01-04
16103,AW00016103,Haley,Hill,S,F,2026-01-04
16104,AW00016104,Jordan,Hernandez,S,F,2026-01-04
16105,AW00016105,Kristy,Diaz,S,F,2026-01-04
16106,AW00016106,Ian,Barnes,M,M,2026-01-04
16107,AW00016107,Jordan,Edwards,S,F,2026-01-04
16108,AW00016108,Bryce,Howard,S,M,2026-01-04
16109,AW00016109,Adam,Turner,S,M,2026-01-04
16110,AW00016110,Brandon,Long,M,M,2026-01-04
16111,AW00016111,Allison,Green,S,F,2026-01-04
16112,AW00016112,Frank,Munoz,S,M,2026-01-04
16113,AW00016113,Roger,Lal,S,M,2026-01-04
16114,AW00016114,Gavin,Ross,M,M,2026-01-04
16115,AW00016115,Jennifer,Diaz,S,F,2026-01-04
16116,AW00016116,Begoña,Hurtado,S,M,2026-01-04
16117,AW00016117,Brad,Lal,M,M,2026-01-04
16118,AW00016118,James,Wright,M,M,2026-01-04
16119,AW00016119,Hailey,Watson,M,F,2026-01-04
16120,AW00016120,Bryce,Ramirez,M,M,2026-01-04
16121,AW00016121,Kaitlyn,Ross,M,F,2026-01-04
16122,AW00016122,Jason,Phillips,M,M,2026-01-04
16123,AW00016123,Natalie,Patterson,M,F,2026-01-04
16124,AW00016124,Eduardo,Murphy,M,M,2026-01-04
16125,AW00016125,Victoria,Watson,M,F,2026-01-04
16126,AW00016126,Faith,Kelly,M,F,2026-01-04
16127,AW00016127,Amanda,Edwards,M,F,2026-01-04
16128,AW00016128,Destiny,Ward,M,F,2026-01-04
16129,AW00016129,Jordyn,Russell,S,F,2026-01-04
16130,AW00016130,Mike,Seamans,S,F,2026-01-04
16131,AW00016131,Albert,Romero,S,M,2026-01-04
16132,AW00016132,Sierra,Nelson,M,F,2026-01-04
16133,AW00016133,Dylan,Simmons,S,M,2026-01-04
16134,AW00016134,Roy,Hernandez,S,M,2026-01-04
16135,AW00016135,Chelsea,Raman,S,F,2026-01-04
16136,AW00016136,George,Srini,S,M,2026-01-04
16137,AW00016137,Timothy,King,S,M,2026-01-04
16138,AW00016138,David,Butler,S,M,2026-01-04
16139,AW00016139,Jacqueline,Alexander,M,F,2026-01-04
16140,AW00016140,Seth,Harris,M,M,2026-01-04
16141,AW00016141,Shelby,Ramirez,M,F,2026-01-04
16142,AW00016142,Sophia,King,S,F,2026-01-04
16143,AW00016143,Sara,Evans,M,F,2026-01-04
16144,AW00016144,Patrick,Kelly,M,M,2026-01-04
16145,AW00016145,Sydney,Anderson,S,F,2026-01-04
16146,AW00016146,Jacquelyn,Saunders,M,F,2026-01-04
16147,AW00016147,Nathan,Griffin,M,M,2026-01-04
16148,AW00016148,Karen,Walker,M,F,2026-01-04
16149,AW00016149,Dalton,Perry,S,M,2026-01-04
16150,AW00016150,Nicole,Thompson,M,F,2026-01-04
16151,AW00016151,Chloe,Sanchez,M,F,2026-01-04
16152,AW00016152,Katherine,Evans,M,F,2026-01-04
16153,AW00016153,Eric,Jai,M,M,2026-01-04
16154,AW00016154,Jennifer,Scott,M,F,2026-01-04
16155,AW00016155,Joan,Jenkins,M,F,2026-01-04
16156,AW00016156,Javier,Hernandez,M,M,2026-01-04
16157,AW00016157,Cindy,Raman,M,F,2026-01-04
16158,AW00016158,Kathleen,Gomez,M,F,2026-01-04
16159,AW00016159,Mindy,Goldberg,M,F,2026-01-04
16160,AW00016160,Erika,Hernandez,M,F,2026-01-04
16161,AW00016161,Jodi,Deng,M,F,2026-01-04
16162,AW00016162,Mackenzie,Morgan,S,F,2026-01-04
16163,AW00016163,Willie,Chande,S,M,2026-01-04
16164,AW00016164,Amy,Liang,S,F,2026-01-04
16165,AW00016165,Jenny,Liu,M,F,2026-01-04
16166,AW00016166,April,Goel,M,F,2026-01-04
16167,AW00016167,Devin,Moore,M,M,2026-01-04
16168,AW00016168,Kathryn,Ashe,M,F,2026-01-04
16169,AW00016169,Dennis,Lin,S,M,2026-01-04
16170,AW00016170,Juan,Rubio,S,M,2026-01-04
16171,AW00016171,Bruce,Ruiz,M,M,2026-01-04
16172,AW00016172,Janelle,Perez,S,F,2026-01-04
16173,AW00016173,Cory,Rana,M,M,2026-01-04
16174,AW00016174,Melinda,Hernandez,S,F,2026-01-04
16175,AW00016175,Tony,Shan,S,M,2026-01-04
16176,AW00016176,Michele,Torres,S,F,2026-01-04
16177,AW00016177,Bethany,Nath,S,F,2026-01-04
16178,AW00016178,Alfredo,Carlson,M,M,2026-01-04
16179,AW00016179,Jamie,Zhao,S,F,2026-01-04
16180,AW00016180,Kyle,Perez,S,M,2026-01-04
16181,AW00016181,Daisy,Rubio,S,F,2026-01-04
16182,AW00016182,Louis,Sun,M,M,2026-01-04
16183,AW00016183,Tanya,Carlson,S,F,2026-01-04
16184,AW00016184,Christine,She,M,F,2026-01-04
16185,AW00016185,Grant,Raji,S,M,2026-01-04
16186,AW00016186,Bethany,Raji,S,F,2026-01-04
16187,AW00016187,Louis,Hu,S,M,2026-01-04
16188,AW00016188,Teresa,Torres,S,F,2026-01-04
16189,AW00016189,Amanda,Hughes,M,F,2026-01-04
16190,AW00016190,Lance,Alvarez,S,M,2026-01-04
16191,AW00016191,Margaret,Zeng,S,F,2026-01-04
16192,AW00016192,Marie,Lopez,S,F,2026-01-04
16193,AW00016193,Victor,Rubio,S,M,2026-01-04
16194,AW00016194,Katie,Deng,S,F,2026-01-04
16195,AW00016195,Abby,Perez,M,F,2026-01-04
16196,AW00016196,Kurt,Raheem,M,M,2026-01-04
16197,AW00016197,Heidi,Prasad,S,F,2026-01-04
16198,AW00016198,Arthur,Navarro,S,M,2026-01-04
16199,AW00016199,Terrence,Xie,S,M,2026-01-04
16200,AW00016200,Julia,Edwards,S,F,2026-01-04
16201,AW00016201,Ross,Martin,S,M,2026-01-04
16202,AW00016202,Kenneth,Jai,S,M,2026-01-04
16203,AW00016203,Warren,Raje,S,M,2026-01-04
16204,AW00016204,Terrence,Anand,S,M,2026-01-04
16205,AW00016205,Melanie,Sanders,S,F,2026-01-04
16206,AW00016206,Cindy,Lewis,S,F,2026-01-04
16207,AW00016207,Jordan,Shan,S,M,2026-01-04
16208,AW00016208,Ruth,Chandra,S,F,2026-01-04
16209,AW00016209,Carolyn,Alvarez,S,F,2026-01-04
16210,AW00016210,Olivia,Cooper,S,F,2026-01-04
16211,AW00016211,Jesse,Roberts,S,M,2026-01-04
16212,AW00016212,Jacqueline,Rivera,M,F,2026-01-04
16213,AW00016213,Kaylee,Turner,S,F,2026-01-04
16214,AW00016214,Brett,Fernandez,M,M,2026-01-04
16215,AW00016215,Thomas,Turner,M,M,2026-01-04
16216,AW00016216,Charles,Mitchell,S,M,2026-01-04
16217,AW00016217,Amanda,Gonzales,S,F,2026-01-04
16218,AW00016218,Julia,Simmons,M,F,2026-01-04
16219,AW00016219,Angel,Sanders,M,M,2026-01-04
16220,AW00016220,Megan,Russell,M,F,2026-01-04
16221,AW00016221,Darren,Saunders,M,M,2026-01-04
16222,AW00016222,Brandon,Anderson,M,M,2026-01-04
16223,AW00016223,Carlos,Collins,M,M,2026-01-04
16224,AW00016224,Jacob,Martinez,M,M,2026-01-04
16225,AW00016225,Wyatt,Nelson,M,M,2026-01-04
16226,AW00016226,Maria,Blue,M,F,2026-01-04
16227,AW00016227,Eric,Lopez,M,M,2026-01-04
16228,AW00016228,Rafael,Zhu,M,M,2026-01-04
16229,AW00016229,Wayne,Chande,M,M,2026-01-04
16230,AW00016230,Craig,Blanco,M,M,2026-01-04
16231,AW00016231,Dana,Martin,M,F,2026-01-04
16232,AW00016232,Chase,Richardson,M,M,2026-01-04
16233,AW00016233,Rebecca,King,S,F,2026-01-04
16234,AW00016234,Wyatt,Martin,M,M,2026-01-04
16235,AW00016235,Sebastian,Morris,M,M,2026-01-04
16236,AW00016236,Nicholas,Martinez,M,M,2026-01-04
16237,AW00016237,Erin,James,M,F,2026-01-04
16238,AW00016238,Ann,Arun,M,F,2026-01-04
16239,AW00016239,Gabriel,Nelson,M,M,2026-01-04
16240,AW00016240,Madeline,Green,S,F,2026-01-04
16241,AW00016241,Isabel,Butler,S,F,2026-01-04
16242,AW00016242,Megan,Garcia,S,F,2026-01-04
16243,AW00016243,Maria,James,S,F,2026-01-04
16244,AW00016244,Gregory,Kumar,M,M,2026-01-04
16245,AW00016245,Alexandra,Griffin,S,F,2026-01-04
16246,AW00016246,Lucas,Simmons,S,M,2026-01-04
16247,AW00016247,Anna,Brown,S,F,2026-01-04
16248,AW00016248,Alyssa,Ross,S,F,2026-01-04
16249,AW00016249,Jesse,Rivera,M,M,2026-01-04
16250,AW00016250,Brendan,Raje,S,M,2026-01-04
16251,AW00016251,Makayla,Howard,S,F,2026-01-04
16252,AW00016252,Danny,Jiménez,S,M,2026-01-04
16253,AW00016253,Bethany,Lal,S,F,2026-01-04
16254,AW00016254,Maria,Morris,S,F,2026-01-04
16255,AW00016255,Taylor,Russell,S,F,2026-01-04
16256,AW00016256,Richard,Collins,M,M,2026-01-04
16257,AW00016257,Michele,Chandra,M,F,2026-01-04
16258,AW00016258,Deanna,Malhotra,S,F,2026-01-04
16259,AW00016259,Ebony,Sai,S,F,2026-01-04
16260,AW00016260,Gina,Schmidt,S,F,2026-01-04
16261,AW00016261,Diana,Navarro,M,F,2026-01-04
16262,AW00016262,Kathryn,Xie,M,F,2026-01-04
16263,AW00016263,Eduardo,Robinson,M,M,2026-01-04
16264,AW00016264,Jennifer,Howard,M,F,2026-01-04
16265,AW00016265,Julie,Goel,M,F,2026-01-04
16266,AW00016266,Alisha,Yang,M,F,2026-01-04
16267,AW00016267,Edwin,Chen,M,M,2026-01-04
16268,AW00016268,Lindsey,Kumar,M,F,2026-01-04
16269,AW00016269,Tara,Nath,M,F,2026-01-04
16270,AW00016270,Jerome,Hernandez,M,M,2026-01-04
16271,AW00016271,Michele,Gutierrez,S,F,2026-01-04
16272,AW00016272,Raul,Deng,S,M,2026-01-04
16273,AW00016273,Marie,Martinez,M,F,2026-01-04
16274,AW00016274,Ross,Diaz,M,M,2026-01-04
16275,AW00016275,Deborah,McDonald,M,F,2026-01-04
16276,AW00016276,Brandi,Carlson,S,F,2026-01-04
16277,AW00016277,Christy,Luo,M,F,2026-01-04
16278,AW00016278,Angel,Turner,M,M,2026-01-04
16279,AW00016279,Victoria,Patterson,S,F,2026-01-04
16280,AW00016280,Glenn,Ma,S,M,2026-01-04
16281,AW00016281,Gilbert,Luo,S,M,2026-01-04
16282,AW00016282,Kristine,Suarez,S,F,2026-01-04
16283,AW00016283,Clayton,Raji,S,M,2026-01-04
16284,AW00016284,Troy,Perez,S,M,2026-01-04
16285,AW00016285,Mindy,Xie,M,F,2026-01-04
16286,AW00016286,Billy,Torres,M,M,2026-01-04
16287,AW00016287,Laura,Xu,M,F,2026-01-04
16288,AW00016288,Edwin,Shen,M,M,2026-01-04
16289,AW00016289,Julie,Pal,S,F,2026-01-04
16290,AW00016290,Russell,Nath,S,M,2026-01-04
16291,AW00016291,Lindsey,Lal,S,F,2026-01-04
16292,AW00016292,Carly,Lal,M,F,2026-01-04
16293,AW00016293,Sean,Adams,M,M,2026-01-04
16294,AW00016294,Steve,Hu,M,M,2026-01-04
16295,AW00016295,Roger,Xu,S,M,2026-01-04
16296,AW00016296,Sydney,White,M,F,2026-01-04
16297,AW00016297,Deanna,Garcia,M,F,2026-01-04
16298,AW00016298,Adrienne,Sanz,M,F,2026-01-04
16299,AW00016299,Alison,Tang,S,F,2026-01-04
16300,AW00016300,Orlando,Martin,S,M,2026-01-04
16301,AW00016301,Omar,Cai,S,M,2026-01-04
16302,AW00016302,Rosa,Zeng,S,F,2026-01-04
16303,AW00016303,Tracy,Yuan,S,F,2026-01-04
16304,AW00016304,Justin,Moore,S,M,2026-01-04
16305,AW00016305,Stanley,Gonzalez,S,M,2026-01-04
16306,AW00016306,Kristine,Romero,M,F,2026-01-04
16307,AW00016307,Kelli,Sun,M,F,2026-01-04
16308,AW00016308,Sheena,Chander,M,F,2026-01-04
16309,AW00016309,Desiree,Ortega,M,F,2026-01-04
16310,AW00016310,Diana,Rubio,M,F,2026-01-04
16311,AW00016311,Carl,Beck,M,M,2026-01-04
16312,AW00016312,Bethany,Beck,S,F,2026-01-04
16313,AW00016313,Hailey,Russell,S,F,2026-01-04
16314,AW00016314,Gabriel,Ross,S,M,2026-01-04
16315,AW00016315,Garrett,Richardson,S,M,2026-01-04
16316,AW00016316,Kelli,Hu,S,F,2026-01-04
16317,AW00016317,Joel,Raman,S,M,2026-01-04
16318,AW00016318,Kellie,Moreno,S,F,2026-01-04
16319,AW00016319,Joy,Ortega,S,F,2026-01-04
16320,AW00016320,Rachel,Simmons,S,F,2026-01-04
16321,AW00016321,Ruth,Malhotra,M,F,2026-01-04
16322,AW00016322,Gloria,Dominguez,S,F,2026-01-04
16323,AW00016323,Dustin,Raje,S,M,2026-01-04
16324,AW00016324,Juan,Romero,M,M,2026-01-04
16325,AW00016325,Emma,Williams,S,F,2026-01-04
16326,AW00016326,Jésus,Romero,S,M,2026-01-04
16327,AW00016327,Darren,Diaz,S,M,2026-01-04
16328,AW00016328,Maurice,Rai,S,M,2026-01-04
16329,AW00016329,Jamie,Ye,S,F,2026-01-04
16330,AW00016330,Luke,Simmons,S,M,2026-01-04
16331,AW00016331,Erin,Richardson,S,F,2026-01-04
16332,AW00016332,Joan,Vazquez,M,F,2026-01-04
16333,AW00016333,Caleb,Hill,M,M,2026-01-04
16334,AW00016334,Natalie,Bailey,S,F,2026-01-04
16335,AW00016335,Kristen,Lu,S,F,2026-01-04
16336,AW00016336,Jonathan,Wright,M,M,2026-01-04
16337,AW00016337,Jose,White,M,M,2026-01-04
16338,AW00016338,Barbara,Zhang,M,F,2026-01-04
16339,AW00016339,Seth,Davis,M,M,2026-01-04
16340,AW00016340,Sean,Mitchell,S,M,2026-01-04
16341,AW00016341,Lacey,Raji,M,F,2026-01-04
16342,AW00016342,Gregory,Jai,M,M,2026-01-04
16343,AW00016343,Joel,Malhotra,M,M,2026-01-04
16344,AW00016344,Xavier,King,S,M,2026-01-04
16345,AW00016345,Francis,Ramos,M,M,2026-01-04
16346,AW00016346,Marc,Navarro,M,M,2026-01-04
16347,AW00016347,Raul,Sharma,M,M,2026-01-04
16348,AW00016348,Roy,Raman,M,M,2026-01-04
16349,AW00016349,Levi,Sai,S,M,2026-01-04
16350,AW00016350,Fernando,Thompson,S,M,2026-01-04
16351,AW00016351,Martha,Xu,S,F,2026-01-04
16352,AW00016352,Tiffany,Gao,S,F,2026-01-04
16353,AW00016353,Alejandro,Xu,M,M,2026-01-04
16354,AW00016354,Janet,Torres,S,F,2026-01-04
16355,AW00016355,Sam,Foster,S,F,2026-01-04
16356,AW00016356,Sophia,Baker,M,F,2026-01-04
16357,AW00016357,Margaret,Russell,S,F,2026-01-04
16358,AW00016358,Samuel,Jai,M,M,2026-01-04
16359,AW00016359,Shelby,Richardson,M,F,2026-01-04
16360,AW00016360,Justin,Garcia,M,M,2026-01-04
16361,AW00016361,Wyatt,White,M,M,2026-01-04
16362,AW00016362,Joshua,Smith,M,M,2026-01-04
16363,AW00016363,Melanie,Ramirez,M,F,2026-01-04
16364,AW00016364,Shawna,Yuan,M,F,2026-01-04
16365,AW00016365,Jenna,Young,M,F,2026-01-04
16366,AW00016366,Isabelle,Henderson,M,F,2026-01-04
16367,AW00016367,Emily,Williams,S,F,2026-01-04
16368,AW00016368,Lauren,Williams,S,F,2026-01-04
16369,AW00016369,Isabel,Powell,M,F,2026-01-04
16370,AW00016370,Molly,Gonzalez,M,F,2026-01-04
16371,AW00016371,Caleb,Diaz,M,M,2026-01-04
16372,AW00016372,Vanessa,Foster,M,F,2026-01-04
16373,AW00016373,Sara,Cook,M,F,2026-01-04
16374,AW00016374,Edward,Phillips,M,M,2026-01-04
16375,AW00016375,Gabriella,Hernandez,M,F,2026-01-04
16376,AW00016376,Maria,Wright,M,F,2026-01-04
16377,AW00016377,Jordan,Adams,S,F,2026-01-04
16378,AW00016378,Hailey,Baker,S,F,2026-01-04
16379,AW00016379,Marc,Jimenez,M,M,2026-01-04
16380,AW00016380,Mariah,Torres,S,F,2026-01-04
16381,AW00016381,Kayla,Davis,S,F,2026-01-04
16382,AW00016382,Jennifer,Davis,S,F,2026-01-04
16383,AW00016383,Brian,Kelly,S,M,2026-01-04
16384,AW00016384,Jada,Reed,S,F,2026-01-04
16385,AW00016385,James,Perez,M,M,2026-01-04
16386,AW00016386,Philip,Moyer,S,M,2026-01-04
16387,AW00016387,Douglas,Vance,M,M,2026-01-04
16388,AW00016388,Jay,Torres,M,M,2026-01-04
16389,AW00016389,Arturo,Shen,S,M,2026-01-04
16390,AW00016390,Mario,Nath,S,M,2026-01-04
16391,AW00016391,Sergio,Suri,S,M,2026-01-04
16392,AW00016392,Kari,Raman,M,F,2026-01-04
16393,AW00016393,Xavier,Edwards,M,M,2026-01-04
16394,AW00016394,Bryan,Bell,S,M,2026-01-04
16395,AW00016395,Tara,Pal,M,F,2026-01-04
16396,AW00016396,Keith,Rai,S,M,2026-01-04
16397,AW00016397,Andy,Navarro,M,M,2026-01-04
16398,AW00016398,Emmanuel,Rana,S,M,2026-01-04
16399,AW00016399,Arturo,Xu,S,M,2026-01-04
16400,AW00016400,Theodore,Ramos,M,M,2026-01-04
16401,AW00016401,Margaret,Gao,S,F,2026-01-04
16402,AW00016402,Alexander,Martin,S,M,2026-01-04
16403,AW00016403,Byron,Suarez,M,M,2026-01-04
16404,AW00016404,Raul,Nara,M,M,2026-01-04
16405,AW00016405,Adriana,Sai,M,F,2026-01-04
16406,AW00016406,Dakota,Henderson,M,M,2026-01-04
16407,AW00016407,Colleen,Zhao,M,F,2026-01-04
16408,AW00016408,Arthur,Madan,M,M,2026-01-04
16409,AW00016409,Ebony,Moreno,M,F,2026-01-04
16410,AW00016410,Joy,Navarro,S,F,2026-01-04
16411,AW00016411,Stanley,Sanchez,S,M,2026-01-04
16412,AW00016412,Leah,Liang,S,F,2026-01-04
16413,AW00016413,Julia,Gonzalez,M,F,2026-01-04
16414,AW00016414,Kelly,Flores,S,F,2026-01-04
16415,AW00016415,Andre,Patel,S,M,2026-01-04
16416,AW00016416,Brian,Rivera,S,M,2026-01-04
16417,AW00016417,Noah,Bryant,S,M,2026-01-04
16418,AW00016418,Katrina,Rai,S,F,2026-01-04
16419,AW00016419,Lacey,Simpson,M,F,2026-01-04
16420,AW00016420,Eddie,Alonso,S,M,2026-01-04
16421,AW00016421,Natasha,Diaz,S,F,2026-01-04
16422,AW00016422,Kurt,Xu,S,M,2026-01-04
16423,AW00016423,Sergio,Madan,S,M,2026-01-04
16424,AW00016424,Brandi,Diaz,M,F,2026-01-04
16425,AW00016425,Lisa,Lu,M,F,2026-01-04
16426,AW00016426,Jorge,Ye,M,M,2026-01-04
16427,AW00016427,Kendra,Alonso,S,F,2026-01-04
16428,AW00016428,Ryan,Ross,S,M,2026-01-04
16429,AW00016429,Jaclyn,Luo,M,F,2026-01-04
16430,AW00016430,Franklin,Rai,S,M,2026-01-04
16431,AW00016431,Jermaine,Rodriguez,S,M,2026-01-04
16432,AW00016432,John,Garcia,S,M,2026-01-04
16433,AW00016433,Mathew,Dominguez,M,M,2026-01-04
16434,AW00016434,Taylor,Bailey,M,F,2026-01-04
16435,AW00016435,Steven,Cooper,M,M,2026-01-04
16436,AW00016436,Ethan,Henderson,S,M,2026-01-04
16437,AW00016437,Jésus,Gutierrez,S,M,2026-01-04
16438,AW00016438,Kaitlin,Arthur,M,F,2026-01-04
16439,AW00016439,Dawn,Deng,S,F,2026-01-04
16440,AW00016440,Jimmy,Martin,S,M,2026-01-04
16441,AW00016441,Jason,Young,M,M,2026-01-04
16442,AW00016442,Luke,Gonzalez,S,M,2026-01-04
16443,AW00016443,Dawn,Gao,S,F,2026-01-04
16444,AW00016444,Erika,Carlson,M,F,2026-01-04
16445,AW00016445,Caitlin,Ward,S,F,2026-01-04
16446,AW00016446,Kristine,Munoz,M,F,2026-01-04
16447,AW00016447,Kate,Becker,M,F,2026-01-04
16448,AW00016448,Cheryl,Martin,M,F,2026-01-04
16449,AW00016449,Casey,Browning,S,M,2026-01-04
16450,AW00016450,Rebekah,Gutierrez,S,F,2026-01-04
16451,AW00016451,Karl,Stone,S,M,2026-01-04
16452,AW00016452,Cassie,Luo,S,F,2026-01-04
16453,AW00016453,Mayra,Chandra,S,F,2026-01-04
16454,AW00016454,Marco,Suri,M,M,2026-01-04
16455,AW00016455,Deb,Moreno,M,F,2026-01-04
16456,AW00016456,Larry,Navarro,S,M,2026-01-04
16457,AW00016457,Kathleen,Martin,S,F,2026-01-04
16458,AW00016458,Michele,Ruiz,S,F,2026-01-04
16459,AW00016459,Carolyn,Kapoor,M,F,2026-01-04
16460,AW00016460,Jodi,Xu,S,F,2026-01-04
16461,AW00016461,Rosa,Wu,S,F,2026-01-04
16462,AW00016462,Marissa,Gonzales,S,F,2026-01-04
16463,AW00016463,Anna,Murphy,S,F,2026-01-04
16464,AW00016464,Alan,Liu,S,M,2026-01-04
16465,AW00016465,Kara,Goel,S,F,2026-01-04
16466,AW00016466,Alisha,Kumar,S,F,2026-01-04
16467,AW00016467,Ronald,Srini,S,M,2026-01-04
16468,AW00016468,Orlando,Dominguez,S,M,2026-01-04
16469,AW00016469,Michele,Tang,S,F,2026-01-04
16470,AW00016470,Wesley,Guo,M,M,2026-01-04
16471,AW00016471,Vanessa,Hayes,M,F,2026-01-04
16472,AW00016472,Olivia,Robinson,S,F,2026-01-04
16473,AW00016473,Dawn,Andersen,S,F,2026-01-04
16474,AW00016474,Jay,Serrano,M,M,2026-01-04
16475,AW00016475,Kurt,Anand,S,M,2026-01-04
16476,AW00016476,Shawn,Xie,S,M,2026-01-04
16477,AW00016477,Anna,Gonzales,S,F,2026-01-04
16478,AW00016478,Adrian,Gray,S,M,2026-01-04
16479,AW00016479,Victoria,Brooks,S,F,2026-01-04
16480,AW00016480,Alan,Zhou,M,M,2026-01-04
16481,AW00016481,Madison,Bryant,S,F,2026-01-04
16482,AW00016482,Tabitha,Arthur,M,F,2026-01-04
16483,AW00016483,Warren,Jai,M,M,2026-01-04
16484,AW00016484,Dustin,Lal,M,M,2026-01-04
16485,AW00016485,Ian,Foster,S,M,2026-01-04
16486,AW00016486,Rachael,Madan,M,F,2026-01-04
16487,AW00016487,Brianna,Griffin,S,F,2026-01-04
16488,AW00016488,Joel,Rodriguez,M,M,2026-01-04
16489,AW00016489,Frederick,Garcia,M,M,2026-01-04
16490,AW00016490,Megan,Robinson,M,F,2026-01-04
16491,AW00016491,Christian,Garcia,S,M,2026-01-04
16492,AW00016492,Theodore,Sanz,M,M,2026-01-04
16493,AW00016493,Brenda,Fernandez,M,F,2026-01-04
16494,AW00016494,Jordyn,Simmons,S,F,2026-01-04
16495,AW00016495,Monique,Ramos,S,F,2026-01-04
16496,AW00016496,Dawn,Tang,S,F,2026-01-04
16497,AW00016497,Julia,Peterson,S,F,2026-01-04
16498,AW00016498,Hunter,Jones,S,M,2026-01-04
16499,AW00016499,Danielle,Kelly,S,F,2026-01-04
16500,AW00016500,Chloe,Perry,S,F,2026-01-04
16501,AW00016501,Vanessa,Wood,S,F,2026-01-04
16502,AW00016502,Jackson,Parker,S,M,2026-01-04
16503,AW00016503,Christian,Anderson,M,M,2026-01-04
16504,AW00016504,Justin,Russell,S,M,2026-01-04
16505,AW00016505,Erin,Gray,S,F,2026-01-04
16506,AW00016506,Catherine,Murphy,M,F,2026-01-04
16507,AW00016507,Tracy,Nath,M,F,2026-01-04
16508,AW00016508,Brent,Zhu,M,M,2026-01-04
16509,AW00016509,Veronica,Sai,M,F,2026-01-04
16510,AW00016510,Brad,Nara,M,M,2026-01-04
16511,AW00016511,Joe,Raman,M,M,2026-01-04
16512,AW00016512,Ricardo,Sharma,S,M,2026-01-04
16513,AW00016513,Ronnie,Wagner,S,M,2026-01-04
16514,AW00016514,Manuel,Fernandez,S,M,2026-01-04
16515,AW00016515,Troy,Sai,M,M,2026-01-04
16516,AW00016516,Melvin,She,M,M,2026-01-04
16517,AW00016517,Katrina,Raji,M,F,2026-01-04
16518,AW00016518,Krystal,Holt,S,F,2026-01-04
16519,AW00016519,Yolanda,Chander,S,F,2026-01-04
16520,AW00016520,Misty,Raji,M,F,2026-01-04
16521,AW00016521,Tonya,She,S,F,2026-01-04
16522,AW00016522,Casey,Pal,M,F,2026-01-04
16523,AW00016523,Sandra,Huang,M,F,2026-01-04
16524,AW00016524,Damien,Huang,M,M,2026-01-04
16525,AW00016525,Martha,Liang,M,F,2026-01-04
16526,AW00016526,Arthur,Perez,S,M,2026-01-04
16527,AW00016527,Cory,Arun,S,M,2026-01-04
16528,AW00016528,Dominique,Garcia,S,F,2026-01-04
16529,AW00016529,Jonathon,Gutierrez,M,M,2026-01-04
16530,AW00016530,Priscilla,Chander,M,F,2026-01-04
16531,AW00016531,Lacey,Gao,S,F,2026-01-04
16532,AW00016532,Tommy,Sharma,S,M,2026-01-04
16533,AW00016533,Kristen,Cai,M,F,2026-01-04
16534,AW00016534,Claudia,Holt,M,F,2026-01-04
16535,AW00016535,Colin,Chen,S,M,2026-01-04
16536,AW00016536,Meghan,Jimenez,S,F,2026-01-04
16537,AW00016537,Arthur,Dominguez,S,M,2026-01-04
16538,AW00016538,Stacey,Liang,S,F,2026-01-04
16539,AW00016539,Christy,Li,S,F,2026-01-04
16540,AW00016540,Theodore,Browning,M,M,2026-01-04
16541,AW00016541,Micah,Hu,S,M,2026-01-04
16542,AW00016542,Jésus,Ortega,M,M,2026-01-04
16543,AW00016543,Jenny,McDonald,M,F,2026-01-04
16544,AW00016544,Eduardo,Morgan,M,M,2026-01-04
16545,AW00016545,Alicia,Pal,M,F,2026-01-04
16546,AW00016546,Terrance,Jordan,M,M,2026-01-04
16547,AW00016547,Jake,Yang,M,M,2026-01-04
16548,AW00016548,Darren,Rubio,M,M,2026-01-04
16549,AW00016549,Linda,Moreno,S,F,2026-01-04
16550,AW00016550,Frederick,Madan,M,M,2026-01-04
16551,AW00016551,Christy,Shan,S,F,2026-01-04
16552,AW00016552,Joe,Sanchez,M,M,2026-01-04
16553,AW00016553,Gabriella,Roberts,M,F,2026-01-04
16554,AW00016554,Casey,Chander,S,F,2026-01-04
16555,AW00016555,Mathew,Vazquez,M,M,2026-01-04
16556,AW00016556,Angelica,Butler,S,F,2026-01-04
16557,AW00016557,Derek,Chander,S,M,2026-01-04
16558,AW00016558,Preston,Sara,S,M,2026-01-04
16559,AW00016559,Candace,Martinez,S,F,2026-01-04
16560,AW00016560,Kelvin,Sun,S,M,2026-01-04
16561,AW00016561,Kurt,Yuan,M,M,2026-01-04
16562,AW00016562,Colleen,Zhang,M,F,2026-01-04
16563,AW00016563,Mackenzie,Baker,S,F,2026-01-04
16564,AW00016564,Susan,Wu,S,F,2026-01-04
16565,AW00016565,Corey,Anand,M,M,2026-01-04
16566,AW00016566,Ashlee,Shen,S,F,2026-01-04
16567,AW00016567,Erick,Lopez,S,M,2026-01-04
16568,AW00016568,Caroline,Coleman,M,F,2026-01-04
16569,AW00016569,Colleen,Li,S,F,2026-01-04
16570,AW00016570,Julie,She,M,F,2026-01-04
16571,AW00016571,Audrey,Torres,M,F,2026-01-04
16572,AW00016572,Jon,Xu,S,M,2026-01-04
16573,AW00016573,Ruben,Dominguez,S,M,2026-01-04
16574,AW00016574,Joe,Gomez,S,M,2026-01-04
16575,AW00016575,Veronica,Vance,S,F,2026-01-04
16576,AW00016576,Corey,Beck,S,M,2026-01-04
16577,AW00016577,Leah,Chen,S,F,2026-01-04
16578,AW00016578,Stefanie,Weber,S,F,2026-01-04
16579,AW00016579,Zachary,Davis,M,M,2026-01-04
16580,AW00016580,Dawn,Chen,M,F,2026-01-04
16581,AW00016581,Kenneth,Becker,S,M,2026-01-04
16582,AW00016582,Frank,Torres,M,M,2026-01-04
16583,AW00016583,Justin,Martinez,M,M,2026-01-04
16584,AW00016584,Devin,Gray,S,M,2026-01-04
16585,AW00016585,Vincent,Sun,M,M,2026-01-04
16586,AW00016586,Leonard,Chander,M,M,2026-01-04
16587,AW00016587,Zachary,Martinez,M,M,2026-01-04
16588,AW00016588,Andre,Martinez,M,M,2026-01-04
16589,AW00016589,Martin,Suri,M,M,2026-01-04
16590,AW00016590,Shawn,Deng,M,M,2026-01-04
16591,AW00016591,Clarence,He,M,M,2026-01-04
16592,AW00016592,Jacquelyn,Gomez,M,F,2026-01-04
16593,AW00016593,Suzanne,He,M,F,2026-01-04
16594,AW00016594,Andrew,Jones,M,M,2026-01-04
16595,AW00016595,Cameron,Anderson,M,M,2026-01-04
16596,AW00016596,Gabrielle,Carter,S,F,2026-01-04
16597,AW00016597,Kelli,Xu,S,F,2026-01-04
16598,AW00016598,Kate,Rai,S,F,2026-01-04
16599,AW00016599,Ramón,Cai,M,M,2026-01-04
16600,AW00016600,Janet,Suarez,S,F,2026-01-04
16601,AW00016601,Tabitha,Rana,S,F,2026-01-04
16602,AW00016602,Jill,Travers,M,F,2026-01-04
16603,AW00016603,Scott,Seely,M,F,2026-01-04
16604,AW00016604,Roy,Serrano,M,M,2026-01-04
16605,AW00016605,Toni,Randall,M,F,2026-01-04
16606,AW00016606,Ricky,Blanco,S,M,2026-01-04
16607,AW00016607,Logan,Gonzales,M,M,2026-01-04
16608,AW00016608,Ricky,Martin,S,M,2026-01-04
16609,AW00016609,Gary,Jimenez,S,M,2026-01-04
16610,AW00016610,Sydney,Clark,M,F,2026-01-04
16611,AW00016611,Dylan,Rodriguez,S,M,2026-01-04
16612,AW00016612,Ebony,Ashe,S,F,2026-01-04
16613,AW00016613,Cassie,Sutton,M,F,2026-01-04
16614,AW00016614,Alison,Shen,M,F,2026-01-04
16615,AW00016615,Kaitlin,Patel,S,F,2026-01-04
16616,AW00016616,Kelvin,Liang,S,M,2026-01-04
16617,AW00016617,Alvin,Xie,M,M,2026-01-04
16618,AW00016618,Cassandra,Subram,M,F,2026-01-04
16619,AW00016619,Whitney,Perez,M,F,2026-01-04
16620,AW00016620,Cameron,Thompson,M,M,2026-01-04
16621,AW00016621,Birgit,Seidel,M,F,2026-01-04
16622,AW00016622,Byron,Navarro,S,M,2026-01-04
16623,AW00016623,Andres,Lal,S,M,2026-01-04
16624,AW00016624,Albert,Alvarez,S,M,2026-01-04
16625,AW00016625,Grant,Deng,M,M,2026-01-04
16626,AW00016626,Nathaniel,Morgan,S,M,2026-01-04
16627,AW00016627,Claudia,Chen,M,F,2026-01-04
16628,AW00016628,Francisco,Prasad,S,M,2026-01-04
16629,AW00016629,Rosa,Zheng,S,F,2026-01-04
16630,AW00016630,Jaime,Sutton,M,M,2026-01-04
16631,AW00016631,Haley,Ward,S,F,2026-01-04
16632,AW00016632,Ruben,Romero,S,M,2026-01-04
16633,AW00016633,Kelli,Becker,M,F,2026-01-04
16634,AW00016634,Jenny,Hu,M,F,2026-01-04
16635,AW00016635,Erick,Suri,M,M,2026-01-04
16636,AW00016636,Danny,Gomez,M,M,2026-01-04
16637,AW00016637,Evan,King,M,M,2026-01-04
16638,AW00016638,Dennis,Ye,M,M,2026-01-04
16639,AW00016639,Renee,Romero,S,F,2026-01-04
16640,AW00016640,Colin,Lal,M,M,2026-01-04
16641,AW00016641,Julia,Bailey,S,F,2026-01-04
16642,AW00016642,Mason,Mitchell,S,M,2026-01-04
16643,AW00016643,Fernando,Wilson,S,M,2026-01-04
16644,AW00016644,Leonard,Goel,M,M,2026-01-04
16645,AW00016645,Chelsea,Subram,M,F,2026-01-04
16646,AW00016646,Xavier,Collins,M,M,2026-01-04
16647,AW00016647,Anna,Alexander,M,F,2026-01-04
16648,AW00016648,Rachel,Coleman,M,F,2026-01-04
16649,AW00016649,Makayla,Stewart,M,F,2026-01-04
16650,AW00016650,Kaitlyn,Green,M,F,2026-01-04
16651,AW00016651,Abigail,Martinez,M,F,2026-01-04
16652,AW00016652,Nicole,Richardson,M,F,2026-01-04
16653,AW00016653,Isabella,Phillips,M,F,2026-01-04
16654,AW00016654,Heather,Zhang,M,F,2026-01-04
16655,AW00016655,Destiny,Taylor,M,F,2026-01-04
16656,AW00016656,Ronnie,Zhang,M,M,2026-01-04
16657,AW00016657,Alvin,She,M,M,2026-01-04
16658,AW00016658,Ashlee,Raje,S,F,2026-01-04
16659,AW00016659,Emily,Jones,S,F,2026-01-04
16660,AW00016660,Lee,Blanco,S,M,2026-01-04
16661,AW00016661,Shane,Raman,S,M,2026-01-04
16662,AW00016662,Stacey,Gao,S,F,2026-01-04
16663,AW00016663,Rosa,Lu,S,F,2026-01-04
16664,AW00016664,Sophia,Nelson,M,F,2026-01-04
16665,AW00016665,Linda,Suarez,S,F,2026-01-04
16666,AW00016666,Taylor,Torres,S,F,2026-01-04
16667,AW00016667,Allison,Sanchez,S,F,2026-01-04
16668,AW00016668,Levi,Malhotra,S,M,2026-01-04
16669,AW00016669,Benjamin,Martinez,S,M,2026-01-04
16670,AW00016670,Sarah,White,S,F,2026-01-04
16671,AW00016671,Megan,Wood,S,F,2026-01-04
16672,AW00016672,Nicole,Martinez,S,F,2026-01-04
16673,AW00016673,Curtis,Guo,S,M,2026-01-04
16674,AW00016674,Ricardo,Yuan,M,M,2026-01-04
16675,AW00016675,Kristi,Arthur,S,F,2026-01-04
16676,AW00016676,Amanda,Perry,M,F,2026-01-04
16677,AW00016677,Jack,Hughes,M,M,2026-01-04
16678,AW00016678,Ian,Ramirez,M,M,2026-01-04
16679,AW00016679,Amber,Carter,S,F,2026-01-04
16680,AW00016680,Carlos,Edwards,M,M,2026-01-04
16681,AW00016681,Louis,Chande,S,M,2026-01-04
16682,AW00016682,Kristy,Ramos,M,F,2026-01-04
16683,AW00016683,Christy,Rai,M,F,2026-01-04
16684,AW00016684,Joel,Perez,M,M,2026-01-04
16685,AW00016685,Robin,Dominguez,S,F,2026-01-04
16686,AW00016686,Kristine,Alonso,M,F,2026-01-04
16687,AW00016687,Lawrence,Romero,S,M,2026-01-04
16688,AW00016688,Tabitha,Gomez,S,F,2026-01-04
16689,AW00016689,Rafael,Shen,M,M,2026-01-04
16690,AW00016690,Aimee,Wu,M,F,2026-01-04
16691,AW00016691,Paula,Romero,S,F,2026-01-04
16692,AW00016692,Jay,Diaz,M,M,2026-01-04
16693,AW00016693,Ethan,Coleman,M,M,2026-01-04
16694,AW00016694,Mandy,Sun,M,F,2026-01-04
16695,AW00016695,Dwayne,Serrano,M,M,2026-01-04
16696,AW00016696,Claudia,Zeng,S,F,2026-01-04
16697,AW00016697,Wyatt,Henderson,S,M,2026-01-04
16698,AW00016698,Mallory,Gill,S,F,2026-01-04
16699,AW00016699,Dominic,Kapoor,M,M,2026-01-04
16700,AW00016700,Billy,Gill,S,M,2026-01-04
16701,AW00016701,Laura,Zheng,S,F,2026-01-04
16702,AW00016702,Patricia,Raman,M,F,2026-01-04
16703,AW00016703,Denise,Sanchez,M,F,2026-01-04
16704,AW00016704,Karla,Chavez,M,F,2026-01-04
16705,AW00016705,Jacqueline,Wood,M,F,2026-01-04
16706,AW00016706,Jenny,Shan,M,F,2026-01-04
16707,AW00016707,Derrick,Serrano,S,M,2026-01-04
16708,AW00016708,Kellie,Sanz,S,F,2026-01-04
16709,AW00016709,Roy,Alvarez,M,M,2026-01-04
16710,AW00016710,Carla,Arthur,M,F,2026-01-04
16711,AW00016711,Jorge,Zhao,M,M,2026-01-04
16712,AW00016712,Suzanne,Lu,S,F,2026-01-04
16713,AW00016713,Tony,Nara,M,M,2026-01-04
16714,AW00016714,Dalton,Nicholls,M,M,2026-01-04
16715,AW00016715,Katelyn,Ramirez,M,F,2026-01-04
16716,AW00016716,Jose,Henderson,S,M,2026-01-04
16717,AW00016717,Masaki,Umeda,M,F,2026-01-04
16718,AW00016718,Gavin,Stone,S,M,2026-01-04
16719,AW00016719,Trevor,Russell,S,M,2026-01-04
16720,AW00016720,Morgan,Perry,S,F,2026-01-04
16721,AW00016721,Xavier,Sanders,M,M,2026-01-04
16722,AW00016722,Sean,Gray,S,M,2026-01-04
16723,AW00016723,Barbara,Zhao,M,F,2026-01-04
16724,AW00016724,Gabriel,Yang,S,M,2026-01-04
16725,AW00016725,Jacob,Williams,M,M,2026-01-04
16726,AW00016726,Miguel,Wood,M,M,2026-01-04
16727,AW00016727,Charles,Johnston,S,M,2026-01-04
16728,AW00016728,Cole,Morris,M,M,2026-01-04
16729,AW00016729,Tommy,Nara,M,M,2026-01-04
16730,AW00016730,Mariah,Long,M,F,2026-01-04
16731,AW00016731,Nicole,White,S,F,2026-01-04
16732,AW00016732,Natalie,Flores,S,F,2026-01-04
16733,AW00016733,Douglas,Srini,M,M,2026-01-04
16734,AW00016734,Emma,Martinez,S,F,2026-01-04
16735,AW00016735,Melissa,Hayes,S,F,2026-01-04
16736,AW00016736,Kelly,Alexander,S,F,2026-01-04
16737,AW00016737,Steven,Selikoff,S,F,2026-01-04
16738,AW00016738,Ramon,Lu,M,M,2026-01-04
16739,AW00016739,Cory,Weber,M,M,2026-01-04
16740,AW00016740,Elijah,Li,M,M,2026-01-04
16741,AW00016741,Alan,Xu,M,M,2026-01-04
16742,AW00016742,Mitchell,Pal,M,M,2026-01-04
16743,AW00016743,Ariana,Stewart,M,F,2026-01-04
16744,AW00016744,Lacey,Guo,M,F,2026-01-04
16745,AW00016745,Krista,Moreno,S,F,2026-01-04
16746,AW00016746,Brianna,Peterson,S,F,2026-01-04
16747,AW00016747,Alexander,Davis,S,M,2026-01-04
16748,AW00016748,Patrick,Peterson,S,M,2026-01-04
16749,AW00016749,Aaron,Coleman,S,M,2026-01-04
16750,AW00016750,Seth,Sanders,M,M,2026-01-04
16751,AW00016751,Aaron,Scott,M,M,2026-01-04
16752,AW00016752,Mason,Wright,S,M,2026-01-04
16753,AW00016753,Rachel,Harris,S,F,2026-01-04
16754,AW00016754,Alex,Bell,S,M,2026-01-04
16755,AW00016755,Olivia,James,M,F,2026-01-04
16756,AW00016756,Richard,Allen,M,M,2026-01-04
16757,AW00016757,Mackenzie,Cox,M,F,2026-01-04
16758,AW00016758,Justin,Perry,M,M,2026-01-04
16759,AW00016759,Jasmine,Bell,M,F,2026-01-04
16760,AW00016760,Sydney,Alexander,S,F,2026-01-04
16761,AW00016761,Angel,Ward,S,M,2026-01-04
16762,AW00016762,Franklin,Ferrier,M,M,2026-01-04
16763,AW00016763,Juan,Suarez,M,M,2026-01-04
16764,AW00016764,Thomas,Davis,M,M,2026-01-04
16765,AW00016765,Dalton,White,M,M,2026-01-04
16766,AW00016766,Summer,Arun,S,F,2026-01-04
16767,AW00016767,Rafael,Liu,M,M,2026-01-04
16768,AW00016768,Eduardo,Barnes,M,M,2026-01-04
16769,AW00016769,Tyler,Walker,M,M,2026-01-04
16770,AW00016770,Charles,Rogers,M,M,2026-01-04
16771,AW00016771,Ian,Walker,M,M,2026-01-04
16772,AW00016772,Morgan,Parker,M,F,2026-01-04
16773,AW00016773,David,Lal,M,M,2026-01-04
16774,AW00016774,Eduardo,Perry,S,M,2026-01-04
16775,AW00016775,Sarah,Russell,M,F,2026-01-04
16776,AW00016776,Dalton,Lewis,M,M,2026-01-04
16777,AW00016777,Cameron,Simmons,M,M,2026-01-04
16778,AW00016778,Blake,Hayes,S,M,2026-01-04
16779,AW00016779,Morgan,Watson,M,F,2026-01-04
16780,AW00016780,Carlos,Bailey,M,M,2026-01-04
16781,AW00016781,Dylan,Chen,M,M,2026-01-04
16782,AW00016782,Lucas,Clark,M,M,2026-01-04
16783,AW00016783,Grace,Barnes,M,F,2026-01-04
16784,AW00016784,Chloe,Long,M,F,2026-01-04
16785,AW00016785,Christian,Lee,M,M,2026-01-04
16786,AW00016786,Lucas,Reed,M,M,2026-01-04
16787,AW00016787,Nicole,Jackson,S,F,2026-01-04
16788,AW00016788,Ronnie,Gao,M,M,2026-01-04
16789,AW00016789,Jennifer,Harris,M,F,2026-01-04
16790,AW00016790,Hunter,Lopez,M,M,2026-01-04
16791,AW00016791,Leonard,Yuan,S,M,2026-01-04
16792,AW00016792,Maria,Torres,M,F,2026-01-04
16793,AW00016793,Savannah,Hernandez,S,F,2026-01-04
16794,AW00016794,Taylor,Cook,M,F,2026-01-04
16795,AW00016795,Regina,Garcia,M,F,2026-01-04
16796,AW00016796,Kaitlyn,Martin,S,F,2026-01-04
16797,AW00016797,Evan,Reed,M,M,2026-01-04
16798,AW00016798,Latasha,Martin,M,F,2026-01-04
16799,AW00016799,Stephanie,Gonzales,M,F,2026-01-04
16800,AW00016800,Jordan,Roberts,M,F,2026-01-04
16801,AW00016801,Jasmine,Henderson,S,F,2026-01-04
16802,AW00016802,Lucas,Allen,S,M,2026-01-04
16803,AW00016803,Marcus,Peterson,M,M,2026-01-04
16804,AW00016804,Adam,Zhang,M,M,2026-01-04
16805,AW00016805,Fernando,Allen,S,M,2026-01-04
16806,AW00016806,Louis,Zhao,M,M,2026-01-04
16807,AW00016807,Virginia,Suri,M,F,2026-01-04
16808,AW00016808,Jessica,Long,M,F,2026-01-04
16809,AW00016809,Bailey,Sanders,S,F,2026-01-04
16810,AW00016810,Michael,Rodriguez,M,M,2026-01-04
16811,AW00016811,Luis,Zhang,M,M,2026-01-04
16812,AW00016812,Alexa,Richardson,M,F,2026-01-04
16813,AW00016813,Carson,Diaz,M,M,2026-01-04
16814,AW00016814,Isabella,Collins,S,F,2026-01-04
16815,AW00016815,Jacob,Brown,M,M,2026-01-04
16816,AW00016816,Julia,Miller,M,F,2026-01-04
16817,AW00016817,Evan,Peterson,M,M,2026-01-04
16818,AW00016818,Gabrielle,Reed,M,F,2026-01-04
16819,AW00016819,Dalton,Cox,M,M,2026-01-04
16820,AW00016820,Isabella,Gray,M,F,2026-01-04
16821,AW00016821,Mary,Carter,M,F,2026-01-04
16822,AW00016822,Marshall,Lin,M,M,2026-01-04
16823,AW00016823,Stacy,Ruiz,M,F,2026-01-04
16824,AW00016824,Randall,Munoz,M,M,2026-01-04
16825,AW00016825,Susan,Zeng,M,F,2026-01-04
16826,AW00016826,Roberto,Vazquez,M,M,2026-01-04
16827,AW00016827,Jeffery,Chen,M,M,2026-01-04
16828,AW00016828,Logan,Mitchell,M,M,2026-01-04
16829,AW00016829,Wayne,Lal,M,M,2026-01-04
16830,AW00016830,Alexandra,Hall,M,F,2026-01-04
16831,AW00016831,Theodore,Vazquez,M,M,2026-01-04
16832,AW00016832,Isaiah,Parker,S,M,2026-01-04
16833,AW00016833,Richard,Cooper,M,M,2026-01-04
16834,AW00016834,Morgan,Peterson,S,F,2026-01-04
16835,AW00016835,Noah,Nelson,M,M,2026-01-04
16836,AW00016836,David,Thomas,M,M,2026-01-04
16837,AW00016837,Elizabeth,Jackson,M,F,2026-01-04
16838,AW00016838,Jonathan,Griffin,S,M,2026-01-04
16839,AW00016839,Julia,Ross,M,F,2026-01-04
16840,AW00016840,Xavier,Torres,M,M,2026-01-04
16841,AW00016841,James,Turner,M,M,2026-01-04
16842,AW00016842,Jenny,Yang,M,F,2026-01-04
16843,AW00016843,Jimmy,Ramos,S,M,2026-01-04
16844,AW00016844,Emma,Robinson,M,F,2026-01-04
16845,AW00016845,Andrea,Adams,S,F,2026-01-04
16846,AW00016846,James,Phillips,S,M,2026-01-04
16847,AW00016847,Eduardo,Hall,M,M,2026-01-04
16848,AW00016848,Jessica,Thomas,S,F,2026-01-04
16849,AW00016849,Jonathan,Collins,M,M,2026-01-04
16850,AW00016850,Jessica,Jenkins,S,F,2026-01-04
16851,AW00016851,Kevin,Hayes,S,M,2026-01-04
16852,AW00016852,Kate,She,S,F,2026-01-04
16853,AW00016853,Christina,Bailey,S,F,2026-01-04
16854,AW00016854,Seth,Adams,M,M,2026-01-04
16855,AW00016855,Evelyn,Srini,M,F,2026-01-04
16856,AW00016856,Erin,Rivera,M,F,2026-01-04
16857,AW00016857,Lawrence,Munoz,M,M,2026-01-04
16858,AW00016858,Jan,Lopez,M,F,2026-01-04
16859,AW00016859,Jack,Kumar,S,M,2026-01-04
16860,AW00016860,Haley,Rogers,M,F,2026-01-04
16861,AW00016861,Luis,Sharma,S,M,2026-01-04
16862,AW00016862,Timothy,Nelson,M,M,2026-01-04
16863,AW00016863,Kaitlyn,Clark,M,F,2026-01-04
16864,AW00016864,Grace,Ramirez,S,F,2026-01-04
16865,AW00016865,Jordyn,Diaz,M,F,2026-01-04
16866,AW00016866,Alexandra,Parker,M,F,2026-01-04
16867,AW00016867,Katelyn,King,S,F,2026-01-04
16868,AW00016868,Xavier,Jackson,M,M,2026-01-04
16869,AW00016869,Vanessa,Patterson,M,F,2026-01-04
16870,AW00016870,Andrea,Morgan,M,F,2026-01-04
16871,AW00016871,Anna,Clark,M,F,2026-01-04
16872,AW00016872,Samuel,Taylor,M,M,2026-01-04
16873,AW00016873,Damien,Deng,M,M,2026-01-04
16874,AW00016874,Leslie,Munoz,S,F,2026-01-04
16875,AW00016875,Samantha,Diaz,M,F,2026-01-04
16876,AW00016876,Jackson,Sharma,M,M,2026-01-04
16877,AW00016877,Katelyn,Adams,S,F,2026-01-04
16878,AW00016878,Devin,Young,S,M,2026-01-04
16879,AW00016879,Morgan,Taylor,S,F,2026-01-04
16880,AW00016880,Edgar,Patel,M,M,2026-01-04
16881,AW00016881,Ruben,Alonso,M,M,2026-01-04
16882,AW00016882,Robert,Young,S,M,2026-01-04
16883,AW00016883,Tyler,Davis,S,M,2026-01-04
16884,AW00016884,Richard,Miller,M,M,2026-01-04
16885,AW00016885,Garrett,Cook,M,M,2026-01-04
16886,AW00016886,Aidan,Flores,M,M,2026-01-04
16887,AW00016887,Cody,Rivera,M,M,2026-01-04
16888,AW00016888,Arianna,Hughes,S,F,2026-01-04
16889,AW00016889,Daniel,Rodriguez,S,M,2026-01-04
16890,AW00016890,Timothy,Reed,M,M,2026-01-04
16891,AW00016891,Natalie,Gonzales,M,F,2026-01-04
16892,AW00016892,Rebecca,Evans,M,F,2026-01-04
16893,AW00016893,Isaac,Howard,S,M,2026-01-04
16894,AW00016894,Abigail,Walker,S,F,2026-01-04
16895,AW00016895,Chloe,Gonzales,M,F,2026-01-04
16896,AW00016896,Natalie,Perez,M,F,2026-01-04
16897,AW00016897,Lauren,Torres,S,F,2026-01-04
16898,AW00016898,Angel,Reed,M,M,2026-01-04
16899,AW00016899,Whitney,Sanchez,M,F,2026-01-04
16900,AW00016900,Miguel,Jones,M,M,2026-01-04
16901,AW00016901,Ricky,Munoz,M,M,2026-01-04
16902,AW00016902,Shawn,She,S,M,2026-01-04
16903,AW00016903,Ian,Wright,S,M,2026-01-04
16904,AW00016904,Arianna,Bailey,M,F,2026-01-04
16905,AW00016905,Janet,Stewart,M,F,2026-01-04
16906,AW00016906,Brittany,Flores,M,F,2026-01-04
16907,AW00016907,Sarah,Hall,S,F,2026-01-04
16908,AW00016908,Kristi,Patel,S,F,2026-01-04
16909,AW00016909,Chloe,Walker,M,F,2026-01-04
16910,AW00016910,Ryan,Diaz,M,M,2026-01-04
16911,AW00016911,Caleb,Patterson,M,M,2026-01-04
16912,AW00016912,Dalton,Patterson,M,M,2026-01-04
16913,AW00016913,Marcus,Flores,S,M,2026-01-04
16914,AW00016914,Alexandra,Campbell,M,F,2026-01-04
16915,AW00016915,Mason,Phillips,M,M,2026-01-04
16916,AW00016916,Cheryl,Dominguez,S,F,2026-01-04
16917,AW00016917,Brett,Subram,M,M,2026-01-04
16918,AW00016918,Alexandria,Cox,S,F,2026-01-04
16919,AW00016919,Kaitlin,Sullivan,M,F,2026-01-04
16920,AW00016920,Eduardo,Stewart,M,M,2026-01-04
16921,AW00016921,Edwin,Jai,M,M,2026-01-04
16922,AW00016922,Emma,Jackson,S,F,2026-01-04
16923,AW00016923,Connor,Gonzales,S,M,2026-01-04
16924,AW00016924,Julia,Price,S,F,2026-01-04
16925,AW00016925,Spencer,Patterson,S,M,2026-01-04
16926,AW00016926,Rodney,Sanz,M,M,2026-01-04
16927,AW00016927,Rebekah,Gonzalez,M,F,2026-01-04
16928,AW00016928,Bryan,Stewart,S,M,2026-01-04
16929,AW00016929,Savannah,Scott,M,F,2026-01-04
16930,AW00016930,Kristen,Zhao,S,F,2026-01-04
16931,AW00016931,Dalton,Lee,S,M,2026-01-04
16932,AW00016932,Adam,King,M,M,2026-01-04
16933,AW00016933,Donald,Arun,S,M,2026-01-04
16934,AW00016934,Michele,Vazquez,S,F,2026-01-04
16935,AW00016935,Bruce,Perez,S,M,2026-01-04
16936,AW00016936,Alice,Serventi,M,F,2026-01-04
16937,AW00016937,Craig,Rubio,M,M,2026-01-04
16938,AW00016938,Abigail,Williams,S,F,2026-01-04
16939,AW00016939,Bailey,Evans,M,F,2026-01-04
16940,AW00016940,Jenny,Zeng,S,F,2026-01-04
16941,AW00016941,Amy,Yang,M,F,2026-01-04
16942,AW00016942,Kaitlyn,Bennett,M,F,2026-01-04
16943,AW00016943,Veronica,Garcia,M,F,2026-01-04
16944,AW00016944,Alejandro,Raji,S,M,2026-01-04
16945,AW00016945,Brianna,Kelly,S,F,2026-01-04
16946,AW00016946,Teresa,Diaz,M,F,2026-01-04
16947,AW00016947,Savannah,Stewart,M,F,2026-01-04
16948,AW00016948,Emma,Lee,M,F,2026-01-04
16949,AW00016949,Luis,Flores,M,M,2026-01-04
16950,AW00016950,Connor,Edwards,M,M,2026-01-04
16951,AW00016951,Cassidy,Bennett,M,F,2026-01-04
16952,AW00016952,Thomas,Martin,M,M,2026-01-04
16953,AW00016953,Paige,Ward,M,F,2026-01-04
16954,AW00016954,Fernando,Davis,S,M,2026-01-04
16955,AW00016955,Nathaniel,Bradley,M,M,2026-01-04
16956,AW00016956,Austin,Flores,M,M,2026-01-04
16957,AW00016957,Seth,Wilson,M,M,2026-01-04
16958,AW00016958,Pedro,Torres,M,M,2026-01-04
16959,AW00016959,Carson,Foster,M,M,2026-01-04
16960,AW00016960,Paige,Gray,M,F,2026-01-04
16961,AW00016961,Faith,Perry,M,F,2026-01-04
16962,AW00016962,Zachary,Coleman,M,M,2026-01-04
16963,AW00016963,Faith,Hughes,M,F,2026-01-04
16964,AW00016964,Gavin,Wood,M,M,2026-01-04
16965,AW00016965,Kristi,Romero,S,F,2026-01-04
16966,AW00016966,Amanda,Diaz,M,F,2026-01-04
16967,AW00016967,Noah,Hernandez,S,M,2026-01-04
16968,AW00016968,Ian,Griffin,S,M,2026-01-04
16969,AW00016969,Jackson,Turner,M,M,2026-01-04
16970,AW00016970,Katherine,Foster,S,F,2026-01-04
16971,AW00016971,Alexia,Bryant,S,F,2026-01-04
16972,AW00016972,Lucas,Hernandez,S,M,2026-01-04
16973,AW00016973,Katherine,Collins,S,F,2026-01-04
16974,AW00016974,Paige,Rivera,S,F,2026-01-04
16975,AW00016975,Benjamin,Lee,M,M,2026-01-04
16976,AW00016976,Sandra,Xu,S,F,2026-01-04
16977,AW00016977,Noah,Adams,S,M,2026-01-04
16978,AW00016978,Jeremy,Rivera,M,M,2026-01-04
16979,AW00016979,Kaitlyn,Rogers,S,F,2026-01-04
16980,AW00016980,Jill,Moore,M,F,2026-01-04
16981,AW00016981,Hunter,Simmons,M,M,2026-01-04
16982,AW00016982,Jillian,Lopez,M,F,2026-01-04
16983,AW00016983,Gabriel,Collins,M,M,2026-01-04
16984,AW00016984,Rodney,Moreno,S,M,2026-01-04
16985,AW00016985,Adam,Li,S,M,2026-01-04
16986,AW00016986,Sara,Adams,S,F,2026-01-04
16987,AW00016987,Miguel,Clark,S,M,2026-01-04
16988,AW00016988,Brian,Bailey,S,M,2026-01-04
16989,AW00016989,Emma,Richardson,S,F,2026-01-04
16990,AW00016990,Zachary,Griffin,M,M,2026-01-04
16991,AW00016991,Brianna,Henderson,S,F,2026-01-04
16992,AW00016992,Lucas,Watson,S,M,2026-01-04
16993,AW00016993,Russell,Rai,M,M,2026-01-04
16994,AW00016994,Deanna,Torres,S,F,2026-01-04
16995,AW00016995,Taylor,Hall,S,F,2026-01-04
16996,AW00016996,Destiny,Walker,S,F,2026-01-04
16997,AW00016997,Natalie,Allen,S,F,2026-01-04
16998,AW00016998,Jennifer,Lopez,S,F,2026-01-04
16999,AW00016999,Chloe,Kelly,S,F,2026-01-04
17000,AW00017000,Miranda,Henderson,S,F,2026-01-04
17001,AW00017001,Ashley,Moore,S,F,2026-01-04
17002,AW00017002,Dylan,Martin,S,M,2026-01-04
17003,AW00017003,Joanna,Dominguez,S,F,2026-01-04
17004,AW00017004,Krista,Torres,S,F,2026-01-04
17005,AW00017005,Priscilla,Anand,S,F,2026-01-04
17006,AW00017006,Hunter,Williams,M,M,2026-01-04
17007,AW00017007,Samuel,Hayes,S,M,2026-01-04
17008,AW00017008,Connor,Turner,S,M,2026-01-04
17009,AW00017009,Wyatt,Butler,S,M,2026-01-04
17010,AW00017010,Brianna,James,S,F,2026-01-04
17011,AW00017011,Sara,Hill,M,F,2026-01-04
17012,AW00017012,Joan,Collins,M,F,2026-01-04
17013,AW00017013,Gabriella,Mitchell,S,F,2026-01-04
17014,AW00017014,Michael,Harris,S,M,2026-01-04
17015,AW00017015,Kelly,Patterson,S,F,2026-01-04
17016,AW00017016,Hailey,Hughes,S,F,2026-01-04
17017,AW00017017,Jeremiah,Jones,M,M,2026-01-04
17018,AW00017018,Mandy,Guo,M,F,2026-01-04
17019,AW00017019,Andrea,Hall,M,F,2026-01-04
17020,AW00017020,Ashley,Bryant,M,F,2026-01-04
17021,AW00017021,Nicole,Reed,M,F,2026-01-04
17022,AW00017022,Karen,Morgan,M,F,2026-01-04
17023,AW00017023,Jeremiah,Harris,M,M,2026-01-04
17024,AW00017024,Jacqueline,Diaz,M,F,2026-01-04
17025,AW00017025,Ryan,Taylor,S,M,2026-01-04
17026,AW00017026,Jordan,Li,S,M,2026-01-04
17027,AW00017027,Brianna,Taylor,S,F,2026-01-04
17028,AW00017028,Grace,Richardson,M,F,2026-01-04
17029,AW00017029,Suzanne,Xu,M,F,2026-01-04
17030,AW00017030,Emily,Russell,M,F,2026-01-04
17031,AW00017031,Grace,Thomas,M,F,2026-01-04
17032,AW00017032,Alexandria,Flores,M,F,2026-01-04
17033,AW00017033,Carson,Long,S,M,2026-01-04
17034,AW00017034,Lauren,Clark,S,F,2026-01-04
17035,AW00017035,Jordan,Flores,M,M,2026-01-04
17036,AW00017036,Savannah,Perez,M,F,2026-01-04
17037,AW00017037,Kenneth,Nath,M,M,2026-01-04
17038,AW00017038,Ernest,Wang,S,M,2026-01-04
17039,AW00017039,Ariana,Watson,M,F,2026-01-04
17040,AW00017040,Adam,Henderson,M,M,2026-01-04
17041,AW00017041,Connor,Perry,M,M,2026-01-04
17042,AW00017042,Tyler,Jackson,M,M,2026-01-04
17043,AW00017043,Isabella,Bennett,M,F,2026-01-04
17044,AW00017044,Ana,Hayes,M,F,2026-01-04
17045,AW00017045,Derek,Goel,S,M,2026-01-04
17046,AW00017046,Preston,Sai,M,M,2026-01-04
17047,AW00017047,Kendra,Rubio,M,F,2026-01-04
17048,AW00017048,Natasha,Gutierrez,S,F,2026-01-04
17049,AW00017049,Krystal,Lu,M,F,2026-01-04
17050,AW00017050,Cristina,Xie,M,F,2026-01-04
17051,AW00017051,Jessie,Ortega,M,F,2026-01-04
17052,AW00017052,Rafael,Nara,M,M,2026-01-04
17053,AW00017053,Deanna,Raman,M,F,2026-01-04
17054,AW00017054,Shawn,Raje,M,M,2026-01-04
17055,AW00017055,Willie,She,S,M,2026-01-04
17056,AW00017056,Shaun,Lal,S,M,2026-01-04
17057,AW00017057,Tasha,Raji,M,F,2026-01-04
17058,AW00017058,Destiny,Lee,M,F,2026-01-04
17059,AW00017059,Louis,Chen,M,M,2026-01-04
17060,AW00017060,Gerald,Sanz,M,M,2026-01-04
17061,AW00017061,Brandi,Alonso,M,F,2026-01-04
17062,AW00017062,Christy,Lu,M,F,2026-01-04
17063,AW00017063,Jaclyn,Wang,M,F,2026-01-04
17064,AW00017064,Stephanie,Gray,M,F,2026-01-04
17065,AW00017065,Cedric,Chen,M,M,2026-01-04
17066,AW00017066,Lori,Serrano,M,F,2026-01-04
17067,AW00017067,Adrienne,Alvarez,S,F,2026-01-04
17068,AW00017068,Thomas,Smith,S,M,2026-01-04
17069,AW00017069,Christy,Zheng,S,F,2026-01-04
17070,AW00017070,Margaret,Huang,M,F,2026-01-04
17071,AW00017071,Tammy,Raji,S,F,2026-01-04
17072,AW00017072,Kaitlin,Kapoor,M,F,2026-01-04
17073,AW00017073,Jonathon,Carlson,M,M,2026-01-04
17074,AW00017074,Ruben,Malhotra,M,M,2026-01-04
17075,AW00017075,Aimee,Guo,M,F,2026-01-04
17076,AW00017076,Neil,Serrano,M,M,2026-01-04
17077,AW00017077,Ronald,Raman,S,M,2026-01-04
17078,AW00017078,Jenny,Zhu,S,F,2026-01-04
17079,AW00017079,Tracy,Rai,S,F,2026-01-04
17080,AW00017080,Katelyn,Peterson,S,F,2026-01-04
17081,AW00017081,Jennifer,Murphy,S,F,2026-01-04
17082,AW00017082,Morgan,Smith,S,F,2026-01-04
17083,AW00017083,Priscilla,Raje,S,F,2026-01-04
17084,AW00017084,Byron,Serrano,S,M,2026-01-04
17085,AW00017085,Edwin,Deng,M,M,2026-01-04
17086,AW00017086,Xavier,Anderson,S,M,2026-01-04
17087,AW00017087,Jésus,Dominguez,M,M,2026-01-04
17088,AW00017088,Wayne,Yuan,S,M,2026-01-04
17089,AW00017089,Crystal,Zhu,M,F,2026-01-04
17090,AW00017090,Leslie,Alvarez,S,F,2026-01-04
17091,AW00017091,Tammy,Patel,M,F,2026-01-04
17092,AW00017092,Devon,Beck,M,M,2026-01-04
17093,AW00017093,Seth,Sanchez,M,M,2026-01-04
17094,AW00017094,Julio,Dominguez,S,M,2026-01-04
17095,AW00017095,Logan,Garcia,S,M,2026-01-04
17096,AW00017096,Samantha,Bennett,M,F,2026-01-04
17097,AW00017097,Deanna,Kapoor,S,F,2026-01-04
17098,AW00017098,Willie,Shan,S,M,2026-01-04
17099,AW00017099,Joel,Fernandez,S,M,2026-01-04
17100,AW00017100,Vincent,Wang,S,M,2026-01-04
17101,AW00017101,Shannon,Gutierrez,S,M,2026-01-04
17102,AW00017102,Andres,Goel,S,M,2026-01-04
17103,AW00017103,Franklin,Xu,M,M,2026-01-04
17104,AW00017104,Clifford,Rodriguez,S,M,2026-01-04
17105,AW00017105,Madison,Walker,S,F,2026-01-04
17106,AW00017106,Gina,Jiménez,S,F,2026-01-04
17107,AW00017107,Priscilla,Yuan,S,F,2026-01-04
17108,AW00017108,Susan,Xu,S,F,2026-01-04
17109,AW00017109,Sydney,Wilson,S,F,2026-01-04
17110,AW00017110,Meredith,Garcia,S,F,2026-01-04
17111,AW00017111,Jenny,Chande,M,F,2026-01-04
17112,AW00017112,Janet,Jimenez,M,F,2026-01-04
17113,AW00017113,Clarence,Pal,S,M,2026-01-04
17114,AW00017114,Jarrod,Mehta,S,M,2026-01-04
17115,AW00017115,Karen,Xu,M,F,2026-01-04
17116,AW00017116,Alison,Nath,S,F,2026-01-04
17117,AW00017117,Lydia,Prasad,M,F,2026-01-04
17118,AW00017118,Sara,Blue,S,F,2026-01-04
17119,AW00017119,Isabella,Harris,S,F,2026-01-04
17120,AW00017120,Michele,Raje,S,F,2026-01-04
17121,AW00017121,Lucas,Bryant,S,M,2026-01-04
17122,AW00017122,Gabrielle,Gonzalez,S,F,2026-01-04
17123,AW00017123,Pedro,Romero,M,M,2026-01-04
17124,AW00017124,Kaitlin,Madan,M,F,2026-01-04
17125,AW00017125,Paige,Rogers,M,F,2026-01-04
17126,AW00017126,Natalie,Perry,S,F,2026-01-04
17127,AW00017127,Makayla,Gray,S,F,2026-01-04
17128,AW00017128,Fernando,Alexander,S,M,2026-01-04
17129,AW00017129,Gabrielle,Powell,S,F,2026-01-04
17130,AW00017130,Janet,Turner,S,F,2026-01-04
17131,AW00017131,Lauren,Henderson,S,F,2026-01-04
17132,AW00017132,Isabella,James,S,F,2026-01-04
17133,AW00017133,Lucas,Kelly,S,M,2026-01-04
17134,AW00017134,Tabitha,Mehta,S,F,2026-01-04
17135,AW00017135,Richard,Edwards,S,M,2026-01-04
17136,AW00017136,Glenn,Ye,S,M,2026-01-04
17137,AW00017137,Jason,Washington,S,M,2026-01-04
17138,AW00017138,Melanie,Jenkins,S,F,2026-01-04
17139,AW00017139,Jade,Rivera,S,F,2026-01-04
17140,AW00017140,Sean,Peterson,M,M,2026-01-04
17141,AW00017141,Makayla,Rogers,S,F,2026-01-04
17142,AW00017142,Seth,Flores,M,M,2026-01-04
17143,AW00017143,David,Ross,M,M,2026-01-04
17144,AW00017144,Luis,Griffin,M,M,2026-01-04
17145,AW00017145,Sarah,Bennett,S,F,2026-01-04
17146,AW00017146,Juan,Cook,S,M,2026-01-04
17147,AW00017147,Jennifer,Nelson,S,F,2026-01-04
17148,AW00017148,Hailey,Henderson,S,F,2026-01-04
17149,AW00017149,Steven,Richardson,M,M,2026-01-04
17150,AW00017150,Wyatt,Wright,M,M,2026-01-04
17151,AW00017151,Jasmine,Alexander,S,F,2026-01-04
17152,AW00017152,Jack,Wang,S,M,2026-01-04
17153,AW00017153,Devin,Butler,M,M,2026-01-04
17154,AW00017154,Geoffrey,Martinez,M,M,2026-01-04
17155,AW00017155,Samuel,Lewis,M,M,2026-01-04
17156,AW00017156,Hailey,Gonzales,S,F,2026-01-04
17157,AW00017157,Wyatt,Johnson,M,M,2026-01-04
17158,AW00017158,Mitchell,Nara,M,M,2026-01-04
17159,AW00017159,Kellie,Ruiz,S,F,2026-01-04
17160,AW00017160,Louis,Andersen,M,M,2026-01-04
17161,AW00017161,Katherine,Lopez,S,F,2026-01-04
17162,AW00017162,Rachel,Blue,S,F,2026-01-04
17163,AW00017163,Edward,Adams,M,M,2026-01-04
17164,AW00017164,Ryan,Clark,M,M,2026-01-04
17165,AW00017165,Isaac,Gonzalez,S,M,2026-01-04
17166,AW00017166,Joshua,Several,M,M,2026-01-04
17167,AW00017167,Thomas,Jenkins,M,M,2026-01-04
17168,AW00017168,Jada,Perez,S,F,2026-01-04
17169,AW00017169,Emily,Taylor,M,F,2026-01-04
17170,AW00017170,Jasmine,James,M,F,2026-01-04
17171,AW00017171,Katherine,Clark,S,F,2026-01-04
17172,AW00017172,Jesse,Adams,M,M,2026-01-04
17173,AW00017173,David,Bryant,S,M,2026-01-04
17174,AW00017174,Angelica,Wood,S,F,2026-01-04
17175,AW00017175,Amanda,Roberts,S,F,2026-01-04
17176,AW00017176,Isaac,Ward,S,M,2026-01-04
17177,AW00017177,Richard,Hayes,M,M,2026-01-04
17178,AW00017178,Trisha,Liang,M,F,2026-01-04
17179,AW00017179,James,Henderson,S,M,2026-01-04
17180,AW00017180,Timothy,Rogers,M,M,2026-01-04
17181,AW00017181,Jenny,Lal,M,F,2026-01-04
17182,AW00017182,Jessica,Patterson,S,F,2026-01-04
17183,AW00017183,Shane,Sanchez,M,M,2026-01-04
17184,AW00017184,Eddie,Dominguez,M,M,2026-01-04
17185,AW00017185,Karla,Anand,M,F,2026-01-04
17186,AW00017186,Isaac,Evans,M,M,2026-01-04
17187,AW00017187,Alejandro,Ma,S,M,2026-01-04
17188,AW00017188,Alexa,Peterson,M,F,2026-01-04
17189,AW00017189,Clarence,Goel,M,M,2026-01-04
17190,AW00017190,Ebony,Rana,S,F,2026-01-04
17191,AW00017191,Gilbert,Guo,S,M,2026-01-04
17192,AW00017192,Warren,He,S,M,2026-01-04
17193,AW00017193,Haley,Brooks,M,F,2026-01-04
17194,AW00017194,Wyatt,Thompson,M,M,2026-01-04
17195,AW00017195,Franklin,Sharma,M,M,2026-01-04
17196,AW00017196,Douglas,Fernandez,S,M,2026-01-04
17197,AW00017197,Mindy,Nara,S,F,2026-01-04
17198,AW00017198,Cheryl,Jiménez,S,F,2026-01-04
17199,AW00017199,Dennis,Zhou,M,M,2026-01-04
17200,AW00017200,Russell,She,S,M,2026-01-04
17201,AW00017201,Vincent,Yang,S,M,2026-01-04
17202,AW00017202,Deanna,Martinez,M,F,2026-01-04
17203,AW00017203,Christine,Raje,M,F,2026-01-04
17204,AW00017204,Evelyn,Martinez,S,F,2026-01-04
17205,AW00017205,Lisa,Wang,S,F,2026-01-04
17206,AW00017206,Spencer,Gonzales,M,M,2026-01-04
17207,AW00017207,Ian,Torres,S,M,2026-01-04
17208,AW00017208,Jacob,Miller,M,M,2026-01-04
17209,AW00017209,Jacqueline,James,M,F,2026-01-04
17210,AW00017210,Karl,Deng,S,M,2026-01-04
17211,AW00017211,Virginia,Rodriguez,M,F,2026-01-04
17212,AW00017212,Jacqueline,Coleman,S,F,2026-01-04
17213,AW00017213,Calvin,Goel,M,M,2026-01-04
17214,AW00017214,Damien,Liu,M,M,2026-01-04
17215,AW00017215,Juan,Bell,S,M,2026-01-04
17216,AW00017216,Kathleen,Ramos,M,F,2026-01-04
17217,AW00017217,Raquel,Gill,M,F,2026-01-04
17218,AW00017218,Craig,Carlson,M,M,2026-01-04
17219,AW00017219,Kelsey,Sharma,M,F,2026-01-04
17220,AW00017220,Glenn,Wang,M,M,2026-01-04
17221,AW00017221,Ricky,Navarro,M,M,2026-01-04
17222,AW00017222,Carolyn,Serrano,M,F,2026-01-04
17223,AW00017223,Francis,Torres,M,M,2026-01-04
17224,AW00017224,Mandy,Li,M,F,2026-01-04
17225,AW00017225,Lawrence,Dominguez,M,M,2026-01-04
17226,AW00017226,Gilbert,McDonald,M,M,2026-01-04
17227,AW00017227,Erika,Gutierrez,M,F,2026-01-04
17228,AW00017228,Krystal,Zimmerman,S,F,2026-01-04
17229,AW00017229,Maria,Watson,S,F,2026-01-04
17230,AW00017230,Lance,Suarez,M,M,2026-01-04
17231,AW00017231,Tina,Garcia,S,F,2026-01-04
17232,AW00017232,Walter,Jimenez,M,M,2026-01-04
17233,AW00017233,Michele,Raman,M,F,2026-01-04
17234,AW00017234,Anna,Jenkins,S,F,2026-01-04
17235,AW00017235,Joshua,Jackson,S,M,2026-01-04
17236,AW00017236,Harold,Chandra,S,M,2026-01-04
17237,AW00017237,Bridget,Shen,S,F,2026-01-04
17238,AW00017238,Jordan,Patterson,S,M,2026-01-04
17239,AW00017239,Desiree,Romero,M,F,2026-01-04
17240,AW00017240,Dustin,Luo,M,M,2026-01-04
17241,AW00017241,Omar,Chander,M,M,2026-01-04
17242,AW00017242,Dale,Chande,M,M,2026-01-04
17243,AW00017243,Miranda,Flores,M,F,2026-01-04
17244,AW00017244,Kellie,Dominguez,M,F,2026-01-04
17245,AW00017245,Regina,Mehta,M,F,2026-01-04
17246,AW00017246,Micah,Wu,S,M,2026-01-04
17247,AW00017247,Michael,Moore,M,M,2026-01-04
17248,AW00017248,Alicia,Beck,M,F,2026-01-04
17249,AW00017249,Carl,Goel,M,M,2026-01-04
17250,AW00017250,Alicia,She,M,F,2026-01-04
17251,AW00017251,Tonya,Nara,M,F,2026-01-04
17252,AW00017252,Colleen,Zhu,M,F,2026-01-04
17253,AW00017253,Roy,Suri,M,M,2026-01-04
17254,AW00017254,Margaret,Liang,M,F,2026-01-04
17255,AW00017255,Carly,Nath,M,F,2026-01-04
17256,AW00017256,Noah,Flores,M,M,2026-01-04
17257,AW00017257,Darren,Rana,M,M,2026-01-04
17258,AW00017258,Fernando,Green,M,M,2026-01-04
17259,AW00017259,Trisha,Wang,M,F,2026-01-04
17260,AW00017260,Sean,King,M,M,2026-01-04
17261,AW00017261,Kyle,Shan,M,M,2026-01-04
17262,AW00017262,Kristy,Martin,M,F,2026-01-04
17263,AW00017263,Julia,Flores,M,F,2026-01-04
17264,AW00017264,Ian,Smith,S,M,2026-01-04
17265,AW00017265,Grace,Flores,M,F,2026-01-04
17266,AW00017266,Elijah,Hall,M,M,2026-01-04
17267,AW00017267,Abigail,Stewart,M,F,2026-01-04
17268,AW00017268,Alyssa,Hughes,M,F,2026-01-04
17269,AW00017269,Kevin,Russell,S,M,2026-01-04
17270,AW00017270,Jack,Parker,S,M,2026-01-04
17271,AW00017271,Sarah,Griffin,M,F,2026-01-04
17272,AW00017272,Mary,Hernandez,S,F,2026-01-04
17273,AW00017273,Jonathon,Torres,M,M,2026-01-04
17274,AW00017274,Arturo,Lu,M,M,2026-01-04
17275,AW00017275,Ian,Sanders,M,M,2026-01-04
17276,AW00017276,Elijah,Jenkins,S,M,2026-01-04
17277,AW00017277,Nichole,Goel,M,F,2026-01-04
17278,AW00017278,Isabella,Price,M,F,2026-01-04
17279,AW00017279,Tanya,Alvarez,M,F,2026-01-04
17280,AW00017280,Deanna,Mehta,M,F,2026-01-04
17281,AW00017281,Francis,Vazquez,S,M,2026-01-04
17282,AW00017282,Alyssa,Alexander,M,F,2026-01-04
17283,AW00017283,Henry,Madan,S,M,2026-01-04
17284,AW00017284,Gerald,Martin,S,M,2026-01-04
17285,AW00017285,Clayton,Deng,M,M,2026-01-04
17286,AW00017286,Randall,Rubio,M,M,2026-01-04
17287,AW00017287,Billy,Suarez,M,M,2026-01-04
17288,AW00017288,Dwayne,Torres,S,M,2026-01-04
17289,AW00017289,Mallory,Diaz,M,F,2026-01-04
17290,AW00017290,Jenny,Becker,S,F,2026-01-04
17291,AW00017291,Jorge,Huang,S,M,2026-01-04
17292,AW00017292,Kellie,Gill,S,F,2026-01-04
17293,AW00017293,Alexandra,Allen,M,F,2026-01-04
17294,AW00017294,Ruth,Arun,M,F,2026-01-04
17295,AW00017295,Victor,Sanz,M,M,2026-01-04
17296,AW00017296,Joanna,Johnston,S,F,2026-01-04
17297,AW00017297,Tommy,Kumar,S,M,2026-01-04
17298,AW00017298,Lucas,Peterson,S,M,2026-01-04
17299,AW00017299,Jaclyn,Ferrier,S,F,2026-01-04
17300,AW00017300,Ivan,Sai,S,M,2026-01-04
17301,AW00017301,Nicolas,Raji,S,M,2026-01-04
17302,AW00017302,Ruth,Vance,S,F,2026-01-04
17303,AW00017303,Terrence,Tang,M,M,2026-01-04
17304,AW00017304,Haley,Campbell,S,F,2026-01-04
17305,AW00017305,Neil,Torres,M,M,2026-01-04
17306,AW00017306,Edgar,Prasad,S,M,2026-01-04
17307,AW00017307,Warren,Chande,M,M,2026-01-04
17308,AW00017308,Deborah,Kumar,M,F,2026-01-04
17309,AW00017309,Amy,Ma,S,F,2026-01-04
17310,AW00017310,Alejandro,Wang,M,M,2026-01-04
17311,AW00017311,Kimberly,Reed,S,F,2026-01-04
17312,AW00017312,Mayra,Kovar,S,F,2026-01-04
17313,AW00017313,Raquel,Alonso,S,F,2026-01-04
17314,AW00017314,Lisa,Guo,S,F,2026-01-04
17315,AW00017315,Carolyn,Munoz,M,F,2026-01-04
17316,AW00017316,Marvin,Serrano,M,M,2026-01-04
17317,AW00017317,Stacey,Zeng,S,F,2026-01-04
17318,AW00017318,Tiffany,Zhang,M,F,2026-01-04
17319,AW00017319,Brianna,Johnson,S,F,2026-01-04
17320,AW00017320,Alan,Zhu,S,M,2026-01-04
17321,AW00017321,Kate,Kumar,M,F,2026-01-04
17322,AW00017322,Derek,Beck,S,M,2026-01-04
17323,AW00017323,Rafael,Jai,M,M,2026-01-04
17324,AW00017324,Tonya,Xu,M,F,2026-01-04
17325,AW00017325,Paige,Henderson,M,F,2026-01-04
17326,AW00017326,Paul,Shakespear,S,F,2026-01-04
17327,AW00017327,Jamie,Zhou,S,F,2026-01-04
17328,AW00017328,Michelle,Cox,S,F,2026-01-04
17329,AW00017329,Jasmine,Wilson,M,F,2026-01-04
17330,AW00017330,Latoya,Becker,M,F,2026-01-04
17331,AW00017331,Keith,Stone,M,M,2026-01-04
17332,AW00017332,Jonathan,Green,S,M,2026-01-04
17333,AW00017333,Misty,Chander,S,F,2026-01-04
17334,AW00017334,Luis,Lopez,M,M,2026-01-04
17335,AW00017335,Miguel,Gonzales,M,M,2026-01-04
17336,AW00017336,Chase,Sanchez,S,M,2026-01-04
17337,AW00017337,Marcus,Davis,S,M,2026-01-04
17338,AW00017338,Jordyn,Long,M,F,2026-01-04
17339,AW00017339,Ian,Hayes,S,M,2026-01-04
17340,AW00017340,Joy,Hernandez,S,F,2026-01-04
17341,AW00017341,Andy,Alonso,S,M,2026-01-04
17342,AW00017342,William,Jones,S,M,2026-01-04
17343,AW00017343,Tristan,Price,S,M,2026-01-04
17344,AW00017344,Timothy,Kelly,S,M,2026-01-04
17345,AW00017345,Jeremiah,Martin,M,M,2026-01-04
17346,AW00017346,Edgar,Lopez,M,M,2026-01-04
17347,AW00017347,Sara,Stewart,S,F,2026-01-04
17348,AW00017348,Ariana,Cooper,S,F,2026-01-04
17349,AW00017349,Cassie,Kennedy,M,F,2026-01-04
17350,AW00017350,Ebony,Dominguez,S,F,2026-01-04
17351,AW00017351,Terrence,Sharma,M,M,2026-01-04
17352,AW00017352,Drew,Goel,M,M,2026-01-04
17353,AW00017353,Bruce,Navarro,M,M,2026-01-04
17354,AW00017354,Ivan,Garcia,M,M,2026-01-04
17355,AW00017355,Shaun,Black,M,M,2026-01-04
17356,AW00017356,Mary,Evans,S,F,2026-01-04
17357,AW00017357,Brandon,Miller,M,M,2026-01-04
17358,AW00017358,Sydney,Bell,M,F,2026-01-04
17359,AW00017359,María,Flores,M,F,2026-01-04
17360,AW00017360,Kyle,Lal,M,M,2026-01-04
17361,AW00017361,Blake,Harris,M,M,2026-01-04
17362,AW00017362,Miguel,Collins,M,M,2026-01-04
17363,AW00017363,Benjamin,Harris,M,M,2026-01-04
17364,AW00017364,Ian,Perry,M,M,2026-01-04
17365,AW00017365,Thomas,Patterson,M,M,2026-01-04
17366,AW00017366,Devin,Harris,M,M,2026-01-04
17367,AW00017367,Trinity,Cooper,M,F,2026-01-04
17368,AW00017368,Alisha,Xie,S,F,2026-01-04
17369,AW00017369,Ethan,Brown,S,M,2026-01-04
17370,AW00017370,Edwin,Chander,M,M,2026-01-04
17371,AW00017371,Kaylee,Reed,S,F,2026-01-04
17372,AW00017372,Sarah,Long,M,F,2026-01-04
17373,AW00017373,Ryan,Gonzales,M,M,2026-01-04
17374,AW00017374,Jason,Diaz,S,M,2026-01-04
17375,AW00017375,Sheila,Gill,M,F,2026-01-04
17376,AW00017376,Jaclyn,She,S,F,2026-01-04
17377,AW00017377,Isabel,Wood,S,F,2026-01-04
17378,AW00017378,Zachary,Foster,M,M,2026-01-04
17379,AW00017379,Alexandra,Morgan,S,F,2026-01-04
17380,AW00017380,Nathan,Adams,S,M,2026-01-04
17381,AW00017381,Krystal,Guo,M,F,2026-01-04
17382,AW00017382,Blake,Allen,M,M,2026-01-04
17383,AW00017383,Craig,Ortega,M,M,2026-01-04
17384,AW00017384,Raymond,Prasad,M,M,2026-01-04
17385,AW00017385,Grace,Martinez,M,F,2026-01-04
17386,AW00017386,Alexandra,Scott,M,F,2026-01-04
17387,AW00017387,Aidan,Alexander,M,M,2026-01-04
17388,AW00017388,Garrett,Ramirez,M,M,2026-01-04
17389,AW00017389,Abigail,Butler,M,F,2026-01-04
17390,AW00017390,Blake,Lewis,M,M,2026-01-04
17391,AW00017391,Angela,Bennett,S,F,2026-01-04
17392,AW00017392,Dylan,Jones,M,M,2026-01-04
17393,AW00017393,Jordan,Sharma,S,M,2026-01-04
17394,AW00017394,Veronica,Mehta,S,F,2026-01-04
17395,AW00017395,Katherine,Ramirez,S,F,2026-01-04
17396,AW00017396,Eduardo,Rodriguez,M,M,2026-01-04
17397,AW00017397,Alexandra,Cook,M,F,2026-01-04
17398,AW00017398,Kaylee,Lopez,S,F,2026-01-04
17399,AW00017399,Ian,Sanchez,M,M,2026-01-04
17400,AW00017400,Emily,Wilson,M,F,2026-01-04
17401,AW00017401,Noah,Wright,M,M,2026-01-04
17402,AW00017402,Bryce,Rogers,M,M,2026-01-04
17403,AW00017403,Greg,White,S,M,2026-01-04
17404,AW00017404,Gabriella,Baker,S,F,2026-01-04
17405,AW00017405,Tamara,Wu,S,F,2026-01-04
17406,AW00017406,Mariah,Flores,M,F,2026-01-04
17407,AW00017407,Elizabeth,Bryant,M,F,2026-01-04
17408,AW00017408,Thomas,Miller,M,M,2026-01-04
17409,AW00017409,Christina,James,S,F,2026-01-04
17410,AW00017410,Morgan,Lewis,M,F,2026-01-04
17411,AW00017411,Jennifer,Brooks,M,F,2026-01-04
17412,AW00017412,Kaylee,Carter,M,F,2026-01-04
17413,AW00017413,Hailey,Ramirez,S,F,2026-01-04
17414,AW00017414,Nicholas,Garcia,M,M,2026-01-04
17415,AW00017415,Dawn,Beck,M,F,2026-01-04
17416,AW00017416,Raymond,Suri,M,M,2026-01-04
17417,AW00017417,Lee,Munoz,M,M,2026-01-04
17418,AW00017418,Victoria,Ramirez,M,F,2026-01-04
17419,AW00017419,Brianna,Reed,M,F,2026-01-04
17420,AW00017420,Thomas,Hughes,M,M,2026-01-04
17421,AW00017421,Katherine,Henderson,M,F,2026-01-04
17422,AW00017422,Hunter,Campbell,M,M,2026-01-04
17423,AW00017423,Arianna,Alexander,S,F,2026-01-04
17424,AW00017424,Spencer,Long,M,M,2026-01-04
17425,AW00017425,Austin,Washington,M,M,2026-01-04
17426,AW00017426,Donna,Shan,S,F,2026-01-04
17427,AW00017427,Adam,Russell,M,M,2026-01-04
17428,AW00017428,Xavier,Perez,S,M,2026-01-04
17429,AW00017429,Wyatt,Carter,M,M,2026-01-04
17430,AW00017430,Edward,King,M,M,2026-01-04
17431,AW00017431,Grace,Kelly,M,F,2026-01-04
17432,AW00017432,Mariah,Peterson,M,F,2026-01-04
17433,AW00017433,Cameron,Lee,M,M,2026-01-04
17434,AW00017434,Alyssa,Russell,M,F,2026-01-04
17435,AW00017435,Edward,Mitchell,S,M,2026-01-04
17436,AW00017436,Evan,Ramirez,M,M,2026-01-04
17437,AW00017437,Natalie,Baker,M,F,2026-01-04
17438,AW00017438,Marcus,Hughes,M,M,2026-01-04
17439,AW00017439,Jasmine,Butler,M,F,2026-01-04
17440,AW00017440,Richard,Cox,S,M,2026-01-04
17441,AW00017441,Natalie,Turner,S,F,2026-01-04
17442,AW00017442,Edward,Taylor,M,M,2026-01-04
17443,AW00017443,Kristin,Shen,S,F,2026-01-04
17444,AW00017444,Bailey,Cox,S,F,2026-01-04
17445,AW00017445,Natasha,Hernandez,M,F,2026-01-04
17446,AW00017446,Pamela,Rana,M,F,2026-01-04
17447,AW00017447,Sydney,Lewis,M,F,2026-01-04
17448,AW00017448,Zachary,Hayes,M,M,2026-01-04
17449,AW00017449,Jackson,Adams,M,M,2026-01-04
17450,AW00017450,Samuel,Coleman,M,M,2026-01-04
17451,AW00017451,Isabelle,Wood,M,F,2026-01-04
17452,AW00017452,Mitchell,Nath,M,M,2026-01-04
17453,AW00017453,Hailey,Reed,S,F,2026-01-04
17454,AW00017454,Edward,Perry,M,M,2026-01-04
17455,AW00017455,Dylan,Hayes,M,M,2026-01-04
17456,AW00017456,Trevor,Wood,M,M,2026-01-04
17457,AW00017457,Katherine,Allen,M,F,2026-01-04
17458,AW00017458,Jason,Collins,S,M,2026-01-04
17459,AW00017459,Cassidy,Barnes,M,F,2026-01-04
17460,AW00017460,Megan,Murphy,M,F,2026-01-04
17461,AW00017461,Sara,Allen,M,F,2026-01-04
17462,AW00017462,Jesse,Rogers,M,M,2026-01-04
17463,AW00017463,Nicholas,Moore,M,M,2026-01-04
17464,AW00017464,Jeremy,Rodriguez,M,M,2026-01-04
17465,AW00017465,Arianna,Stewart,S,F,2026-01-04
17466,AW00017466,Thomas,Perez,M,M,2026-01-04
17467,AW00017467,Wyatt,Hayes,S,M,2026-01-04
17468,AW00017468,Jeremiah,Gonzalez,M,M,2026-01-04
17469,AW00017469,Ian,Perez,M,M,2026-01-04
17470,AW00017470,Jaime,Carlson,M,F,2026-01-04
17471,AW00017471,Grace,James,S,F,2026-01-04
17472,AW00017472,Meredith,Torres,S,F,2026-01-04
17473,AW00017473,Ebony,Blanco,M,F,2026-01-04
17474,AW00017474,Jose,King,S,M,2026-01-04
17475,AW00017475,Jackson,Green,M,M,2026-01-04
17476,AW00017476,Alexandria,Stewart,M,F,2026-01-04
17477,AW00017477,Miranda,Griffin,S,F,2026-01-04
17478,AW00017478,Renee,Martin,M,F,2026-01-04
17479,AW00017479,Kristine,Ramos,M,F,2026-01-04
17480,AW00017480,Lucas,Gonzalez,S,M,2026-01-04
17481,AW00017481,Emma,Watson,S,F,2026-01-04
17482,AW00017482,Taylor,Alexander,S,F,2026-01-04
17483,AW00017483,Logan,Gonzalez,S,M,2026-01-04
17484,AW00017484,Armando,Carlson,M,M,2026-01-04
17485,AW00017485,Blake,Davis,M,M,2026-01-04
17486,AW00017486,Marissa,Foster,S,F,2026-01-04
17487,AW00017487,Nathan,Green,S,M,2026-01-04
17488,AW00017488,Jason,Adams,S,M,2026-01-04
17489,AW00017489,Jack,Evans,S,M,2026-01-04
17490,AW00017490,Grace,Moore,S,F,2026-01-04
17491,AW00017491,Kyle,Hall,S,M,2026-01-04
17492,AW00017492,Amanda,Price,S,F,2026-01-04
17493,AW00017493,Candice,Gao,M,F,2026-01-04
17494,AW00017494,Mathew,Alvarez,M,M,2026-01-04
17495,AW00017495,Corey,Sharma,M,M,2026-01-04
17496,AW00017496,Tabitha,Sanz,M,F,2026-01-04
17497,AW00017497,Maria,Collins,S,F,2026-01-04
17498,AW00017498,Daniel,Martin,S,M,2026-01-04
17499,AW00017499,Marcus,Campbell,S,M,2026-01-04
17500,AW00017500,Cesar,Lopez,S,M,2026-01-04
17501,AW00017501,Marc,Carlson,M,M,2026-01-04
17502,AW00017502,Wayne,Kumar,S,M,2026-01-04
17503,AW00017503,Molly,Suri,M,F,2026-01-04
17504,AW00017504,Anna,Williams,S,F,2026-01-04
17505,AW00017505,Hunter,Mitchell,S,M,2026-01-04
17506,AW00017506,Alexandria,Simmons,M,F,2026-01-04
17507,AW00017507,Alexis,Robinson,M,F,2026-01-04
17508,AW00017508,Caroline,Bennett,S,F,2026-01-04
17509,AW00017509,Makayla,Ramirez,S,F,2026-01-04
17510,AW00017510,Jason,Butler,S,M,2026-01-04
17511,AW00017511,Tabitha,Subram,S,F,2026-01-04
17512,AW00017512,Cesar,Suri,M,M,2026-01-04
17513,AW00017513,Micheal,Saunders,S,M,2026-01-04
17514,AW00017514,Cedric,Zhou,M,M,2026-01-04
17515,AW00017515,Lacey,Li,S,F,2026-01-04
17516,AW00017516,Thomas,Foster,S,M,2026-01-04
17517,AW00017517,Daniel,Williams,S,M,2026-01-04
17518,AW00017518,Wendy,Gill,S,F,2026-01-04
17519,AW00017519,Taylor,Rivera,M,F,2026-01-04
17520,AW00017520,Marcus,Baker,S,M,2026-01-04
17521,AW00017521,Destiny,Jenkins,M,F,2026-01-04
17522,AW00017522,Reginald,Sanz,M,M,2026-01-04
17523,AW00017523,Jordan,West,M,M,2026-01-04
17524,AW00017524,Lucas,Washington,S,M,2026-01-04
17525,AW00017525,Adam,Wright,M,M,2026-01-04
17526,AW00017526,Tristan,Gonzales,S,M,2026-01-04
17527,AW00017527,Anna,Cook,S,F,2026-01-04
17528,AW00017528,Whitney,Kapoor,M,F,2026-01-04
17529,AW00017529,Chloe,Mitchell,M,F,2026-01-04
17530,AW00017530,Devin,Wood,M,M,2026-01-04
17531,AW00017531,Isaac,Ramirez,M,M,2026-01-04
17532,AW00017532,Nathan,Patterson,M,M,2026-01-04
17533,AW00017533,Fernando,Baker,M,M,2026-01-04
17534,AW00017534,Robert,Griffin,S,M,2026-01-04
17535,AW00017535,Colleen,Guo,S,F,2026-01-04
17536,AW00017536,Benjamin,Robinson,S,M,2026-01-04
17537,AW00017537,Courtney,Mitchell,S,F,2026-01-04
17538,AW00017538,Brianna,Bell,S,F,2026-01-04
17539,AW00017539,Grace,Wilson,M,F,2026-01-04
17540,AW00017540,Gloria,Gutierrez,M,F,2026-01-04
17541,AW00017541,Kristen,Zeng,M,F,2026-01-04
17542,AW00017542,Bridget,Rai,S,F,2026-01-04
17543,AW00017543,Meredith,Martin,S,F,2026-01-04
17544,AW00017544,Eduardo,Rogers,M,M,2026-01-04
17545,AW00017545,Wyatt,Ross,M,M,2026-01-04
17546,AW00017546,Melanie,James,M,F,2026-01-04
17547,AW00017547,Alejandro,Yuan,M,M,2026-01-04
17548,AW00017548,Kaylee,Adams,M,F,2026-01-04
17549,AW00017549,Jonathan,Taylor,M,M,2026-01-04
17550,AW00017550,Mason,Edwards,S,M,2026-01-04
17551,AW00017551,Victoria,Torres,M,F,2026-01-04
17552,AW00017552,Julia,Howard,M,F,2026-01-04
17553,AW00017553,Summer,Sanchez,M,F,2026-01-04
17554,AW00017554,Emma,Harris,M,F,2026-01-04
17555,AW00017555,William,Smith,M,M,2026-01-04
17556,AW00017556,Emily,Powell,M,F,2026-01-04
17557,AW00017557,Matthew,Davis,S,M,2026-01-04
17558,AW00017558,Ian,Williams,S,M,2026-01-04
17559,AW00017559,Kari,Suarez,S,F,2026-01-04
17560,AW00017560,Kaylee,Richardson,M,F,2026-01-04
17561,AW00017561,Samantha,White,M,F,2026-01-04
17562,AW00017562,Zachary,Sharma,M,M,2026-01-04
17563,AW00017563,Jeremiah,King,S,M,2026-01-04
17564,AW00017564,Julia,West,M,F,2026-01-04
17565,AW00017565,Alexandra,Murphy,M,F,2026-01-04
17566,AW00017566,Rachel,Martinez,M,F,2026-01-04
17567,AW00017567,Nathaniel,Cook,M,M,2026-01-04
17568,AW00017568,Dylan,Perry,M,M,2026-01-04
17569,AW00017569,Mya,Price,S,F,2026-01-04
17570,AW00017570,Carlos,Sanchez,M,M,2026-01-04
17571,AW00017571,James,Li,M,M,2026-01-04
17572,AW00017572,Lucas,Edwards,S,M,2026-01-04
17573,AW00017573,Caroline,Ross,S,F,2026-01-04
17574,AW00017574,Punya,Palit,S,M,2026-01-04
17575,AW00017575,Marcus,Brown,S,M,2026-01-04
17576,AW00017576,Albert,Vazquez,M,M,2026-01-04
17577,AW00017577,Justin,Lee,S,M,2026-01-04
17578,AW00017578,Megan,Thompson,M,F,2026-01-04
17579,AW00017579,Jack,Chen,M,M,2026-01-04
17580,AW00017580,Noah,White,M,M,2026-01-04
17581,AW00017581,Jack,Henderson,M,M,2026-01-04
17582,AW00017582,Katherine,Wilson,S,F,2026-01-04
17583,AW00017583,Stephanie,Cook,S,F,2026-01-04
17584,AW00017584,Lisa,Liu,S,F,2026-01-04
17585,AW00017585,Seth,Griffin,S,M,2026-01-04
17586,AW00017586,Cassidy,Patterson,S,F,2026-01-04
17587,AW00017587,Curtis,Liang,M,M,2026-01-04
17588,AW00017588,Gavin,Bennett,M,M,2026-01-04
17589,AW00017589,Melanie,Brooks,S,F,2026-01-04
17590,AW00017590,Garrett,Cox,M,M,2026-01-04
17591,AW00017591,Spencer,Hughes,M,M,2026-01-04
17592,AW00017592,Bryan,Sanders,M,M,2026-01-04
17593,AW00017593,Richard,Butler,M,M,2026-01-04
17594,AW00017594,Michelle,Cook,M,F,2026-01-04
17595,AW00017595,Benjamin,Garcia,M,M,2026-01-04
17596,AW00017596,Adrienne,Vazquez,S,F,2026-01-04
17597,AW00017597,Sarah,Diaz,S,F,2026-01-04
17598,AW00017598,Cameron,Harris,M,M,2026-01-04
17599,AW00017599,Sebastian,Cooper,M,M,2026-01-04
17600,AW00017600,Timothy,Brooks,S,M,2026-01-04
17601,AW00017601,Jose,Hall,M,M,2026-01-04
17602,AW00017602,Dalton,Williams,M,M,2026-01-04
17603,AW00017603,Anna,Patterson,M,F,2026-01-04
17604,AW00017604,Noah,Robinson,S,M,2026-01-04
17605,AW00017605,Jon,Ma,M,M,2026-01-04
17606,AW00017606,Jacqueline,Peterson,M,F,2026-01-04
17607,AW00017607,Frederick,Gonzalez,S,M,2026-01-04
17608,AW00017608,Carlos,Cooper,S,M,2026-01-04
17609,AW00017609,Charles,Davis,S,M,2026-01-04
17610,AW00017610,Anna,White,S,F,2026-01-04
17611,AW00017611,Luis,Butler,S,M,2026-01-04
17612,AW00017612,Courtney,Parker,S,F,2026-01-04
17613,AW00017613,Dakota,Bryant,S,M,2026-01-04
17614,AW00017614,Mason,Cook,S,M,2026-01-04
17615,AW00017615,Brittany,Long,S,F,2026-01-04
17616,AW00017616,Daniel,Weisman,S,M,2026-01-04
17617,AW00017617,Abigail,Simmons,S,F,2026-01-04
17618,AW00017618,Ramon,Liu,M,M,2026-01-04
17619,AW00017619,Chloe,Smith,M,F,2026-01-04
17620,AW00017620,Miranda,Coleman,S,F,2026-01-04
17621,AW00017621,Brianna,Price,S,F,2026-01-04
17622,AW00017622,Courtney,Young,S,F,2026-01-04
17623,AW00017623,Austin,Robinson,S,M,2026-01-04
17624,AW00017624,Samantha,Alexander,S,F,2026-01-04
17625,AW00017625,Mason,Allen,M,M,2026-01-04
17626,AW00017626,Alfredo,Blanco,M,M,2026-01-04
17627,AW00017627,Dennis,Chen,M,M,2026-01-04
17628,AW00017628,Roberto,Munoz,S,M,2026-01-04
17629,AW00017629,Tabitha,Torres,S,F,2026-01-04
17630,AW00017630,Gilbert,Zhang,M,M,2026-01-04
17631,AW00017631,Cara,He,M,F,2026-01-04
17632,AW00017632,Jimmy,Serrano,M,M,2026-01-04
17633,AW00017633,Gary,Dominguez,S,M,2026-01-04
17634,AW00017634,Kaitlin,Rana,S,F,2026-01-04
17635,AW00017635,Terry,Deng,S,M,2026-01-04
17636,AW00017636,Ross,Srini,S,M,2026-01-04
17637,AW00017637,Arturo,Tang,S,M,2026-01-04
17638,AW00017638,Clarence,Zheng,S,M,2026-01-04
17639,AW00017639,Heather,Ma,S,F,2026-01-04
17640,AW00017640,Haley,Allen,M,F,2026-01-04
17641,AW00017641,Lorrin,Smith-Bates,S,M,2026-01-04
17642,AW00017642,Gregory,Luo,S,M,2026-01-04
17643,AW00017643,Wesley,Cai,S,M,2026-01-04
17644,AW00017644,Rebecca,Adams,S,F,2026-01-04
17645,AW00017645,Albert,Alonso,S,M,2026-01-04
17646,AW00017646,Leah,Xu,S,F,2026-01-04
17647,AW00017647,Molly,Lopez,S,F,2026-01-04
17648,AW00017648,Gilbert,Sharma,S,M,2026-01-04
17649,AW00017649,Ronald,Mehta,S,M,2026-01-04
17650,AW00017650,Jessica,Sanders,S,F,2026-01-04
17651,AW00017651,Ethan,Butler,S,M,2026-01-04
17652,AW00017652,Javier,Vazquez,M,M,2026-01-04
17653,AW00017653,Linda,Vazquez,S,F,2026-01-04
17654,AW00017654,Caroline,Alexander,S,F,2026-01-04
17655,AW00017655,Angela,Sánchez,S,F,2026-01-04
17656,AW00017656,Carol,Martinez,S,F,2026-01-04
17657,AW00017657,Noah,Martin,M,M,2026-01-04
17658,AW00017658,Jade,Howard,M,F,2026-01-04
17659,AW00017659,Jodi,Tang,S,F,2026-01-04
17660,AW00017660,Seth,Young,M,M,2026-01-04
17661,AW00017661,Natalie,Smith,M,F,2026-01-04
17662,AW00017662,Jose,Washington,M,M,2026-01-04
17663,AW00017663,Elizabeth,Hayes,M,F,2026-01-04
17664,AW00017664,Devin,Robinson,S,M,2026-01-04
17665,AW00017665,Zachary,Jenkins,M,M,2026-01-04
17666,AW00017666,Steven,Torres,M,M,2026-01-04
17667,AW00017667,Jaime,Rai,M,M,2026-01-04
17668,AW00017668,Eduardo,Peterson,S,M,2026-01-04
17669,AW00017669,Olivia,Rivera,M,F,2026-01-04
17670,AW00017670,Gabrielle,Alexander,M,F,2026-01-04
17671,AW00017671,Emma,Stewart,M,F,2026-01-04
17672,AW00017672,Thomas,Coleman,M,M,2026-01-04
17673,AW00017673,Amber,Scott,M,F,2026-01-04
17674,AW00017674,Kevin,Wang,M,M,2026-01-04
17675,AW00017675,Rosa,Li,M,F,2026-01-04
17676,AW00017676,Eugene,Yang,M,M,2026-01-04
17677,AW00017677,Lawrence,Hernandez,S,M,2026-01-04
17678,AW00017678,Julio,Blanco,S,M,2026-01-04
17679,AW00017679,Joe,Mehta,M,M,2026-01-04
17680,AW00017680,Mackenzie,Gray,M,F,2026-01-04
17681,AW00017681,Robert,Carter,M,M,2026-01-04
17682,AW00017682,Anna,Ramirez,S,F,2026-01-04
17683,AW00017683,Jenna,Evans,S,F,2026-01-04
17684,AW00017684,Leslie,Gomez,S,F,2026-01-04
17685,AW00017685,Diana,Torres,S,F,2026-01-04
17686,AW00017686,Jack,Griffin,S,M,2026-01-04
17687,AW00017687,Miguel,Turner,M,M,2026-01-04
17688,AW00017688,Pedro,Subram,M,M,2026-01-04
17689,AW00017689,Mary,Young,S,F,2026-01-04
17690,AW00017690,Jenna,Gonzalez,S,F,2026-01-04
17691,AW00017691,Alexandria,Bradley,S,F,2026-01-04
17692,AW00017692,Emily,Smith,S,F,2026-01-04
17693,AW00017693,Justin,Jenkins,S,M,2026-01-04
17694,AW00017694,Joan,Carter,S,F,2026-01-04
17695,AW00017695,Hunter,Washington,S,M,2026-01-04
17696,AW00017696,Madison,Simmons,S,F,2026-01-04
17697,AW00017697,Nathaniel,Gray,S,M,2026-01-04
17698,AW00017698,Xavier,Butler,M,M,2026-01-04
17699,AW00017699,Jesse,Bell,M,M,2026-01-04
17700,AW00017700,Hector,Torres,S,M,2026-01-04
17701,AW00017701,Cassidy,Washington,M,F,2026-01-04
17702,AW00017702,Jack,King,M,M,2026-01-04
17703,AW00017703,Pamela,Fernandez,M,F,2026-01-04
17704,AW00017704,Nelson,Moreno,M,M,2026-01-04
17705,AW00017705,Kelvin,Guo,M,M,2026-01-04
17706,AW00017706,Gabriel,Coleman,M,M,2026-01-04
17707,AW00017707,Mindy,Deng,S,F,2026-01-04
17708,AW00017708,Timothy,Sneath,M,M,2026-01-04
17709,AW00017709,Martin,Raman,M,M,2026-01-04
17710,AW00017710,Natalie,Stewart,M,F,2026-01-04
17711,AW00017711,Kristin,Luo,M,F,2026-01-04
17712,AW00017712,Gary,Blanco,S,M,2026-01-04
17713,AW00017713,David,Johnson,S,M,2026-01-04
17714,AW00017714,Tanya,Gutierrez,M,F,2026-01-04
17715,AW00017715,Rafael,Pal,M,M,2026-01-04
17716,AW00017716,Cesar,Gonzalez,M,M,2026-01-04
17717,AW00017717,Jeremiah,Miller,S,M,2026-01-04
17718,AW00017718,Lindsay,Jai,M,F,2026-01-04
17719,AW00017719,Vincent,Gao,M,M,2026-01-04
17720,AW00017720,Deanna,Diaz,S,F,2026-01-04
17721,AW00017721,Cheryl,Alan,M,F,2026-01-04
17722,AW00017722,Jerome,Serrano,M,M,2026-01-04
17723,AW00017723,Johnathan,Malhotra,M,M,2026-01-04
17724,AW00017724,Sheila,Blanco,M,F,2026-01-04
17725,AW00017725,Daniel,Martinez,S,M,2026-01-04
17726,AW00017726,Caroline,Griffin,S,F,2026-01-04
17727,AW00017727,Monique,Gill,M,F,2026-01-04
17728,AW00017728,Maria,Perry,S,F,2026-01-04
17729,AW00017729,Edgar,Garcia,M,M,2026-01-04
17730,AW00017730,Bridget,Tang,S,F,2026-01-04
17731,AW00017731,Tracy,Sharma,M,F,2026-01-04
17732,AW00017732,Allen,Rodriguez,M,M,2026-01-04
17733,AW00017733,Alberto,Gill,M,M,2026-01-04
17734,AW00017734,Leah,Sun,M,F,2026-01-04
17735,AW00017735,Connor,Yang,S,M,2026-01-04
17736,AW00017736,Kristine,Vazquez,S,F,2026-01-04
17737,AW00017737,Nicole,Gonzales,M,F,2026-01-04
17738,AW00017738,Nicolas,Deng,S,M,2026-01-04
17739,AW00017739,Colin,Cai,S,M,2026-01-04
17740,AW00017740,Colleen,Liang,S,F,2026-01-04
17741,AW00017741,Alvin,Xu,M,M,2026-01-04
17742,AW00017742,Randall,Romero,S,M,2026-01-04
17743,AW00017743,Gerald,Gomez,S,M,2026-01-04
17744,AW00017744,Chad,Nath,M,M,2026-01-04
17745,AW00017745,Tanya,Suarez,M,F,2026-01-04
17746,AW00017746,Cedric,Nath,M,M,2026-01-04
17747,AW00017747,Franklin,Xie,M,M,2026-01-04
17748,AW00017748,Geoffrey,Kapoor,S,M,2026-01-04
17749,AW00017749,Leah,Wu,M,F,2026-01-04
17750,AW00017750,Shawna,Jai,M,F,2026-01-04
17751,AW00017751,Isaiah,Bailey,S,M,2026-01-04
17752,AW00017752,Deanna,Hernandez,M,F,2026-01-04
17753,AW00017753,Kendra,Sanz,S,F,2026-01-04
17754,AW00017754,Stephanie,King,S,F,2026-01-04
17755,AW00017755,Zoe,Cox,M,F,2026-01-04
17756,AW00017756,Jill,Ashe,M,F,2026-01-04
17757,AW00017757,Seth,Hayes,S,M,2026-01-04
17758,AW00017758,Linda,Gill,M,F,2026-01-04
17759,AW00017759,Kristopher,Sanchez,S,M,2026-01-04
17760,AW00017760,Diana,Romero,S,F,2026-01-04
17761,AW00017761,Kristopher,Sai,M,M,2026-01-04
17762,AW00017762,Rachel,Rodriguez,S,F,2026-01-04
17763,AW00017763,Jacquelyn,Martin,S,F,2026-01-04
17764,AW00017764,Terrance,Garcia,M,M,2026-01-04
17765,AW00017765,Valerie,Zhang,M,F,2026-01-04
17766,AW00017766,Jake,Xu,M,M,2026-01-04
17767,AW00017767,Tommy,Raje,M,M,2026-01-04
17768,AW00017768,Luis,Parker,S,M,2026-01-04
17769,AW00017769,Nathan,Martin,S,M,2026-01-04
17770,AW00017770,Grant,Xie,S,M,2026-01-04
17771,AW00017771,Holly,Chandra,M,F,2026-01-04
17772,AW00017772,Leonard,Andersen,S,M,2026-01-04
17773,AW00017773,Crystal,Lin,S,F,2026-01-04
17774,AW00017774,Brandi,Gutierrez,M,F,2026-01-04
17775,AW00017775,Ricky,Moreno,S,M,2026-01-04
17776,AW00017776,Diana,Jimenez,S,F,2026-01-04
17777,AW00017777,Armando,Alvarez,M,M,2026-01-04
17778,AW00017778,Kari,Prasad,M,F,2026-01-04
17779,AW00017779,Madison,Patterson,M,F,2026-01-04
17780,AW00017780,Alisha,Huang,M,F,2026-01-04
17781,AW00017781,Jake,She,M,M,2026-01-04
17782,AW00017782,Casey,Shan,M,F,2026-01-04
17783,AW00017783,Tracy,Jai,S,F,2026-01-04
17784,AW00017784,Mayra,Patel,S,F,2026-01-04
17785,AW00017785,Pedro,Chapman,M,M,2026-01-04
17786,AW00017786,Kathleen,Gutierrez,S,F,2026-01-04
17787,AW00017787,Alejandro,Zhao,S,M,2026-01-04
17788,AW00017788,Jeffery,Liu,M,M,2026-01-04
17789,AW00017789,Kari,Dominguez,S,F,2026-01-04
17790,AW00017790,Darryl,Ye,S,M,2026-01-04
17791,AW00017791,Sydney,Davis,M,F,2026-01-04
17792,AW00017792,Bridget,Andersen,M,F,2026-01-04
17793,AW00017793,Kathleen,Alvarez,M,F,2026-01-04
17794,AW00017794,Theodore,Rowe,M,M,2026-01-04
17795,AW00017795,Jaime,Diaz,M,F,2026-01-04
17796,AW00017796,Eduardo,Taylor,S,M,2026-01-04
17797,AW00017797,Ebony,Martinez,S,F,2026-01-04
17798,AW00017798,Robin,Ortega,S,F,2026-01-04
17799,AW00017799,Alejandro,Guo,S,M,2026-01-04
17800,AW00017800,Robyn,Alonso,S,F,2026-01-04
17801,AW00017801,Shannon,He,S,F,2026-01-04
17802,AW00017802,Erick,Arun,S,M,2026-01-04
17803,AW00017803,Renee,Hernandez,S,F,2026-01-04
17804,AW00017804,Melody,Torres,S,F,2026-01-04
17805,AW00017805,Carlos,Young,S,M,2026-01-04
17806,AW00017806,Omar,Kumar,M,M,2026-01-04
17807,AW00017807,Philip,Sanz,S,M,2026-01-04
17808,AW00017808,Raquel,Alvarez,S,F,2026-01-04
17809,AW00017809,Josue,Blanco,S,M,2026-01-04
17810,AW00017810,Frederick,Prasad,M,M,2026-01-04
17811,AW00017811,Stacy,Hernandez,M,F,2026-01-04
17812,AW00017812,Casey,Nara,M,F,2026-01-04
17813,AW00017813,Jay,Nicholls,M,M,2026-01-04
17814,AW00017814,Michele,Pal,M,F,2026-01-04
17815,AW00017815,Ronnie,Ma,S,M,2026-01-04
17816,AW00017816,Kathryn,Raje,S,F,2026-01-04
17817,AW00017817,Felicia,Gutierrez,M,F,2026-01-04
17818,AW00017818,Dale,Yuan,M,M,2026-01-04
17819,AW00017819,Arthur,Rana,M,M,2026-01-04
17820,AW00017820,Emma,Morris,M,F,2026-01-04
17821,AW00017821,Marvin,Gill,M,M,2026-01-04
17822,AW00017822,Michelle,Cooper,S,F,2026-01-04
17823,AW00017823,Ramon,Gao,M,M,2026-01-04
17824,AW00017824,Mario,Pal,S,M,2026-01-04
17825,AW00017825,Clayton,Li,M,M,2026-01-04
17826,AW00017826,Paige,Morgan,S,F,2026-01-04
17827,AW00017827,Maria,Coleman,S,F,2026-01-04
17828,AW00017828,Valerie,Zhou,M,F,2026-01-04
17829,AW00017829,Audrey,Gutierrez,M,F,2026-01-04
17830,AW00017830,Carlos,Scott,M,M,2026-01-04
17831,AW00017831,Noah,Long,M,M,2026-01-04
17832,AW00017832,Cameron,Sharma,M,M,2026-01-04
17833,AW00017833,Monique,Suarez,M,F,2026-01-04
17834,AW00017834,Michele,Gill,M,F,2026-01-04
17835,AW00017835,Francisco,Perez,M,M,2026-01-04
17836,AW00017836,Jacquelyn,Ramos,S,F,2026-01-04
17837,AW00017837,Mayra,Garcia,S,F,2026-01-04
17838,AW00017838,Jill,Blanco,S,F,2026-01-04
17839,AW00017839,Christine,Chander,S,F,2026-01-04
17840,AW00017840,Larry,Hernandez,S,M,2026-01-04
17841,AW00017841,Walter,Navarro,S,M,2026-01-04
17842,AW00017842,Isaiah,Ward,S,M,2026-01-04
17843,AW00017843,Kelli,Shan,S,F,2026-01-04
17844,AW00017844,Martha,Zeng,S,F,2026-01-04
17845,AW00017845,Ebony,Diaz,S,F,2026-01-04
17846,AW00017846,Alejandro,Chavez,S,M,2026-01-04
17847,AW00017847,Logan,Lee,S,M,2026-01-04
17848,AW00017848,Jaime,Yuan,S,M,2026-01-04
17849,AW00017849,Wesley,He,M,M,2026-01-04
17850,AW00017850,Alvin,Shen,S,M,2026-01-04
17851,AW00017851,Warren,Tang,S,M,2026-01-04
17852,AW00017852,Lindsey,Shan,M,F,2026-01-04
17853,AW00017853,Ernest,Chen,S,M,2026-01-04
17854,AW00017854,Shannon,Gomez,S,M,2026-01-04
17855,AW00017855,Ronald,Lopez,S,M,2026-01-04
17856,AW00017856,Roger,Rai,S,M,2026-01-04
17857,AW00017857,Albert,Cabello,S,F,2026-01-04
17858,AW00017858,Dalton,Barnes,M,M,2026-01-04
17859,AW00017859,Wyatt,Gonzalez,M,M,2026-01-04
17860,AW00017860,Noah,Diaz,M,M,2026-01-04
17861,AW00017861,Melanie,Blue,S,F,2026-01-04
17862,AW00017862,Aaron,Baker,M,M,2026-01-04
17863,AW00017863,Bailey,Cooper,S,F,2026-01-04
17864,AW00017864,Emily,Martinez,M,F,2026-01-04
17865,AW00017865,Blake,Barnes,M,M,2026-01-04
17866,AW00017866,Jack,Baker,M,M,2026-01-04
17867,AW00017867,Stephanie,Sanchez,S,F,2026-01-04
17868,AW00017868,Richard,Blue,S,M,2026-01-04
17869,AW00017869,Henry,Mehta,S,M,2026-01-04
17870,AW00017870,Melissa,Price,S,F,2026-01-04
17871,AW00017871,Sydney,Patterson,M,F,2026-01-04
17872,AW00017872,Robert,Miller,M,M,2026-01-04
17873,AW00017873,Alejandro,She,M,M,2026-01-04
17874,AW00017874,Natasha,Alvarez,S,F,2026-01-04
17875,AW00017875,Tommy,Anand,M,M,2026-01-04
17876,AW00017876,Fernando,Harris,M,M,2026-01-04
17877,AW00017877,Danny,Blanco,S,M,2026-01-04
17878,AW00017878,Gabrielle,Sanders,M,F,2026-01-04
17879,AW00017879,Seth,Rivera,M,M,2026-01-04
17880,AW00017880,Sydney,Hall,M,F,2026-01-04
17881,AW00017881,Tamara,Wang,M,F,2026-01-04
17882,AW00017882,Drew,Deng,M,M,2026-01-04
17883,AW00017883,Lori,Rubio,M,F,2026-01-04
17884,AW00017884,Mayra,Schmidt,M,F,2026-01-04
17885,AW00017885,Julio,Carlson,M,M,2026-01-04
17886,AW00017886,Bianca,Harrison,M,F,2026-01-04
17887,AW00017887,Joel,Madan,M,M,2026-01-04
17888,AW00017888,Mandy,Liu,S,F,2026-01-04
17889,AW00017889,Blake,Taylor,M,M,2026-01-04
17890,AW00017890,Derrick,Jiménez,M,M,2026-01-04
17891,AW00017891,Sharon,Lal,M,F,2026-01-04
17892,AW00017892,Ronnie,Xu,M,M,2026-01-04
17893,AW00017893,Omar,Rai,M,M,2026-01-04
17894,AW00017894,Hailey,Simmons,M,F,2026-01-04
17895,AW00017895,Allen,Subram,M,M,2026-01-04
17896,AW00017896,Renee,Gutierrez,S,F,2026-01-04
17897,AW00017897,Darrell,Kumar,S,M,2026-01-04
17898,AW00017898,Janet,Sanz,S,F,2026-01-04
17899,AW00017899,Theresa,Moreno,M,F,2026-01-04
17900,AW00017900,Victoria,Snowden,S,F,2026-01-04
17901,AW00017901,Keith,Tang,M,M,2026-01-04
17902,AW00017902,Ruth,Lopez,M,F,2026-01-04
17903,AW00017903,Bethany,Shen,M,F,2026-01-04
17904,AW00017904,Gina,Torres,S,F,2026-01-04
17905,AW00017905,Calvin,Yuan,M,M,2026-01-04
17906,AW00017906,Jonathon,Vazquez,M,M,2026-01-04
17907,AW00017907,Priscilla,Luo,M,F,2026-01-04
17908,AW00017908,Warren,Yang,M,M,2026-01-04
17909,AW00017909,Joanna,Ortega,S,F,2026-01-04
17910,AW00017910,Dustin,Nara,M,M,2026-01-04
17911,AW00017911,Pedro,Rodriguez,M,M,2026-01-04
17912,AW00017912,Louis,Zhou,M,M,2026-01-04
17913,AW00017913,Lacey,Xu,S,F,2026-01-04
17914,AW00017914,Phillip,Suri,M,M,2026-01-04
17915,AW00017915,Aimee,Li,S,F,2026-01-04
17916,AW00017916,Tracy,Xu,S,F,2026-01-04
17917,AW00017917,Cristina,Raje,S,F,2026-01-04
17918,AW00017918,Suzanne,Zeng,M,F,2026-01-04
17919,AW00017919,Bruce,Hernandez,S,M,2026-01-04
17920,AW00017920,Bradley,Yuan,S,M,2026-01-04
17921,AW00017921,Karen,Li,M,F,2026-01-04
17922,AW00017922,Shane,Schmidt,M,M,2026-01-04
17923,AW00017923,Cory,Malhotra,S,M,2026-01-04
17924,AW00017924,Shawna,Lal,S,F,2026-01-04
17925,AW00017925,Bradley,Raji,S,M,2026-01-04
17926,AW00017926,Carolyn,Ramos,M,F,2026-01-04
17927,AW00017927,Douglas,Patel,S,M,2026-01-04
17928,AW00017928,Terrence,She,M,M,2026-01-04
17929,AW00017929,Alfredo,Rubio,M,M,2026-01-04
17930,AW00017930,Chelsea,Srini,M,F,2026-01-04
17931,AW00017931,Jeffery,Zhao,M,M,2026-01-04
17932,AW00017932,Barry,Srini,M,M,2026-01-04
17933,AW00017933,Virginia,Prasad,M,F,2026-01-04
17934,AW00017934,Nelson,Gill,S,M,2026-01-04
17935,AW00017935,Misty,Jai,M,F,2026-01-04
17936,AW00017936,Tonya,Deng,M,F,2026-01-04
17937,AW00017937,Heidi,Kapoor,M,F,2026-01-04
17938,AW00017938,Ruben,Gill,S,M,2026-01-04
17939,AW00017939,Kelli,Wang,S,F,2026-01-04
17940,AW00017940,Tommy,Yuan,M,M,2026-01-04
17941,AW00017941,David,Jenkins,M,M,2026-01-04
17942,AW00017942,Steven,Watson,M,M,2026-01-04
17943,AW00017943,Joe,Romero,S,M,2026-01-04
17944,AW00017944,Riley,Rivera,M,F,2026-01-04
17945,AW00017945,Julio,Rubio,M,M,2026-01-04
17946,AW00017946,Jocelyn,Washington,M,F,2026-01-04
17947,AW00017947,Erick,Srini,S,M,2026-01-04
17948,AW00017948,Cheryl,Vazquez,S,F,2026-01-04
17949,AW00017949,Sophia,Mitchell,M,F,2026-01-04
17950,AW00017950,Alberto,Ortega,M,M,2026-01-04
17951,AW00017951,Frederick,Malhotra,M,M,2026-01-04
17952,AW00017952,Brendan,Beck,S,M,2026-01-04
17953,AW00017953,Latoya,Raje,S,F,2026-01-04
17954,AW00017954,Shelby,Torres,S,F,2026-01-04
17955,AW00017955,Ronnie,Zhao,S,M,2026-01-04
17956,AW00017956,Jaime,Gomez,S,M,2026-01-04
17957,AW00017957,Misty,Yuan,S,F,2026-01-04
17958,AW00017958,Ricardo,Lal,M,M,2026-01-04
17959,AW00017959,Ebony,Srini,M,F,2026-01-04
17960,AW00017960,Marie,Rodriguez,M,F,2026-01-04
17961,AW00017961,Meghan,Blanco,S,F,2026-01-04
17962,AW00017962,Colin,Zhou,M,M,2026-01-04
17963,AW00017963,Natalie,Collins,S,F,2026-01-04
17964,AW00017964,Darren,Suri,M,M,2026-01-04
17965,AW00017965,Warren,Chander,M,M,2026-01-04
17966,AW00017966,Kellie,Gutierrez,S,F,2026-01-04
17967,AW00017967,Cassandra,Gonzalez,M,F,2026-01-04
17968,AW00017968,Nina,Black,M,F,2026-01-04
17969,AW00017969,Jeffery,Li,M,M,2026-01-04
17970,AW00017970,Erick,Martinez,S,M,2026-01-04
17971,AW00017971,Mayra,Perez,S,F,2026-01-04
17972,AW00017972,Alisha,Ma,S,F,2026-01-04
17973,AW00017973,Johnathan,Rodriguez,M,M,2026-01-04
17974,AW00017974,Kate,Raje,M,F,2026-01-04
17975,AW00017975,Candace,Sai,S,F,2026-01-04
17976,AW00017976,Daisy,Carlson,M,F,2026-01-04
17977,AW00017977,Valerie,Zeng,M,F,2026-01-04
17978,AW00017978,Armando,Diaz,M,M,2026-01-04
17979,AW00017979,Lisa,Lin,M,F,2026-01-04
17980,AW00017980,Paige,Hughes,S,F,2026-01-04
17981,AW00017981,Fernando,Mitchell,M,M,2026-01-04
17982,AW00017982,Francisco,Mehta,S,M,2026-01-04
17983,AW00017983,Carol,Saunders,M,F,2026-01-04
17984,AW00017984,Barbara,Andersen,M,F,2026-01-04
17985,AW00017985,Cedric,Sun,M,M,2026-01-04
17986,AW00017986,Monica,Malhotra,M,F,2026-01-04
17987,AW00017987,Cara,Sun,M,F,2026-01-04
17988,AW00017988,Alfredo,Diaz,S,M,2026-01-04
17989,AW00017989,Tiffany,Sun,S,F,2026-01-04
17990,AW00017990,Kristina,Patel,S,F,2026-01-04
17991,AW00017991,Richard,Kelly,M,M,2026-01-04
17992,AW00017992,Sandra,Ma,S,F,2026-01-04
17993,AW00017993,Richard,Williams,M,M,2026-01-04
17994,AW00017994,Bradley,Xu,S,M,2026-01-04
17995,AW00017995,Sabrina,Jimenez,S,F,2026-01-04
17996,AW00017996,Cedric,Raji,S,M,2026-01-04
17997,AW00017997,April,Sharma,S,F,2026-01-04
17998,AW00017998,Tammy,Weber,S,F,2026-01-04
17999,AW00017999,Byron,Romero,S,M,2026-01-04
18000,AW00018000,Ramon,She,S,M,2026-01-04
18001,AW00018001,Ross,Suri,S,M,2026-01-04
18002,AW00018002,Gina,Navarro,M,F,2026-01-04
18003,AW00018003,Edwin,Chande,M,M,2026-01-04
18004,AW00018004,Tonya,Shen,M,F,2026-01-04
18005,AW00018005,Renee,Ramos,M,F,2026-01-04
18006,AW00018006,Franklin,Chander,M,M,2026-01-04
18007,AW00018007,Michele,Suri,M,F,2026-01-04
18008,AW00018008,Deanna,Sai,S,F,2026-01-04
18009,AW00018009,Deanna,Prasad,S,F,2026-01-04
18010,AW00018010,Clarence,Jai,S,M,2026-01-04
18011,AW00018011,Frank,Gomez,S,M,2026-01-04
18012,AW00018012,Karen,Zhu,M,F,2026-01-04
18013,AW00018013,Kathleen,Munoz,M,F,2026-01-04
18014,AW00018014,Wayne,Xu,S,M,2026-01-04
18015,AW00018015,Haley,Edwards,S,F,2026-01-04
18016,AW00018016,Tiffany,Liu,M,F,2026-01-04
18017,AW00018017,Kurt,Shan,S,M,2026-01-04
18018,AW00018018,Peter,Xie,S,M,2026-01-04
18019,AW00018019,Yolanda,Raji,M,F,2026-01-04
18020,AW00018020,Armando,Ruiz,S,M,2026-01-04
18021,AW00018021,Trisha,She,S,F,2026-01-04
18022,AW00018022,Victor,Alvarez,S,M,2026-01-04
18023,AW00018023,Terrence,Raji,S,M,2026-01-04
18024,AW00018024,Nancy,Kapoor,S,F,2026-01-04
18025,AW00018025,Benjamin,Flores,S,M,2026-01-04
18026,AW00018026,Alisha,He,M,F,2026-01-04
18027,AW00018027,Alexia,Griffin,M,F,2026-01-04
18028,AW00018028,Jessie,Zheng,M,M,2026-01-04
18029,AW00018029,Carmen,Malhotra,S,F,2026-01-04
18030,AW00018030,Victor,Torres,S,M,2026-01-04
18031,AW00018031,Shawna,Tang,S,F,2026-01-04
18032,AW00018032,Cassie,Raji,M,F,2026-01-04
18033,AW00018033,Evelyn,Patel,S,F,2026-01-04
18034,AW00018034,Ethan,Robinson,M,M,2026-01-04
18035,AW00018035,Karen,Zhang,S,F,2026-01-04
18036,AW00018036,Bruce,Sanchez,S,M,2026-01-04
18037,AW00018037,Bruce,Garcia,S,M,2026-01-04
18038,AW00018038,Kelli,Kumar,S,F,2026-01-04
18039,AW00018039,Logan,Clark,M,M,2026-01-04
18040,AW00018040,Curtis,Liu,M,M,2026-01-04
18041,AW00018041,Sheena,Xie,S,F,2026-01-04
18042,AW00018042,Stanley,Srini,S,M,2026-01-04
18043,AW00018043,Katie,Chande,S,F,2026-01-04
18044,AW00018044,Kendra,Carlson,S,F,2026-01-04
18045,AW00018045,Toni,Arun,S,F,2026-01-04
18046,AW00018046,Terry,Jai,S,M,2026-01-04
18047,AW00018047,Latasha,Alvarez,M,F,2026-01-04
18048,AW00018048,Alisha,Sun,S,F,2026-01-04
18049,AW00018049,Patrick,Watson,S,M,2026-01-04
18050,AW00018050,Sara,Cooper,M,F,2026-01-04
18051,AW00018051,Caroline,Price,M,F,2026-01-04
18052,AW00018052,Maria,Young,M,F,2026-01-04
18053,AW00018053,Stefanie,Smith,S,F,2026-01-04
18054,AW00018054,Jake,Zeng,S,M,2026-01-04
18055,AW00018055,Trevor,Harrison,S,M,2026-01-04
18056,AW00018056,Haley,Price,S,F,2026-01-04
18057,AW00018057,Logan,Washington,M,M,2026-01-04
18058,AW00018058,Riley,Patterson,S,F,2026-01-04
18059,AW00018059,Bailey,Gonzalez,M,F,2026-01-04
18060,AW00018060,Sara,Carter,M,F,2026-01-04
18061,AW00018061,Jesse,Bailey,M,M,2026-01-04
18062,AW00018062,Dylan,Anderson,M,M,2026-01-04
18063,AW00018063,Alexandria,Ward,S,F,2026-01-04
18064,AW00018064,Catherine,Rivera,M,F,2026-01-04
18065,AW00018065,Julia,Brown,S,F,2026-01-04
18066,AW00018066,Steve,He,S,M,2026-01-04
18067,AW00018067,Jackson,King,M,M,2026-01-04
18068,AW00018068,Ethan,Walker,M,M,2026-01-04
18069,AW00018069,Elijah,Hill,M,M,2026-01-04
18070,AW00018070,Alyssa,Martinez,M,F,2026-01-04
18071,AW00018071,Katelyn,Campbell,M,F,2026-01-04
18072,AW00018072,Maria,Perez,S,F,2026-01-04
18073,AW00018073,Robert,Chen,M,M,2026-01-04
18074,AW00018074,Julia,Hall,S,F,2026-01-04
18075,AW00018075,Courtney,Adams,S,F,2026-01-04
18076,AW00018076,Andre,Mehta,M,M,2026-01-04
18077,AW00018077,Philip,Ruiz,M,M,2026-01-04
18078,AW00018078,Ruben,Srini,M,M,2026-01-04
18079,AW00018079,Victoria,Martin,M,F,2026-01-04
18080,AW00018080,Paige,Richardson,M,F,2026-01-04
18081,AW00018081,Amanda,Parker,M,F,2026-01-04
18082,AW00018082,Steven,Sanchez,M,M,2026-01-04
18083,AW00018083,Osarumwense,Agbonile,M,M,2026-01-04
18084,AW00018084,Jessica,Diaz,S,F,2026-01-04
18085,AW00018085,Christy,Nath,S,F,2026-01-04
18086,AW00018086,Jaclyn,Zeng,S,F,2026-01-04
18087,AW00018087,Marcus,Long,S,M,2026-01-04
18088,AW00018088,Seth,Stewart,M,M,2026-01-04
18089,AW00018089,Melanie,Gonzales,M,F,2026-01-04
18090,AW00018090,Lucas,Smith,M,M,2026-01-04
18091,AW00018091,Chase,Bell,S,M,2026-01-04
18092,AW00018092,Eduardo,Baker,M,M,2026-01-04
18093,AW00018093,Grace,Johnson,S,F,2026-01-04
18094,AW00018094,Roy,Alonso,S,M,2026-01-04
18095,AW00018095,Thomas,Campbell,M,M,2026-01-04
18096,AW00018096,Ariana,Kelly,M,F,2026-01-04
18097,AW00018097,Sydney,Stewart,S,F,2026-01-04
18098,AW00018098,Edward,Lee,M,M,2026-01-04
18099,AW00018099,Marcus,Edwards,M,M,2026-01-04
18100,AW00018100,Kyle,Li,M,M,2026-01-04
18101,AW00018101,Bailey,Turner,M,F,2026-01-04
18102,AW00018102,Nicholas,Lewis,M,M,2026-01-04
18103,AW00018103,Chelsea,Gonzalez,S,F,2026-01-04
18104,AW00018104,Taylor,Coleman,M,F,2026-01-04
18105,AW00018105,Destiny,Brooks,M,F,2026-01-04
18106,AW00018106,Carson,Alexander,M,M,2026-01-04
18107,AW00018107,Laura,Liang,M,F,2026-01-04
18108,AW00018108,Colin,Gao,M,M,2026-01-04
18109,AW00018109,Samuel,Campbell,S,M,2026-01-04
18110,AW00018110,Austin,Li,M,M,2026-01-04
18111,AW00018111,Timothy,Morris,M,M,2026-01-04
18112,AW00018112,Sophia,Gonzalez,M,F,2026-01-04
18113,AW00018113,Abigail,Simmons,M,F,2026-01-04
18114,AW00018114,Alexandria,Foster,S,F,2026-01-04
18115,AW00018115,Richard,Young,M,M,2026-01-04
18116,AW00018116,Thomas,Li,M,M,2026-01-04
18117,AW00018117,Fernando,Washington,S,M,2026-01-04
18118,AW00018118,Megan,Reed,M,F,2026-01-04
18119,AW00018119,Shawn,Nath,M,M,2026-01-04
18120,AW00018120,Isabella,Martin,M,F,2026-01-04
18121,AW00018121,Madeline,Young,M,F,2026-01-04
18122,AW00018122,Justin,Hughes,S,M,2026-01-04
18123,AW00018123,Emily,Hughes,M,F,2026-01-04
18124,AW00018124,Calvin,Chander,M,M,2026-01-04
18125,AW00018125,Leah,Cai,M,F,2026-01-04
18126,AW00018126,Larry,Ortega,M,M,2026-01-04
18127,AW00018127,Franklin,He,M,M,2026-01-04
18128,AW00018128,Roberto,Suarez,M,M,2026-01-04
18129,AW00018129,Elizabeth,Rodriguez,M,F,2026-01-04
18130,AW00018130,Kaitlyn,Mitchell,S,F,2026-01-04
18131,AW00018131,Ann,Malhotra,S,F,2026-01-04
18132,AW00018132,Adrienne,Blanco,M,F,2026-01-04
18133,AW00018133,Karen,Smith,S,F,2026-01-04
18134,AW00018134,Melody,Romero,M,F,2026-01-04
18135,AW00018135,Blake,Diaz,M,M,2026-01-04
18136,AW00018136,Carl,Xie,M,M,2026-01-04
18137,AW00018137,Gabriel,Kumar,M,M,2026-01-04
18138,AW00018138,Walter,Alonso,M,M,2026-01-04
18139,AW00018139,Jennifer,Washington,M,F,2026-01-04
18140,AW00018140,Anthony,White,M,M,2026-01-04
18141,AW00018141,Deanna,Chandra,M,F,2026-01-04
18142,AW00018142,Riley,Bradley,S,F,2026-01-04
18143,AW00018143,Chad,Shen,S,M,2026-01-04
18144,AW00018144,Katie,Chapman,M,F,2026-01-04
18145,AW00018145,David,So,M,M,2026-01-04
18146,AW00018146,Eugene,Wang,S,M,2026-01-04
18147,AW00018147,Katrina,Luo,M,F,2026-01-04
18148,AW00018148,Jaclyn,Huang,M,F,2026-01-04
18149,AW00018149,Rebekah,Blanco,M,F,2026-01-04
18150,AW00018150,Mitchell,Deng,S,M,2026-01-04
18151,AW00018151,Brendan,She,S,M,2026-01-04
18152,AW00018152,Bryant,Suri,S,M,2026-01-04
18153,AW00018153,Karen,Gao,M,F,2026-01-04
18154,AW00018154,Calvin,She,S,M,2026-01-04
18155,AW00018155,Arianna,Morgan,M,F,2026-01-04
18156,AW00018156,Trisha,Zhang,M,F,2026-01-04
18157,AW00018157,Isabella,Hall,S,F,2026-01-04
18158,AW00018158,Jeremiah,Griffin,M,M,2026-01-04
18159,AW00018159,Jaime,Serrano,M,F,2026-01-04
18160,AW00018160,Bryan,Rivera,M,M,2026-01-04
18161,AW00018161,Tanya,Sanz,M,F,2026-01-04
18162,AW00018162,Misty,Pal,M,F,2026-01-04
18163,AW00018163,Gabriel,Zhang,M,M,2026-01-04
18164,AW00018164,Alisha,Wang,M,F,2026-01-04
18165,AW00018165,Randall,Gill,M,M,2026-01-04
18166,AW00018166,Julian,Wood,M,M,2026-01-04
18167,AW00018167,Raul,Chander,M,M,2026-01-04
18168,AW00018168,Pedro,Sanz,S,M,2026-01-04
18169,AW00018169,Alisha,Liang,S,F,2026-01-04
18170,AW00018170,Adam,Perez,M,M,2026-01-04
18171,AW00018171,Alejandro,Zeng,M,M,2026-01-04
18172,AW00018172,Willie,Black,M,M,2026-01-04
18173,AW00018173,Brent,Zhang,S,M,2026-01-04
18174,AW00018174,Jill,Munoz,M,F,2026-01-04
18175,AW00018175,Carrie,Hernandez,M,F,2026-01-04
18176,AW00018176,Bradley,Kumar,M,M,2026-01-04
18177,AW00018177,Reginald,Suarez,M,M,2026-01-04
18178,AW00018178,Tracy,Goel,M,F,2026-01-04
18179,AW00018179,Chelsea,McDonald,S,F,2026-01-04
18180,AW00018180,Juan,Howard,M,M,2026-01-04
18181,AW00018181,Neil,Diaz,M,M,2026-01-04
18182,AW00018182,Kristi,Prasad,S,F,2026-01-04
18183,AW00018183,Meagan,Schmidt,M,F,2026-01-04
18184,AW00018184,Leonard,Chande,M,M,2026-01-04
18185,AW00018185,Laura,Huang,M,F,2026-01-04
18186,AW00018186,Lori,Hernandez,M,F,2026-01-04
18187,AW00018187,Dennis,Gao,S,M,2026-01-04
18188,AW00018188,Jeffery,Wang,M,M,2026-01-04
18189,AW00018189,Nancy,Mehta,M,F,2026-01-04
18190,AW00018190,Danny,Diaz,M,M,2026-01-04
18191,AW00018191,Julie,Sharma,M,F,2026-01-04
18192,AW00018192,Max,Hernandez,M,M,2026-01-04
18193,AW00018193,Louis,Yuan,S,M,2026-01-04
18194,AW00018194,Yolanda,Kumar,M,F,2026-01-04
18195,AW00018195,Walter,Sanz,M,M,2026-01-04
18196,AW00018196,Ivan,Rana,M,M,2026-01-04
18197,AW00018197,Jenny,Zimmerman,M,F,2026-01-04
18198,AW00018198,Cedric,Xu,S,M,2026-01-04
18199,AW00018199,Brandy,Lopez,S,F,2026-01-04
18200,AW00018200,Alfredo,Gomez,M,M,2026-01-04
18201,AW00018201,Karla,Xie,M,F,2026-01-04
18202,AW00018202,Erika,Gill,M,F,2026-01-04
18203,AW00018203,Louis,Kumar,S,M,2026-01-04
18204,AW00018204,Tiffany,Cai,M,F,2026-01-04
18205,AW00018205,Lindsey,Raji,M,F,2026-01-04
18206,AW00018206,Bruce,Madan,M,M,2026-01-04
18207,AW00018207,Phillip,Gonzalez,M,M,2026-01-04
18208,AW00018208,Latoya,Nara,M,F,2026-01-04
18209,AW00018209,Ann,Chandra,S,F,2026-01-04
18210,AW00018210,Katie,Lal,M,F,2026-01-04
18211,AW00018211,Jaclyn,Sun,M,F,2026-01-04
18212,AW00018212,Marc,Ramos,M,M,2026-01-04
18213,AW00018213,Sheena,Raji,S,F,2026-01-04
18214,AW00018214,Ronald,Suri,M,M,2026-01-04
18215,AW00018215,Ashley,Taylor,S,F,2026-01-04
18216,AW00018216,Susan,Zhang,M,F,2026-01-04
18217,AW00018217,Danny,Alonso,M,M,2026-01-04
18218,AW00018218,Thomas,Powell,M,M,2026-01-04
18219,AW00018219,Felicia,Gomez,M,F,2026-01-04
18220,AW00018220,Brent,Huang,M,M,2026-01-04
18221,AW00018221,Marc,Alvarez,M,M,2026-01-04
18222,AW00018222,Carolyn,Suarez,M,F,2026-01-04
18223,AW00018223,Noah,Clark,M,M,2026-01-04
18224,AW00018224,Vanessa,Perry,S,F,2026-01-04
18225,AW00018225,Paige,Jenkins,S,F,2026-01-04
18226,AW00018226,Joseph,Walker,M,M,2026-01-04
18227,AW00018227,Miranda,Diaz,M,F,2026-01-04
18228,AW00018228,Adam,Parker,M,M,2026-01-04
18229,AW00018229,Gabriella,Ward,M,F,2026-01-04
18230,AW00018230,Brianna,Perry,M,F,2026-01-04
18231,AW00018231,Janet,Gutierrez,M,F,2026-01-04
18232,AW00018232,Sophia,Edwards,M,F,2026-01-04
18233,AW00018233,Mackenzie,Bailey,S,F,2026-01-04
18234,AW00018234,Alexandria,Russell,M,F,2026-01-04
18235,AW00018235,Vincent,Guo,M,M,2026-01-04
18236,AW00018236,Andrew,Wilson,M,M,2026-01-04
18237,AW00018237,Nicole,Russell,M,F,2026-01-04
18238,AW00018238,Eduardo,Harris,M,M,2026-01-04
18239,AW00018239,Alisha,Zhu,M,F,2026-01-04
18240,AW00018240,Arthur,Smith,M,M,2026-01-04
18241,AW00018241,Tony,Sharma,M,M,2026-01-04
18242,AW00018242,Christine,Pal,M,F,2026-01-04
18243,AW00018243,Cesar,Sai,M,M,2026-01-04
18244,AW00018244,Lindsay,Chande,M,F,2026-01-04
18245,AW00018245,Misty,Goel,S,F,2026-01-04
18246,AW00018246,Terrence,Raje,M,M,2026-01-04
18247,AW00018247,Donna,Beck,M,F,2026-01-04
18248,AW00018248,Pedro,Moreno,M,M,2026-01-04
18249,AW00018249,Alison,Chander,M,F,2026-01-04
18250,AW00018250,Jeremiah,Hall,S,M,2026-01-04
18251,AW00018251,Ricky,Sanz,S,M,2026-01-04
18252,AW00018252,Alvin,Sun,M,M,2026-01-04
18253,AW00018253,Trisha,Guo,M,F,2026-01-04
18254,AW00018254,Larry,Martin,S,M,2026-01-04
18255,AW00018255,Rachel,Griffin,S,F,2026-01-04
18256,AW00018256,Gilbert,Cai,M,M,2026-01-04
18257,AW00018257,Krista,Jimenez,M,F,2026-01-04
18258,AW00018258,Cassie,Chander,S,F,2026-01-04
18259,AW00018259,Bailey,Torres,S,F,2026-01-04
18260,AW00018260,Jodi,Sharma,S,F,2026-01-04
18261,AW00018261,Stacy,Ramos,S,F,2026-01-04
18262,AW00018262,Evelyn,Rana,S,F,2026-01-04
18263,AW00018263,Karla,Jai,M,F,2026-01-04
18264,AW00018264,Jeffery,Ma,S,M,2026-01-04
18265,AW00018265,Trisha,Cai,M,F,2026-01-04
18266,AW00018266,Mandy,Huang,S,F,2026-01-04
18267,AW00018267,Brad,Jai,M,M,2026-01-04
18268,AW00018268,Preston,Chapman,M,M,2026-01-04
18269,AW00018269,Wendy,Torres,S,F,2026-01-04
18270,AW00018270,Rachael,Rana,S,F,2026-01-04
18271,AW00018271,Darrell,Yuan,M,M,2026-01-04
18272,AW00018272,Autumn,Lin,M,F,2026-01-04
18273,AW00018273,Natalie,Moore,M,F,2026-01-04
18274,AW00018274,Carla,Sanchez,M,F,2026-01-04
18275,AW00018275,Heather,Yang,S,F,2026-01-04
18276,AW00018276,Alexa,Murphy,S,F,2026-01-04
18277,AW00018277,Terry,Lal,M,M,2026-01-04
18278,AW00018278,Lucas,Powell,M,M,2026-01-04
18279,AW00018279,Rachael,Suri,S,F,2026-01-04
18280,AW00018280,Jimmy,Alonso,M,M,2026-01-04
18281,AW00018281,Jaclyn,Li,S,F,2026-01-04
18282,AW00018282,Candace,Kapoor,S,F,2026-01-04
18283,AW00018283,Mallory,Vazquez,S,F,2026-01-04
18284,AW00018284,Carl,Deng,S,M,2026-01-04
18285,AW00018285,Roberto,Romero,M,M,2026-01-04
18286,AW00018286,Holly,Suri,M,F,2026-01-04
18287,AW00018287,Heather,Zeng,M,F,2026-01-04
18288,AW00018288,Daisy,Suarez,S,F,2026-01-04
18289,AW00018289,Jaclyn,Raji,M,F,2026-01-04
18290,AW00018290,Audrey,Hernandez,S,F,2026-01-04
18291,AW00018291,Jennifer,Hill,S,F,2026-01-04
18292,AW00018292,Louis,Tang,S,M,2026-01-04
18293,AW00018293,Austin,Butler,M,M,2026-01-04
18294,AW00018294,Denise,Prasad,M,F,2026-01-04
18295,AW00018295,Ajay,Solanki,M,F,2026-01-04
18296,AW00018296,Trisha,Li,S,F,2026-01-04
18297,AW00018297,Gloria,Alvarez,S,F,2026-01-04
18298,AW00018298,Geoffrey,Malhotra,S,M,2026-01-04
18299,AW00018299,Colin,Deng,M,M,2026-01-04
18300,AW00018300,Diane,Ramos,M,F,2026-01-04
18301,AW00018301,Julie,Xu,S,F,2026-01-04
18302,AW00018302,Wayne,Xie,S,M,2026-01-04
18303,AW00018303,Shannon,Serrano,S,M,2026-01-04
18304,AW00018304,Yolanda,She,S,F,2026-01-04
18305,AW00018305,Kelvin,Xu,M,M,2026-01-04
18306,AW00018306,Margaret,Lin,M,F,2026-01-04
18307,AW00018307,Amy,Zhang,S,F,2026-01-04
18308,AW00018308,Erica,Chen,S,F,2026-01-04
18309,AW00018309,Mandy,Wu,S,F,2026-01-04
18310,AW00018310,Lance,Romero,M,M,2026-01-04
18311,AW00018311,Jennifer,Mitchell,M,F,2026-01-04
18312,AW00018312,Miguel,Moore,S,M,2026-01-04
18313,AW00018313,Arianna,Foster,S,F,2026-01-04
18314,AW00018314,Eric,Perry,S,M,2026-01-04
18315,AW00018315,Melody,Dominguez,M,F,2026-01-04
18316,AW00018316,Justin,Kumar,S,M,2026-01-04
18317,AW00018317,Samantha,Jones,M,F,2026-01-04
18318,AW00018318,Benjamin,Hughes,M,M,2026-01-04
18319,AW00018319,Aimee,Sun,S,F,2026-01-04
18320,AW00018320,Luis,Jai,M,M,2026-01-04
18321,AW00018321,Sebastian,Cook,S,M,2026-01-04
18322,AW00018322,Antonio,Ross,S,M,2026-01-04
18323,AW00018323,Jeremy,Clark,S,M,2026-01-04
18324,AW00018324,Jackson,Butler,S,M,2026-01-04
18325,AW00018325,Colleen,Xu,M,F,2026-01-04
18326,AW00018326,Jay,Srini,M,M,2026-01-04
18327,AW00018327,Jon,Sharma,S,M,2026-01-04
18328,AW00018328,Alvin,Rai,M,M,2026-01-04
18329,AW00018329,Marcus,Bailey,S,M,2026-01-04
18330,AW00018330,Kellie,Diaz,S,F,2026-01-04
18331,AW00018331,Jerry,Chande,M,M,2026-01-04
18332,AW00018332,Emmanuel,Malhotra,M,M,2026-01-04
18333,AW00018333,Meredith,Patel,S,F,2026-01-04
18334,AW00018334,Edwin,Ye,M,M,2026-01-04
18335,AW00018335,Ricky,Diaz,M,M,2026-01-04
18336,AW00018336,Carla,Gonzalez,M,F,2026-01-04
18337,AW00018337,Audrey,Serrano,S,F,2026-01-04
18338,AW00018338,Nina,Andersen,S,F,2026-01-04
18339,AW00018339,Donna,Nath,S,F,2026-01-04
18340,AW00018340,Arianna,Cooper,S,F,2026-01-04
18341,AW00018341,Russell,Goel,S,M,2026-01-04
18342,AW00018342,Victoria,James,S,F,2026-01-04
18343,AW00018343,Dalton,Green,S,M,2026-01-04
18344,AW00018344,Caleb,Turner,S,M,2026-01-04
18345,AW00018345,Samantha,Bryant,M,F,2026-01-04
18346,AW00018346,Anna,Flores,S,F,2026-01-04
18347,AW00018347,Alyssa,Clark,S,F,2026-01-04
18348,AW00018348,Katelyn,Roberts,S,F,2026-01-04
18349,AW00018349,Jacob,Robinson,S,M,2026-01-04
18350,AW00018350,Emma,Ross,M,F,2026-01-04
18351,AW00018351,Alexander,Smith,M,M,2026-01-04
18352,AW00018352,Noah,Thomas,M,M,2026-01-04
18353,AW00018353,Robert,Anderson,M,M,2026-01-04
18354,AW00018354,Alvin,Nara,M,M,2026-01-04
18355,AW00018355,Edward,Foster,M,M,2026-01-04
18356,AW00018356,Alexander,Lee,M,M,2026-01-04
18357,AW00018357,Trinity,Reed,M,F,2026-01-04
18358,AW00018358,Oscar,Coleman,M,M,2026-01-04
18359,AW00018359,Alexandria,Bryant,S,F,2026-01-04
18360,AW00018360,Eric,Li,M,M,2026-01-04
18361,AW00018361,Marcus,Simmons,S,M,2026-01-04
18362,AW00018362,Erin,Howard,M,F,2026-01-04
18363,AW00018363,Lucas,Ward,M,M,2026-01-04
18364,AW00018364,Eduardo,Gray,M,M,2026-01-04
18365,AW00018365,Daniel,Lewis,M,M,2026-01-04
18366,AW00018366,Alexandria,Richardson,M,F,2026-01-04
18367,AW00018367,Edwin,Wu,M,M,2026-01-04
18368,AW00018368,Austin,Hughes,M,M,2026-01-04
18369,AW00018369,Mandy,He,M,F,2026-01-04
18370,AW00018370,Tristan,Flores,M,M,2026-01-04
18371,AW00018371,Jessica,Morgan,M,F,2026-01-04
18372,AW00018372,Jeremiah,Thomas,M,M,2026-01-04
18373,AW00018373,Stephanie,Roberts,M,F,2026-01-04
18374,AW00018374,Logan,King,M,M,2026-01-04
18375,AW00018375,Michelle,Morris,M,F,2026-01-04
18376,AW00018376,Abigail,Diaz,M,F,2026-01-04
18377,AW00018377,Madison,Robinson,S,F,2026-01-04
18378,AW00018378,Dalton,Foster,M,M,2026-01-04
18379,AW00018379,Abigail,Robinson,M,F,2026-01-04
18380,AW00018380,Kaitlyn,Kelly,M,F,2026-01-04
18381,AW00018381,Katherine,Ward,S,F,2026-01-04
18382,AW00018382,Isabella,Garcia,M,F,2026-01-04
18383,AW00018383,Natalie,Torres,S,F,2026-01-04
18384,AW00018384,Nicole,Williams,S,F,2026-01-04
18385,AW00018385,Miguel,Gonzalez,M,M,2026-01-04
18386,AW00018386,Kevin,Shan,M,M,2026-01-04
18387,AW00018387,Carlos,Green,M,M,2026-01-04
18388,AW00018388,Julia,Russell,M,F,2026-01-04
18389,AW00018389,Marcus,Gray,S,M,2026-01-04
18390,AW00018390,Blake,Thompson,M,M,2026-01-04
18391,AW00018391,Jacqueline,Russell,S,F,2026-01-04
18392,AW00018392,Jasmine,Gonzales,S,F,2026-01-04
18393,AW00018393,Angela,Ross,M,F,2026-01-04
18394,AW00018394,Sean,Wright,M,M,2026-01-04
18395,AW00018395,Xavier,Howard,M,M,2026-01-04
18396,AW00018396,Luke,Parker,M,M,2026-01-04
18397,AW00018397,Louis,Anand,M,M,2026-01-04
18398,AW00018398,Geoffrey,Sanchez,S,M,2026-01-04
18399,AW00018399,Sara,Torres,S,F,2026-01-04
18400,AW00018400,Jeremiah,Jackson,S,M,2026-01-04
18401,AW00018401,Joshua,Jones,S,M,2026-01-04
18402,AW00018402,Kimberly,Kelly,M,F,2026-01-04
18403,AW00018403,Madeline,Phillips,S,F,2026-01-04
18404,AW00018404,Alicia,Raji,M,F,2026-01-04
18405,AW00018405,Sheila,Gutierrez,M,F,2026-01-04
18406,AW00018406,Zachary,Ross,S,M,2026-01-04
18407,AW00018407,Maria,Griffin,M,F,2026-01-04
18408,AW00018408,Cody,West,S,M,2026-01-04
18409,AW00018409,Olivia,Washington,M,F,2026-01-04
18410,AW00018410,Joshua,Davis,M,M,2026-01-04
18411,AW00018411,Jack,Powell,M,M,2026-01-04
18412,AW00018412,Mary,Parker,S,F,2026-01-04
18413,AW00018413,Samuel,Jackson,M,M,2026-01-04
18414,AW00018414,Gabrielle,Griffin,M,F,2026-01-04
18415,AW00018415,Summer,Mehta,M,F,2026-01-04
18416,AW00018416,Emma,Peterson,M,F,2026-01-04
18417,AW00018417,Jonathan,Roberts,M,M,2026-01-04
18418,AW00018418,Dawn,Sun,S,F,2026-01-04
18419,AW00018419,Rachel,Johnson,M,F,2026-01-04
18420,AW00018420,Riley,Stewart,M,F,2026-01-04
18421,AW00018421,Megan,Morgan,M,F,2026-01-04
18422,AW00018422,Taylor,Jones,S,F,2026-01-04
18423,AW00018423,Christian,Jones,S,M,2026-01-04
18424,AW00018424,Samuel,Williams,S,M,2026-01-04
18425,AW00018425,Garrett,Brooks,M,M,2026-01-04
18426,AW00018426,Luke,Gonzales,M,M,2026-01-04
18427,AW00018427,Justin,Diaz,M,M,2026-01-04
18428,AW00018428,Alexis,Henderson,S,F,2026-01-04
18429,AW00018429,Faith,Gonzales,S,F,2026-01-04
18430,AW00018430,Victoria,Morgan,M,F,2026-01-04
18431,AW00018431,Cameron,Hayes,M,M,2026-01-04
18432,AW00018432,Jordan,Lopez,M,F,2026-01-04
18433,AW00018433,Seth,Ross,M,M,2026-01-04
18434,AW00018434,Clayton,Stone,M,M,2026-01-04
18435,AW00018435,Maria,Phillips,S,F,2026-01-04
18436,AW00018436,Richard,Johnson,M,M,2026-01-04
18437,AW00018437,Isabella,Butler,M,F,2026-01-04
18438,AW00018438,Sheila,Sanz,M,F,2026-01-04
18439,AW00018439,Angela,Coleman,M,F,2026-01-04
18440,AW00018440,Joe,Ashe,M,M,2026-01-04
18441,AW00018441,Tabitha,Munoz,M,F,2026-01-04
18442,AW00018442,Mason,Hill,S,M,2026-01-04
18443,AW00018443,Ross,Lopez,M,M,2026-01-04
18444,AW00018444,Shannon,Chow,S,F,2026-01-04
18445,AW00018445,Colin,Li,M,M,2026-01-04
18446,AW00018446,Larry,Ramos,M,M,2026-01-04
18447,AW00018447,Renee,Ortega,M,F,2026-01-04
18448,AW00018448,Jennifer,Bailey,M,F,2026-01-04
18449,AW00018449,Derrick,Ramos,M,M,2026-01-04
18450,AW00018450,Willie,Shen,M,M,2026-01-04
18451,AW00018451,Dale,Pal,M,M,2026-01-04
18452,AW00018452,Bruce,Martinez,M,M,2026-01-04
18453,AW00018453,Caroline,Patterson,S,F,2026-01-04
18454,AW00018454,George,Perez,S,M,2026-01-04
18455,AW00018455,Alejandro,Wu,M,M,2026-01-04
18456,AW00018456,Timothy,Bailey,S,M,2026-01-04
18457,AW00018457,Olivia,White,M,F,2026-01-04
18458,AW00018458,Gregory,She,S,M,2026-01-04
18459,AW00018459,Toni,Sai,S,F,2026-01-04
18460,AW00018460,Faith,Butler,S,F,2026-01-04
18461,AW00018461,Tina,Martinez,M,F,2026-01-04
18462,AW00018462,Clarence,Zhu,M,M,2026-01-04
18463,AW00018463,Adriana,Suri,M,F,2026-01-04
18464,AW00018464,Toni,Suri,M,F,2026-01-04
18465,AW00018465,Jamie,Yang,S,F,2026-01-04
18466,AW00018466,Joy,Gutierrez,M,F,2026-01-04
18467,AW00018467,Darren,Townsend,S,M,2026-01-04
18468,AW00018468,Joel,Sanchez,S,M,2026-01-04
18469,AW00018469,Robyn,Rubio,S,F,2026-01-04
18470,AW00018470,Jennifer,Taylor,S,F,2026-01-04
18471,AW00018471,Paige,Stewart,S,F,2026-01-04
18472,AW00018472,Hannah,Ross,S,F,2026-01-04
18473,AW00018473,Nathaniel,Rogers,M,M,2026-01-04
18474,AW00018474,James,Smith,M,M,2026-01-04
18475,AW00018475,Natalie,Brown,S,F,2026-01-04
18476,AW00018476,Brooke,Rogers,S,F,2026-01-04
18477,AW00018477,Angelica,Hughes,S,F,2026-01-04
18478,AW00018478,Eduardo,Roberts,M,M,2026-01-04
18479,AW00018479,Stacey,Chen,M,F,2026-01-04
18480,AW00018480,Heidi,Suri,S,F,2026-01-04
18481,AW00018481,Tanya,Romero,M,F,2026-01-04
18482,AW00018482,Sharon,Nara,S,F,2026-01-04
18483,AW00018483,Byron,Gill,S,M,2026-01-04
18484,AW00018484,Dustin,Sharma,S,M,2026-01-04
18485,AW00018485,Devin,Gonzalez,S,M,2026-01-04
18486,AW00018486,Kari,Torres,S,F,2026-01-04
18487,AW00018487,Tasha,Nath,S,F,2026-01-04
18488,AW00018488,Clayton,Xu,M,M,2026-01-04
18489,AW00018489,Johnny,Nara,M,M,2026-01-04
18490,AW00018490,Brad,Rai,S,M,2026-01-04
18491,AW00018491,Michele,Gonzalez,S,F,2026-01-04
18492,AW00018492,Tamara,Johnston,S,F,2026-01-04
18493,AW00018493,Kaitlin,McDonald,M,F,2026-01-04
18494,AW00018494,Marcus,Young,M,M,2026-01-04
18495,AW00018495,Jeremy,Phillips,S,M,2026-01-04
18496,AW00018496,Vincent,Zheng,S,M,2026-01-04
18497,AW00018497,Fernando,Evans,S,M,2026-01-04
18498,AW00018498,Zachary,Russell,S,M,2026-01-04
18499,AW00018499,Darren,Rodriguez,S,M,2026-01-04
18500,AW00018500,Jose,Brown,M,M,2026-01-04
18501,AW00018501,Alexandra,Powell,S,F,2026-01-04
18502,AW00018502,Pamela,Madan,M,F,2026-01-04
18503,AW00018503,Timothy,Peterson,S,M,2026-01-04
18504,AW00018504,Angel,Adams,M,M,2026-01-04
18505,AW00018505,Carol,Scott,M,F,2026-01-04
18506,AW00018506,Evan,Bradley,M,M,2026-01-04
18507,AW00018507,Edward,Baker,M,M,2026-01-04
18508,AW00018508,Michele,Chander,S,F,2026-01-04
18509,AW00018509,Xavier,Foster,M,M,2026-01-04
18510,AW00018510,Samuel,Washington,S,M,2026-01-04
18511,AW00018511,Mya,Jenkins,S,F,2026-01-04
18512,AW00018512,Alex,Torres,M,M,2026-01-04
18513,AW00018513,Edwin,Xu,M,M,2026-01-04
18514,AW00018514,Anne,Romero,S,F,2026-01-04
18515,AW00018515,Gabrielle,Patterson,M,F,2026-01-04
18516,AW00018516,Juan,Brooks,S,M,2026-01-04
18517,AW00018517,Tristan,Diaz,M,M,2026-01-04
18518,AW00018518,Stephanie,Scott,S,F,2026-01-04
18519,AW00018519,Alex,Cook,M,M,2026-01-04
18520,AW00018520,Rafael,Huang,M,M,2026-01-04
18521,AW00018521,Meghan,Rowe,M,F,2026-01-04
18522,AW00018522,Jeremiah,Smith,M,M,2026-01-04
18523,AW00018523,Samuel,Foster,M,M,2026-01-04
18524,AW00018524,Edward,Alexander,M,M,2026-01-04
18525,AW00018525,Jack,Lal,M,M,2026-01-04
18526,AW00018526,Kevin,Hernandez,S,M,2026-01-04
18527,AW00018527,Jonathan,Baker,M,M,2026-01-04
18528,AW00018528,John,Rodriguez,M,M,2026-01-04
18529,AW00018529,Albert,Castro,S,M,2026-01-04
18530,AW00018530,Wyatt,Evans,M,M,2026-01-04
18531,AW00018531,Thomas,Simmons,S,M,2026-01-04
18532,AW00018532,Marcus,Russell,M,M,2026-01-04
18533,AW00018533,Lucas,Martinez,M,M,2026-01-04
18534,AW00018534,Hunter,Collins,M,M,2026-01-04
18535,AW00018535,Donald,Kapoor,S,M,2026-01-04
18536,AW00018536,Hailey,Coleman,M,F,2026-01-04
18537,AW00018537,Kathryn,Carson,S,F,2026-01-04
18538,AW00018538,Ian,Mitchell,S,M,2026-01-04
18539,AW00018539,Riley,Russell,M,F,2026-01-04
18540,AW00018540,Victoria,Perry,S,F,2026-01-04
18541,AW00018541,Kayla,Jones,M,F,2026-01-04
18542,AW00018542,Dustin,She,M,M,2026-01-04
18543,AW00018543,Dalton,Wilson,M,M,2026-01-04
18544,AW00018544,Riley,Washington,M,F,2026-01-04
18545,AW00018545,Ian,Clark,M,M,2026-01-04
18546,AW00018546,Pieter,Wycoff,M,F,2026-01-04
18547,AW00018547,Ethan,Johnson,M,M,2026-01-04
18548,AW00018548,Jordan,Powell,M,M,2026-01-04
18549,AW00018549,Sierra,Collins,M,F,2026-01-04
18550,AW00018550,Julia,Griffin,M,F,2026-01-04
18551,AW00018551,Chloe,Hall,M,F,2026-01-04
18552,AW00018552,Kelsey,Goel,M,F,2026-01-04
18553,AW00018553,Alex,Roberts,M,M,2026-01-04
18554,AW00018554,Isabelle,Ross,M,F,2026-01-04
18555,AW00018555,Muniraju,Pulipalyam,M,F,2026-01-04
18556,AW00018556,Ruben,Perez,M,M,2026-01-04
18557,AW00018557,Bailey,Lopez,M,F,2026-01-04
18558,AW00018558,Alexandra,Price,M,F,2026-01-04
18559,AW00018559,Lucas,Adams,M,M,2026-01-04
18560,AW00018560,Anna,Miller,M,F,2026-01-04
18561,AW00018561,Carol,Torres,S,F,2026-01-04
18562,AW00018562,Mary,Wright,M,F,2026-01-04
18563,AW00018563,Evan,Sanchez,M,M,2026-01-04
18564,AW00018564,John,Moore,S,M,2026-01-04
18565,AW00018565,Dalton,Bryant,M,M,2026-01-04
18566,AW00018566,Bryce,Peterson,M,M,2026-01-04
18567,AW00018567,Madison,Barnes,S,F,2026-01-04
18568,AW00018568,Mya,Bennett,S,F,2026-01-04
18569,AW00018569,Emma,Bryant,M,F,2026-01-04
18570,AW00018570,Mason,Peterson,S,M,2026-01-04
18571,AW00018571,Cameron,Kumar,S,M,2026-01-04
18572,AW00018572,Danielle,Watson,M,F,2026-01-04
18573,AW00018573,Andrea,Phillips,M,F,2026-01-04
18574,AW00018574,Kaitlyn,Taylor,M,F,2026-01-04
18575,AW00018575,Erin,Stewart,M,F,2026-01-04
18576,AW00018576,Emily,Coleman,M,F,2026-01-04
18577,AW00018577,Isabelle,Winston,M,F,2026-01-04
18578,AW00018578,Patrick,Rogers,S,M,2026-01-04
18579,AW00018579,William,Brown,M,M,2026-01-04
18580,AW00018580,Emma,Anderson,M,F,2026-01-04
18581,AW00018581,Melinda,Dominguez,S,F,2026-01-04
18582,AW00018582,Bryan,Morgan,M,M,2026-01-04
18583,AW00018583,Luis,Kumar,S,M,2026-01-04
18584,AW00018584,Haley,Evans,M,F,2026-01-04
18585,AW00018585,Katherine,Blue,M,F,2026-01-04
18586,AW00018586,Benjamin,Patterson,S,M,2026-01-04
18587,AW00018587,Monica,Arun,S,F,2026-01-04
18588,AW00018588,Isabella,Rogers,S,F,2026-01-04
18589,AW00018589,Anna,Stewart,S,F,2026-01-04
18590,AW00018590,Valerie,Sun,S,F,2026-01-04
18591,AW00018591,Eduardo,Nelson,M,M,2026-01-04
18592,AW00018592,Mackenzie,Evans,S,F,2026-01-04
18593,AW00018593,Sydney,Martinez,S,F,2026-01-04
18594,AW00018594,Kristi,Garcia,S,F,2026-01-04
18595,AW00018595,Marcus,Hernandez,S,M,2026-01-04
18596,AW00018596,Gabriella,Cooper,S,F,2026-01-04
18597,AW00018597,Isabel,Perry,M,F,2026-01-04
18598,AW00018598,Norimichi,Yonekura,S,M,2026-01-04
18599,AW00018599,Kyle,Simmons,S,M,2026-01-04
18600,AW00018600,Ashley,Gonzales,M,F,2026-01-04
18601,AW00018601,Cynthia,Garcia,S,F,2026-01-04
18602,AW00018602,Patrick,Ramirez,M,M,2026-01-04
18603,AW00018603,Gabrielle,Henderson,S,F,2026-01-04
18604,AW00018604,Paige,Alexander,M,F,2026-01-04
18605,AW00018605,David,Wright,S,M,2026-01-04
18606,AW00018606,Wyatt,Green,S,M,2026-01-04
18607,AW00018607,Katherine,Taylor,S,F,2026-01-04
18608,AW00018608,Ian,Phillips,M,M,2026-01-04
18609,AW00018609,Alyssa,Cook,M,F,2026-01-04
18610,AW00018610,Bailey,Rivera,S,F,2026-01-04
18611,AW00018611,Taylor,Foster,M,F,2026-01-04
18612,AW00018612,Alyssa,Flores,S,F,2026-01-04
18613,AW00018613,Cody,Murphy,S,M,2026-01-04
18614,AW00018614,Seth,Wright,S,M,2026-01-04
18615,AW00018615,Charles,Peterson,S,M,2026-01-04
18616,AW00018616,Spencer,Butler,S,M,2026-01-04
18617,AW00018617,Carlos,Lopez,S,M,2026-01-04
18618,AW00018618,Mitchell,Rai,S,M,2026-01-04
18619,AW00018619,Dominic,Mehta,M,M,2026-01-04
18620,AW00018620,Randall,Navarro,S,M,2026-01-04
18621,AW00018621,Cassandra,Prasad,S,F,2026-01-04
18622,AW00018622,Byron,Rubio,S,M,2026-01-04
18623,AW00018623,Anne,Torres,M,F,2026-01-04
18624,AW00018624,Jay,Perez,S,M,2026-01-04
18625,AW00018625,Derrick,Moreno,S,M,2026-01-04
18626,AW00018626,Tony,Pal,S,M,2026-01-04
18627,AW00018627,Kristine,Gomez,S,F,2026-01-04
18628,AW00018628,Suzanne,Yang,S,F,2026-01-04
18629,AW00018629,Martin,Srini,S,M,2026-01-04
18630,AW00018630,Priscilla,She,S,F,2026-01-04
18631,AW00018631,Carly,Shan,S,F,2026-01-04
18632,AW00018632,Russell,Tang,S,M,2026-01-04
18633,AW00018633,Adam,Jenkins,M,M,2026-01-04
18634,AW00018634,Veronica,Arun,S,F,2026-01-04
18635,AW00018635,Toni,Martinez,S,F,2026-01-04
18636,AW00018636,Edgar,Chapman,S,M,2026-01-04
18637,AW00018637,Thomas,Sharma,S,M,2026-01-04
18638,AW00018638,Alyssa,Thompson,S,F,2026-01-04
18639,AW00018639,Maria,Scott,S,F,2026-01-04
18640,AW00018640,Isaac,James,M,M,2026-01-04
18641,AW00018641,Cameron,Garcia,S,M,2026-01-04
18642,AW00018642,Brianna,Thompson,S,F,2026-01-04
18643,AW00018643,Joshua,Thomas,M,M,2026-01-04
18644,AW00018644,Carrie,Ruiz,S,F,2026-01-04
18645,AW00018645,Jordan,Bryant,M,M,2026-01-04
18646,AW00018646,Blake,Adams,M,M,2026-01-04
18647,AW00018647,Christy,Huang,S,F,2026-01-04
18648,AW00018648,Hailey,Torres,M,F,2026-01-04
18649,AW00018649,Jackson,Patterson,S,M,2026-01-04
18650,AW00018650,Kyle,Flores,S,M,2026-01-04
18651,AW00018651,Isaiah,Mitchell,M,M,2026-01-04
18652,AW00018652,Meredith,Diaz,M,F,2026-01-04
18653,AW00018653,Emmanuel,Madan,M,M,2026-01-04
18654,AW00018654,Thomas,Lopez,M,M,2026-01-04
18655,AW00018655,Eric,Diaz,M,M,2026-01-04
18656,AW00018656,Charles,Clark,S,M,2026-01-04
18657,AW00018657,Alex,Morgan,M,M,2026-01-04
18658,AW00018658,Dalton,Turner,M,M,2026-01-04
18659,AW00018659,Jasmine,Thompson,M,F,2026-01-04
18660,AW00018660,Cristina,Anand,M,F,2026-01-04
18661,AW00018661,Daniel,Walker,M,M,2026-01-04
18662,AW00018662,Kyle,Sharma,M,M,2026-01-04
18663,AW00018663,Jason,Flores,M,M,2026-01-04
18664,AW00018664,Robert,Long,M,M,2026-01-04
18665,AW00018665,Olivia,Brooks,M,F,2026-01-04
18666,AW00018666,Jordyn,Henderson,S,F,2026-01-04
18667,AW00018667,Kelli,Ma,S,F,2026-01-04
18668,AW00018668,Brian,Sanders,M,M,2026-01-04
18669,AW00018669,Adam,Griffin,M,M,2026-01-04
18670,AW00018670,Melanie,Bryant,M,F,2026-01-04
18671,AW00018671,Melanie,Kelly,M,F,2026-01-04
18672,AW00018672,Anthony,Lewis,M,M,2026-01-04
18673,AW00018673,James,Green,M,M,2026-01-04
18674,AW00018674,Isabelle,Bennett,S,F,2026-01-04
18675,AW00018675,Abigail,Martin,M,F,2026-01-04
18676,AW00018676,Jesse,Young,M,M,2026-01-04
18677,AW00018677,Logan,Shan,M,M,2026-01-04
18678,AW00018678,Sean,Watson,S,M,2026-01-04
18679,AW00018679,Seth,Wood,S,M,2026-01-04
18680,AW00018680,David,Shan,M,M,2026-01-04
18681,AW00018681,Jacqueline,Griffin,M,F,2026-01-04
18682,AW00018682,Emily,Bennett,M,F,2026-01-04
18683,AW00018683,Robert,Walker,M,M,2026-01-04
18684,AW00018684,Makayla,Watson,M,F,2026-01-04
18685,AW00018685,Sean,Rogers,M,M,2026-01-04
18686,AW00018686,Logan,Coleman,S,M,2026-01-04
18687,AW00018687,Olivia,Smith,M,F,2026-01-04
18688,AW00018688,Antonio,Barnes,M,M,2026-01-04
18689,AW00018689,Miguel,Miller,M,M,2026-01-04
18690,AW00018690,Carlos,Rivera,M,M,2026-01-04
18691,AW00018691,Claudia,Zheng,M,F,2026-01-04
18692,AW00018692,Preston,Mehta,M,M,2026-01-04
18693,AW00018693,Ann,Subram,S,F,2026-01-04
18694,AW00018694,Derrick,Gomez,M,M,2026-01-04
18695,AW00018695,Aaron,Diaz,M,M,2026-01-04
18696,AW00018696,Mindy,Black,M,F,2026-01-04
18697,AW00018697,Tara,Lal,S,F,2026-01-04
18698,AW00018698,Jaclyn,Chande,S,F,2026-01-04
18699,AW00018699,Blake,Griffin,M,M,2026-01-04
18700,AW00018700,Ernest,Zhao,S,M,2026-01-04
18701,AW00018701,Kenneth,Lal,S,M,2026-01-04
18702,AW00018702,Adriana,Smith,S,F,2026-01-04
18703,AW00018703,Vincent,Huang,S,M,2026-01-04
18704,AW00018704,Lacey,Goel,M,F,2026-01-04
18705,AW00018705,Karl,Goel,M,M,2026-01-04
18706,AW00018706,Darryl,Zheng,S,M,2026-01-04
18707,AW00018707,Marshall,She,M,M,2026-01-04
18708,AW00018708,Micah,Zhao,M,M,2026-01-04
18709,AW00018709,Darren,Hernandez,M,M,2026-01-04
18710,AW00018710,Ricardo,Xie,M,M,2026-01-04
18711,AW00018711,Emma,Diaz,S,F,2026-01-04
18712,AW00018712,Glenn,Guo,M,M,2026-01-04
18713,AW00018713,Rosa,Yang,M,F,2026-01-04
18714,AW00018714,Francisco,Lopez,M,M,2026-01-04
18715,AW00018715,Rafael,Rai,M,M,2026-01-04
18716,AW00018716,Seth,Campbell,M,M,2026-01-04
18717,AW00018717,Cassandra,Suri,M,F,2026-01-04
18718,AW00018718,Susan,Liu,S,F,2026-01-04
18719,AW00018719,Alberto,Suarez,M,M,2026-01-04
18720,AW00018720,Taylor,Miller,M,F,2026-01-04
18721,AW00018721,Andy,Gomez,S,M,2026-01-04
18722,AW00018722,Jonathon,Navarro,S,M,2026-01-04
18723,AW00018723,Lacey,Ma,S,F,2026-01-04
18724,AW00018724,Denise,Fernandez,M,F,2026-01-04
18725,AW00018725,Denise,Kapoor,S,F,2026-01-04
18726,AW00018726,Katrina,Anand,S,F,2026-01-04
18727,AW00018727,Hailey,Hernandez,S,F,2026-01-04
18728,AW00018728,Roger,Luo,M,M,2026-01-04
18729,AW00018729,Evan,Parker,S,M,2026-01-04
18730,AW00018730,Johnathan,Arthur,M,M,2026-01-04
18731,AW00018731,Brett,Malhotra,S,M,2026-01-04
18732,AW00018732,Zachary,Jai,M,M,2026-01-04
18733,AW00018733,Rafael,Gao,S,M,2026-01-04
18734,AW00018734,Barbara,Ashe,S,F,2026-01-04
18735,AW00018735,Latasha,Moreno,S,F,2026-01-04
18736,AW00018736,Ashley,Patterson,S,F,2026-01-04
18737,AW00018737,Ricky,Gomez,S,M,2026-01-04
18738,AW00018738,Tamara,Luo,S,F,2026-01-04
18739,AW00018739,Christy,Pal,M,F,2026-01-04
18740,AW00018740,Adam,Hill,M,M,2026-01-04
18741,AW00018741,Edgar,Martinez,M,M,2026-01-04
18742,AW00018742,Don,Guo,M,M,2026-01-04
18743,AW00018743,Glenn,Xu,M,M,2026-01-04
18744,AW00018744,April,Raje,M,F,2026-01-04
18745,AW00018745,Brooke,James,M,F,2026-01-04
18746,AW00018746,Reginald,Alvarez,S,M,2026-01-04
18747,AW00018747,Jacquelyn,Diaz,S,F,2026-01-04
18748,AW00018748,Gabrielle,Stewart,M,F,2026-01-04
18749,AW00018749,Olivia,Stewart,M,F,2026-01-04
18750,AW00018750,Alexandra,Perry,M,F,2026-01-04
18751,AW00018751,Kari,Schmidt,S,F,2026-01-04
18752,AW00018752,Samantha,Walker,S,F,2026-01-04
18753,AW00018753,James,Moore,S,M,2026-01-04
18754,AW00018754,Isabella,Mitchell,S,F,2026-01-04
18755,AW00018755,Christopher,Lewis,S,M,2026-01-04
18756,AW00018756,Isabella,Thompson,S,F,2026-01-04
18757,AW00018757,Frederick,Srini,M,M,2026-01-04
18758,AW00018758,Devin,Price,S,M,2026-01-04
18759,AW00018759,Devin,Phillips,S,M,2026-01-04
18760,AW00018760,Morgan,Wood,M,F,2026-01-04
18761,AW00018761,Luis,Wright,S,M,2026-01-04
18762,AW00018762,Arthur,Wilson,M,F,2026-01-04
18763,AW00018763,Julie,Chander,M,F,2026-01-04
18764,AW00018764,Natalie,Scott,M,F,2026-01-04
18765,AW00018765,Noah,Shan,S,M,2026-01-04
18766,AW00018766,Francisco,Sai,M,M,2026-01-04
18767,AW00018767,Gary,Alonso,M,M,2026-01-04
18768,AW00018768,Dalton,Garcia,M,M,2026-01-04
18769,AW00018769,Theresa,Dominguez,M,F,2026-01-04
18770,AW00018770,Aaron,Hernandez,S,M,2026-01-04
18771,AW00018771,Robert,Green,S,M,2026-01-04
18772,AW00018772,Julia,Hill,M,F,2026-01-04
18773,AW00018773,Cassidy,Price,M,F,2026-01-04
18774,AW00018774,Justin,Flores,S,M,2026-01-05
18775,AW00018775,Andrea,Bell,M,F,2026-01-05
18776,AW00018776,Connor,Allen,S,M,2026-01-05
18777,AW00018777,Richard,Clark,S,M,2026-01-05
18778,AW00018778,Miguel,Washington,M,M,2026-01-05
18779,AW00018779,Jose,Hill,M,M,2026-01-05
18780,AW00018780,Evan,Carter,S,M,2026-01-05
18781,AW00018781,Hunter,Lewis,S,M,2026-01-05
18782,AW00018782,Patrick,Reed,M,M,2026-01-05
18783,AW00018783,Michael,Martin,S,M,2026-01-05
18784,AW00018784,Trinity,Brooks,M,F,2026-01-05
18785,AW00018785,Sara,Rivera,S,F,2026-01-05
18786,AW00018786,Dustin,Chande,S,M,2026-01-05
18787,AW00018787,Mya,Wood,M,F,2026-01-05
18788,AW00018788,Madison,Thompson,S,F,2026-01-05
18789,AW00018789,Seth,Robinson,S,M,2026-01-05
18790,AW00018790,Julia,Martin,M,F,2026-01-05
18791,AW00018791,Megan,Blue,S,F,2026-01-05
18792,AW00018792,Gabriella,Peterson,M,F,2026-01-05
18793,AW00018793,Angel,Cox,M,M,2026-01-05
18794,AW00018794,Andrew,Davis,S,M,2026-01-05
18795,AW00018795,Nathan,Alexander,S,M,2026-01-05
18796,AW00018796,Marvin,Ruiz,M,M,2026-01-05
18797,AW00018797,Evan,Murphy,S,M,2026-01-05
18798,AW00018798,Andrea,Allen,M,F,2026-01-05
18799,AW00018799,Jacob,Lewis,M,M,2026-01-05
18800,AW00018800,Jennifer,Phillips,M,F,2026-01-05
18801,AW00018801,Dawn,Yuan,M,F,2026-01-05
18802,AW00018802,Mario,Shen,M,M,2026-01-05
18803,AW00018803,Cedric,Zheng,M,M,2026-01-05
18804,AW00018804,Aaron,Gonzales,M,M,2026-01-05
18805,AW00018805,Tracy,Simpson,M,F,2026-01-05
18806,AW00018806,Kaitlyn,Torres,M,F,2026-01-05
18807,AW00018807,Spencer,Bennett,S,M,2026-01-05
18808,AW00018808,Gabrielle,Perez,S,F,2026-01-05
18809,AW00018809,Jason,King,M,M,2026-01-05
18810,AW00018810,Casey,Dominguez,M,M,2026-01-05
18811,AW00018811,Samuel,Perry,M,M,2026-01-05
18812,AW00018812,Kyle,Adams,S,M,2026-01-05
18813,AW00018813,Kristy,Hernandez,S,F,2026-01-05
18814,AW00018814,Evan,Adams,S,M,2026-01-05
18815,AW00018815,Abigail,Rogers,M,F,2026-01-05
18816,AW00018816,Taylor,Smith,S,F,2026-01-05
18817,AW00018817,Brittany,Russell,S,F,2026-01-05
18818,AW00018818,Lucas,Torres,M,M,2026-01-05
18819,AW00018819,Miranda,Bennett,M,F,2026-01-05
18820,AW00018820,Alexandria,Cook,M,F,2026-01-05
18821,AW00018821,Juan,Morgan,S,M,2026-01-05
18822,AW00018822,Gregory,Ferrier,M,M,2026-01-05
18823,AW00018823,Russell,Xu,S,M,2026-01-05
18824,AW00018824,Elijah,Collins,M,M,2026-01-05
18825,AW00018825,Brandon,Smith,M,M,2026-01-05
18826,AW00018826,Allison,Stewart,M,F,2026-01-05
18827,AW00018827,Carmen,Raman,S,F,2026-01-05
18828,AW00018828,Morgan,Wright,M,F,2026-01-05
18829,AW00018829,Jackson,Simmons,S,M,2026-01-05
18830,AW00018830,Kristine,Ortega,M,F,2026-01-05
18831,AW00018831,Andy,Hernandez,S,M,2026-01-05
18832,AW00018832,Dylan,Jackson,M,M,2026-01-05
18833,AW00018833,Morgan,Baker,M,F,2026-01-05
18834,AW00018834,Ana,Foster,M,F,2026-01-05
18835,AW00018835,Isabelle,Coleman,S,F,2026-01-05
18836,AW00018836,Nicole,Cooper,S,F,2026-01-05
18837,AW00018837,Amanda,Hernandez,M,F,2026-01-05
18838,AW00018838,Natalie,Morris,M,F,2026-01-05
18839,AW00018839,Don,Lee,M,M,2026-01-05
18840,AW00018840,Alexandria,Barnes,M,F,2026-01-05
18841,AW00018841,Gabriella,Campbell,M,F,2026-01-05
18842,AW00018842,James,Gonzalez,S,M,2026-01-05
18843,AW00018843,Luis,Perez,M,M,2026-01-05
18844,AW00018844,Dalton,Hernandez,S,M,2026-01-05
18845,AW00018845,Katherine,Hughes,M,F,2026-01-05
18846,AW00018846,Deb,Hughes,S,M,2026-01-05
18847,AW00018847,Ariana,Richardson,M,F,2026-01-05
18848,AW00018848,Christian,Harris,M,M,2026-01-05
18849,AW00018849,Faith,Flores,S,F,2026-01-05
18850,AW00018850,Ethan,Hughes,M,M,2026-01-05
18851,AW00018851,Dalton,Cook,M,M,2026-01-05
18852,AW00018852,Allison,Sanders,M,F,2026-01-05
18853,AW00018853,Jacqueline,Gray,M,F,2026-01-05
18854,AW00018854,Hunter,Turner,M,M,2026-01-05
18855,AW00018855,Robert,Zhang,S,M,2026-01-05
18856,AW00018856,Thomas,Green,M,M,2026-01-05
18857,AW00018857,Sebastian,Sanders,M,M,2026-01-05
18858,AW00018858,Miguel,Parker,S,M,2026-01-05
18859,AW00018859,Olivia,Henderson,M,F,2026-01-05
18860,AW00018860,Sydney,Foster,M,F,2026-01-05
18861,AW00018861,Ashley,Wood,M,F,2026-01-05
18862,AW00018862,Luke,Zhang,M,M,2026-01-05
18863,AW00018863,Charles,Scott,S,M,2026-01-05
18864,AW00018864,Elijah,Long,M,M,2026-01-05
18865,AW00018865,Ashley,Hayes,M,F,2026-01-05
18866,AW00018866,Miguel,Scott,M,M,2026-01-05
18867,AW00018867,Thomas,Perry,M,M,2026-01-05
18868,AW00018868,Adam,Long,S,M,2026-01-05
18869,AW00018869,Ashley,Flores,M,F,2026-01-05
18870,AW00018870,Ana,Barnes,M,F,2026-01-05
18871,AW00018871,Ruben,Rubio,M,M,2026-01-05
18872,AW00018872,Miguel,Severino,M,M,2026-01-05
18873,AW00018873,Austin,Rodriguez,S,M,2026-01-05
18874,AW00018874,Julia,Green,M,F,2026-01-05
18875,AW00018875,Devin,Watson,M,M,2026-01-05
18876,AW00018876,Luke,Chen,M,M,2026-01-05
18877,AW00018877,Evan,Hall,M,M,2026-01-05
18878,AW00018878,Mallory,Ramos,M,F,2026-01-05
18879,AW00018879,Garrett,Morgan,M,M,2026-01-05
18880,AW00018880,Jarrod,Sanchez,M,M,2026-01-05
18881,AW00018881,Kimberly,James,M,F,2026-01-05
18882,AW00018882,Dalton,Hayes,M,M,2026-01-05
18883,AW00018883,Jonathan,Garcia,S,M,2026-01-05
18884,AW00018884,Bryan,Reed,S,M,2026-01-05
18885,AW00018885,Cara,Ma,S,F,2026-01-05
18886,AW00018886,Donald,McDonald,S,M,2026-01-05
18887,AW00018887,Kari,Hernandez,S,F,2026-01-05
18888,AW00018888,Devin,Powell,S,M,2026-01-05
18889,AW00018889,Katelyn,Murphy,S,F,2026-01-05
18890,AW00018890,Lauren,Blue,M,F,2026-01-05
18891,AW00018891,Megan,James,M,F,2026-01-05
18892,AW00018892,Chase,Howard,S,M,2026-01-05
18893,AW00018893,Devin,White,S,M,2026-01-05
18894,AW00018894,Eric,Allen,S,M,2026-01-05
18895,AW00018895,Marco,Madan,M,M,2026-01-05
18896,AW00018896,Jonathan,Russell,M,M,2026-01-05
18897,AW00018897,Russell,Black,M,M,2026-01-05
18898,AW00018898,Monica,Chandra,S,F,2026-01-05
18899,AW00018899,Glenn,Liu,M,M,2026-01-05
18900,AW00018900,Mathew,Torres,M,M,2026-01-05
18901,AW00018901,Connor,Shan,S,M,2026-01-05
18902,AW00018902,Steve,Chen,M,M,2026-01-05
18903,AW00018903,Louis,Zeng,S,M,2026-01-05
18904,AW00018904,Emma,Thomas,S,F,2026-01-05
18905,AW00018905,Samuel,Adams,S,M,2026-01-05
18906,AW00018906,Adrienne,Gutierrez,S,F,2026-01-05
18907,AW00018907,Priscilla,Nara,M,F,2026-01-05
18908,AW00018908,Krystal,Sun,S,F,2026-01-05
18909,AW00018909,Jodi,Chavez,S,F,2026-01-05
18910,AW00018910,Marco,Perez,S,M,2026-01-05
18911,AW00018911,Elijah,McDonald,S,M,2026-01-05
18912,AW00018912,Tyler,Williams,M,M,2026-01-05
18913,AW00018913,Jesse,Stewart,M,M,2026-01-05
18914,AW00018914,Felicia,Ruiz,S,F,2026-01-05
18915,AW00018915,Sydney,Gonzalez,M,F,2026-01-05
18916,AW00018916,Christian,Moore,S,M,2026-01-05
18917,AW00018917,Jonathan,Nelson,M,M,2026-01-05
18918,AW00018918,Jacqueline,Ross,M,F,2026-01-05
18919,AW00018919,Eduardo,Hernandez,S,M,2026-01-05
18920,AW00018920,Jonathan,Young,S,M,2026-01-05
18921,AW00018921,Rachel,Bailey,S,F,2026-01-05
18922,AW00018922,Madeline,Gonzalez,S,F,2026-01-05
18923,AW00018923,Cassandra,Kapoor,M,F,2026-01-05
18924,AW00018924,Rachel,Williams,S,F,2026-01-05
18925,AW00018925,Haley,Griffin,M,F,2026-01-05
18926,AW00018926,Alexandre,Lobao,M,M,2026-01-05
18927,AW00018927,Arianna,Cox,S,F,2026-01-05
18928,AW00018928,Carmen,Prasad,M,F,2026-01-05
18929,AW00018929,Donald,Garcia,S,M,2026-01-05
18930,AW00018930,Katelyn,Richardson,S,F,2026-01-05
18931,AW00018931,Rosa,She,M,F,2026-01-05
18932,AW00018932,Carl,Chande,M,M,2026-01-05
18933,AW00018933,Kelli,Huang,S,F,2026-01-05
18934,AW00018934,Jeremiah,Moore,S,M,2026-01-05
18935,AW00018935,Jasmine,Jenkins,M,F,2026-01-05
18936,AW00018936,Morgan,Collins,S,F,2026-01-05
18937,AW00018937,Ian,Reed,S,M,2026-01-05
18938,AW00018938,Lucas,Lopez,M,M,2026-01-05
18939,AW00018939,Hunter,McDonald,S,M,2026-01-05
18940,AW00018940,Seth,Bell,M,M,2026-01-05
18941,AW00018941,Philip,Torres,M,M,2026-01-05
18942,AW00018942,Billy,Ortega,M,M,2026-01-05
18943,AW00018943,Kaitlyn,Hall,S,F,2026-01-05
18944,AW00018944,Marcus,Taylor,S,M,2026-01-05
18945,AW00018945,Marcus,Cox,M,M,2026-01-05
18946,AW00018946,Brandon,Simmons,M,M,2026-01-05
18947,AW00018947,Devin,Bryant,S,M,2026-01-05
18948,AW00018948,Sydney,Bailey,M,F,2026-01-05
18949,AW00018949,Jackson,Hall,S,M,2026-01-05
18950,AW00018950,Lauren,Alexander,S,F,2026-01-05
18951,AW00018951,Dalton,Jones,S,M,2026-01-05
18952,AW00018952,Chloe,Hernandez,M,F,2026-01-05
18953,AW00018953,Mya,Patterson,S,F,2026-01-05
18954,AW00018954,Dalton,Young,S,M,2026-01-05
18955,AW00018955,Justin,Jones,S,M,2026-01-05
18956,AW00018956,Sara,Howard,S,F,2026-01-05
18957,AW00018957,Mackenzie,Lopez,S,F,2026-01-05
18958,AW00018958,Natalie,Sanchez,S,F,2026-01-05
18959,AW00018959,Seth,Morris,S,M,2026-01-05
18960,AW00018960,Marcus,Johnson,S,M,2026-01-05
18961,AW00018961,Jeremiah,Henderson,S,M,2026-01-05
18962,AW00018962,Seth,Parker,M,M,2026-01-05
18963,AW00018963,Amber,Collins,M,F,2026-01-05
18964,AW00018964,Thomas,Gonzalez,S,M,2026-01-05
18965,AW00018965,Richard,Turner,M,M,2026-01-05
18966,AW00018966,Carly,Rai,M,F,2026-01-05
18967,AW00018967,Xavier,Clark,M,M,2026-01-05
18968,AW00018968,Isaiah,Lopez,M,M,2026-01-05
18969,AW00018969,Anna,Cox,M,F,2026-01-05
18970,AW00018970,Jason,Roberts,M,M,2026-01-05
18971,AW00018971,Wyatt,Moore,M,M,2026-01-05
18972,AW00018972,Benjamin,Butler,M,M,2026-01-05
18973,AW00018973,Kate,Yuan,M,F,2026-01-05
18974,AW00018974,James,Rodriguez,M,M,2026-01-05
18975,AW00018975,Samuel,Bryant,M,M,2026-01-05
18976,AW00018976,Garrett,Howard,S,M,2026-01-05
18977,AW00018977,Jackson,Wang,M,M,2026-01-05
18978,AW00018978,Isaiah,Morgan,M,M,2026-01-05
18979,AW00018979,Noah,Taylor,M,M,2026-01-05
18980,AW00018980,Sophia,Hernandez,M,F,2026-01-05
18981,AW00018981,Savannah,Watson,M,F,2026-01-05
18982,AW00018982,Kyle,Baker,S,M,2026-01-05
18983,AW00018983,Destiny,Price,M,F,2026-01-05
18984,AW00018984,Shelby,Rivera,S,F,2026-01-05
18985,AW00018985,Paige,Bailey,M,F,2026-01-05
18986,AW00018986,Robert,Roberts,S,M,2026-01-05
18987,AW00018987,Hunter,Adams,M,M,2026-01-05
18988,AW00018988,Courtney,Baker,S,F,2026-01-05
18989,AW00018989,Cindy,Suri,M,F,2026-01-05
18990,AW00018990,Amanda,Henderson,M,F,2026-01-05
18991,AW00018991,Evan,Cook,M,M,2026-01-05
18992,AW00018992,David,Perry,M,M,2026-01-05
18993,AW00018993,Kevin,Ross,M,M,2026-01-05
18994,AW00018994,Jackson,Allen,M,M,2026-01-05
18995,AW00018995,Melissa,Gray,S,F,2026-01-05
18996,AW00018996,Katherine,Turner,M,F,2026-01-05
18997,AW00018997,Eric,King,M,M,2026-01-05
18998,AW00018998,Aidan,Bennett,M,M,2026-01-05
18999,AW00018999,Mackenzie,Watson,M,F,2026-01-05
19000,AW00019000,Makayla,Blue,M,F,2026-01-05
19001,AW00019001,Fernando,Brown,M,M,2026-01-05
19002,AW00019002,Alexis,Thompson,M,F,2026-01-05
19003,AW00019003,Jared,Stewart,M,M,2026-01-05
19004,AW00019004,Ian,Rogers,M,M,2026-01-05
19005,AW00019005,Lauren,Peterson,S,F,2026-01-05
19006,AW00019006,Leslie,Martin,M,F,2026-01-05
19007,AW00019007,Mackenzie,Sanchez,M,F,2026-01-05
19008,AW00019008,Hailey,Murphy,S,F,2026-01-05
19009,AW00019009,Arianna,Watson,M,F,2026-01-05
19010,AW00019010,Naomi,Ortega,M,F,2026-01-05
19011,AW00019011,Maria,Cook,M,F,2026-01-05
19012,AW00019012,Oscar,Bryant,M,M,2026-01-05
19013,AW00019013,Amanda,Phillips,S,F,2026-01-05
19014,AW00019014,Jonathan,Hernandez,M,M,2026-01-05
19015,AW00019015,Thomas,Griffin,M,M,2026-01-05
19016,AW00019016,Sierra,Wright,M,F,2026-01-05
19017,AW00019017,Zoe,Brooks,M,F,2026-01-05
19018,AW00019018,Nicole,Gray,M,F,2026-01-05
19019,AW00019019,Jackson,Gonzales,M,M,2026-01-05
19020,AW00019020,Jack,Flores,S,M,2026-01-05
19021,AW00019021,Melissa,Russell,S,F,2026-01-05
19022,AW00019022,Samantha,Wood,M,F,2026-01-05
19023,AW00019023,Arianna,Powell,M,F,2026-01-05
19024,AW00019024,Dalton,Russell,S,M,2026-01-05
19025,AW00019025,Aaron,Roberts,S,M,2026-01-05
19026,AW00019026,Logan,Hayes,S,M,2026-01-05
19027,AW00019027,Mayra,Madan,S,F,2026-01-05
19028,AW00019028,Cedric,Wang,M,M,2026-01-05
19029,AW00019029,Alicia,Andersen,M,F,2026-01-05
19030,AW00019030,Marco,Arun,M,M,2026-01-05
19031,AW00019031,Regina,Perez,M,F,2026-01-05
19032,AW00019032,Katrina,Andersen,S,F,2026-01-05
19033,AW00019033,Omar,Lin,S,M,2026-01-05
19034,AW00019034,Tabitha,Diaz,S,F,2026-01-05
19035,AW00019035,Stanley,Schmidt,M,M,2026-01-05
19036,AW00019036,Allen,Rana,M,M,2026-01-05
19037,AW00019037,Marshall,Chen,M,M,2026-01-05
19038,AW00019038,Joe,Patel,S,M,2026-01-05
19039,AW00019039,Melvin,Pal,M,M,2026-01-05
19040,AW00019040,Eugene,Sun,M,M,2026-01-05
19041,AW00019041,Autumn,Zheng,S,F,2026-01-05
19042,AW00019042,Ronnie,Cai,M,M,2026-01-05
19043,AW00019043,Jessica,Jones,M,F,2026-01-05
19044,AW00019044,Cesar,Rana,M,M,2026-01-05
19045,AW00019045,Ross,Rodriguez,S,M,2026-01-05
19046,AW00019046,Shawna,Raje,M,F,2026-01-05
19047,AW00019047,Sydney,Walker,M,F,2026-01-05
19048,AW00019048,Bryant,Raman,M,M,2026-01-05
19049,AW00019049,Craig,Gutierrez,M,M,2026-01-05
19050,AW00019050,Joel,Chapman,M,M,2026-01-05
19051,AW00019051,Taylor,Henderson,S,F,2026-01-05
19052,AW00019052,Kristi,Kapoor,M,F,2026-01-05
19053,AW00019053,Gerald,Jordan,S,M,2026-01-05
19054,AW00019054,Arthur,Alonso,S,M,2026-01-05
19055,AW00019055,Garrett,Bailey,M,M,2026-01-05
19056,AW00019056,Carla,Van,M,F,2026-01-05
19057,AW00019057,Joanna,Ramos,M,F,2026-01-05
19058,AW00019058,Shawn,Goel,M,M,2026-01-05
19059,AW00019059,George,Rodriguez,M,M,2026-01-05
19060,AW00019060,Stephanie,Stone,M,F,2026-01-05
19061,AW00019061,Heather,Gao,S,F,2026-01-05
19062,AW00019062,Erica,Zhou,M,F,2026-01-05
19063,AW00019063,Gabrielle,Kelly,M,F,2026-01-05
19064,AW00019064,Veronica,Madan,M,F,2026-01-05
19065,AW00019065,Michele,Arun,M,F,2026-01-05
19066,AW00019066,Dylan,Sharma,M,M,2026-01-05
19067,AW00019067,Misty,Luo,M,F,2026-01-05
19068,AW00019068,Alma,Son,M,F,2026-01-05
19069,AW00019069,Thomas,Hall,M,M,2026-01-05
19070,AW00019070,Kristopher,Garcia,M,M,2026-01-05
19071,AW00019071,Joe,Jimenez,M,M,2026-01-05
19072,AW00019072,Tamara,Lu,M,F,2026-01-05
19073,AW00019073,Lolan,Song,M,M,2026-01-05
19074,AW00019074,Colleen,Shen,M,F,2026-01-05
19075,AW00019075,Brent,Wu,M,M,2026-01-05
19076,AW00019076,Jaclyn,Pal,M,F,2026-01-05
19077,AW00019077,Pedro,Prasad,M,M,2026-01-05
19078,AW00019078,Misty,She,S,F,2026-01-05
19079,AW00019079,Brett,Lopez,M,M,2026-01-05
19080,AW00019080,Ross,Vance,S,M,2026-01-05
19081,AW00019081,Leslie,Rubio,M,F,2026-01-05
19082,AW00019082,Alvin,Zhang,M,M,2026-01-05
19083,AW00019083,Steven,Rivera,S,M,2026-01-05
19084,AW00019084,Colleen,Raje,S,F,2026-01-05
19085,AW00019085,Shawna,Kumar,M,F,2026-01-05
19086,AW00019086,Tommy,Chander,S,M,2026-01-05
19087,AW00019087,Erica,Gao,M,F,2026-01-05
19088,AW00019088,Rafael,Kumar,S,M,2026-01-05
19089,AW00019089,Regina,Arthur,S,F,2026-01-05
19090,AW00019090,Marshall,Chander,S,M,2026-01-05
19091,AW00019091,Warren,Yuan,S,M,2026-01-05
19092,AW00019092,Eric,Gonzalez,S,M,2026-01-05
19093,AW00019093,Tara,Ashe,S,F,2026-01-05
19094,AW00019094,Todd,Yang,S,M,2026-01-05
19095,AW00019095,Meredith,Martinez,S,F,2026-01-05
19096,AW00019096,Douglas,Suri,S,M,2026-01-05
19097,AW00019097,Mindy,Pal,S,F,2026-01-05
19098,AW00019098,Xavier,Evans,M,M,2026-01-05
19099,AW00019099,Sheena,Deng,M,F,2026-01-05
19100,AW00019100,Bradley,Rai,M,M,2026-01-05
19101,AW00019101,Susan,Cai,S,F,2026-01-05
19102,AW00019102,Claudia,Ye,S,F,2026-01-05
19103,AW00019103,Johnathan,Raman,M,M,2026-01-05
19104,AW00019104,Mariah,James,M,F,2026-01-05
19105,AW00019105,Stacy,Dominguez,S,F,2026-01-05
19106,AW00019106,Terrance,Sai,M,M,2026-01-05
19107,AW00019107,Franklin,Liu,M,M,2026-01-05
19108,AW00019108,Haley,Stewart,S,F,2026-01-05
19109,AW00019109,Jade,Brooks,M,F,2026-01-05
19110,AW00019110,Jesse,Kelly,M,M,2026-01-05
19111,AW00019111,Mariah,Kelly,M,F,2026-01-05
19112,AW00019112,Victoria,Hughes,M,F,2026-01-05
19113,AW00019113,Aaron,Patterson,M,M,2026-01-05
19114,AW00019114,Natalie,Richardson,M,F,2026-01-05
19115,AW00019115,Bailey,Sanchez,M,F,2026-01-05
19116,AW00019116,Logan,Alexander,S,M,2026-01-05
19117,AW00019117,Kaitlyn,Coleman,S,F,2026-01-05
19118,AW00019118,Ian,Thomas,M,M,2026-01-05
19119,AW00019119,Connor,Simmons,M,M,2026-01-05
19120,AW00019120,Caleb,Sharma,M,M,2026-01-05
19121,AW00019121,Kaitlyn,Blue,M,F,2026-01-05
19122,AW00019122,Abigail,Hughes,S,F,2026-01-05
19123,AW00019123,Emma,Washington,M,F,2026-01-05
19124,AW00019124,Cody,Bailey,M,M,2026-01-05
19125,AW00019125,Cameron,Russell,S,M,2026-01-05
19126,AW00019126,Kristopher,Kapoor,M,M,2026-01-05
19127,AW00019127,Alexa,Sanchez,S,F,2026-01-05
19128,AW00019128,Madison,Jackson,M,F,2026-01-05
19129,AW00019129,Carson,Simmons,M,M,2026-01-05
19130,AW00019130,Madeline,Baker,M,F,2026-01-05
19131,AW00019131,Mason,Blue,S,M,2026-01-05
19132,AW00019132,Benjamin,Washington,S,M,2026-01-05
19133,AW00019133,Logan,Martinez,S,M,2026-01-05
19134,AW00019134,Sierra,Allen,S,F,2026-01-05
19135,AW00019135,Logan,Brown,M,M,2026-01-05
19136,AW00019136,Richard,Cook,M,M,2026-01-05
19137,AW00019137,Eric,Russell,S,M,2026-01-05
19138,AW00019138,Eric,Coleman,M,M,2026-01-05
19139,AW00019139,Oscar,Simmons,M,M,2026-01-05
19140,AW00019140,Melanie,Rogers,S,F,2026-01-05
19141,AW00019141,Samuel,Martinez,S,M,2026-01-05
19142,AW00019142,Dalton,Washington,M,M,2026-01-05
19143,AW00019143,Lauren,Long,S,F,2026-01-05
19144,AW00019144,Edwin,He,S,M,2026-01-05
19145,AW00019145,Adriana,Malhotra,M,F,2026-01-05
19146,AW00019146,Mariah,Morgan,S,F,2026-01-05
19147,AW00019147,Edward,Thomas,M,M,2026-01-05
19148,AW00019148,Cody,Ramirez,S,M,2026-01-05
19149,AW00019149,Sean,Parker,S,M,2026-01-05
19150,AW00019150,Maria,Bailey,M,F,2026-01-05
19151,AW00019151,Ian,Cooper,S,M,2026-01-05
19152,AW00019152,Jonathan,Walker,M,M,2026-01-05
19153,AW00019153,Dylan,Griffin,M,M,2026-01-05
19154,AW00019154,William,Sotelo,M,F,2026-01-05
19155,AW00019155,Caroline,Flores,M,F,2026-01-05
19156,AW00019156,Julia,Jenkins,S,F,2026-01-05
19157,AW00019157,Eduardo,Thompson,S,M,2026-01-05
19158,AW00019158,Destiny,Griffin,S,F,2026-01-05
19159,AW00019159,Richard,Gonzalez,M,M,2026-01-05
19160,AW00019160,Sara,Perez,S,F,2026-01-05
19161,AW00019161,Jeremiah,Hughes,S,M,2026-01-05
19162,AW00019162,Peter,Raji,M,M,2026-01-05
19163,AW00019163,Riley,Bailey,M,F,2026-01-05
19164,AW00019164,Danielle,Morgan,S,F,2026-01-05
19165,AW00019165,Miranda,Russell,S,F,2026-01-05
19166,AW00019166,Olivia,Jenkins,S,F,2026-01-05
19167,AW00019167,Caitlin,Morgan,S,F,2026-01-05
19168,AW00019168,Nathan,Kumar,S,M,2026-01-05
19169,AW00019169,Arianna,Bryant,S,F,2026-01-05
19170,AW00019170,Luis,Campbell,S,M,2026-01-05
19171,AW00019171,Melanie,Torres,M,F,2026-01-05
19172,AW00019172,Calvin,Luo,M,M,2026-01-05
19173,AW00019173,Kelli,Lal,M,F,2026-01-05
19174,AW00019174,Katelyn,Howard,S,F,2026-01-05
19175,AW00019175,Wayne,Sharma,S,M,2026-01-05
19176,AW00019176,Ebony,Vazquez,S,F,2026-01-05
19177,AW00019177,Donna,Chander,M,F,2026-01-05
19178,AW00019178,Sarah,Miller,S,F,2026-01-05
19179,AW00019179,Gloria,Sanz,S,F,2026-01-05
19180,AW00019180,Joan,Navarro,S,F,2026-01-05
19181,AW00019181,Chad,Pal,S,M,2026-01-05
19182,AW00019182,Lance,Dominguez,S,M,2026-01-05
19183,AW00019183,Edwin,Raje,S,M,2026-01-05
19184,AW00019184,Emily,Hayes,S,F,2026-01-05
19185,AW00019185,Jacqueline,Bradley,S,F,2026-01-05
19186,AW00019186,Bob,Garcia,M,M,2026-01-05
19187,AW00019187,Karl,Pal,S,M,2026-01-05
19188,AW00019188,Dalton,Anderson,S,M,2026-01-05
19189,AW00019189,Morgan,Price,S,F,2026-01-05
19190,AW00019190,Carl,Shen,S,M,2026-01-05
19191,AW00019191,Keith,Chande,S,M,2026-01-05
19192,AW00019192,Erika,Ruiz,S,F,2026-01-05
19193,AW00019193,Omar,Lal,S,M,2026-01-05
19194,AW00019194,Cesar,Garcia,S,M,2026-01-05
19195,AW00019195,Darren,Romero,S,M,2026-01-05
19196,AW00019196,April,She,S,F,2026-01-05
19197,AW00019197,Briana,Sandoval,S,F,2026-01-05
19198,AW00019198,Melissa,Brooks,S,F,2026-01-05
19199,AW00019199,David,Williams,S,M,2026-01-05
19200,AW00019200,Luke,Henderson,M,M,2026-01-05
19201,AW00019201,Charles,Brooks,M,M,2026-01-05
19202,AW00019202,Brianna,Lee,M,F,2026-01-05
19203,AW00019203,Darren,Navarro,S,M,2026-01-05
19204,AW00019204,Sydney,Evans,S,F,2026-01-05
19205,AW00019205,James,Perry,M,M,2026-01-05
19206,AW00019206,Destiny,Cooper,M,F,2026-01-05
19207,AW00019207,Jeremiah,Turner,M,M,2026-01-05
19208,AW00019208,Angelica,Diaz,M,F,2026-01-05
19209,AW00019209,Alexandra,Nelson,M,F,2026-01-05
19210,AW00019210,Alexis,Price,M,F,2026-01-05
19211,AW00019211,Anna,Lee,M,F,2026-01-05
19212,AW00019212,Brianna,Clark,M,F,2026-01-05
19213,AW00019213,Amanda,Simmons,M,F,2026-01-05
19214,AW00019214,Cassidy,Powell,S,F,2026-01-05
19215,AW00019215,Edward,Hall,S,M,2026-01-05
19216,AW00019216,Gabriel,Lopez,S,M,2026-01-05
19217,AW00019217,Jose,Nelson,M,M,2026-01-05
19218,AW00019218,Nathaniel,Brooks,M,M,2026-01-05
19219,AW00019219,Mary,Peterson,M,F,2026-01-05
19220,AW00019220,Mariah,Sanchez,M,F,2026-01-05
19221,AW00019221,Kaitlyn,Williams,M,F,2026-01-05
19222,AW00019222,Jordan,Hall,M,M,2026-01-05
19223,AW00019223,Jacqueline,Cook,M,F,2026-01-05
19224,AW00019224,Stephanie,Henderson,M,F,2026-01-05
19225,AW00019225,Jeremy,Watson,M,M,2026-01-05
19226,AW00019226,Neil,Carlson,M,M,2026-01-05
19227,AW00019227,Logan,Nelson,M,M,2026-01-05
19228,AW00019228,Morgan,Ramirez,M,F,2026-01-05
19229,AW00019229,David,Robinson,S,M,2026-01-05
19230,AW00019230,Joy,Moreno,M,F,2026-01-05
19231,AW00019231,Meghan,Gill,M,F,2026-01-05
19232,AW00019232,Candice,Chow,S,F,2026-01-05
19233,AW00019233,Omar,Andersen,M,M,2026-01-05
19234,AW00019234,Micah,Zheng,S,M,2026-01-05
19235,AW00019235,Kayla,Bennett,M,F,2026-01-05
19236,AW00019236,Chloe,Phillips,M,F,2026-01-05
19237,AW00019237,Kristy,Gomez,M,F,2026-01-05
19238,AW00019238,Isabella,West,M,F,2026-01-05
19239,AW00019239,Jeremy,Alexander,M,M,2026-01-05
19240,AW00019240,Theresa,Jimenez,M,F,2026-01-05
19241,AW00019241,Diane,Dominguez,M,F,2026-01-05
19242,AW00019242,Devin,Baker,M,M,2026-01-05
19243,AW00019243,James,Thomas,M,M,2026-01-05
19244,AW00019244,Sebastian,Ward,M,M,2026-01-05
19245,AW00019245,Isaiah,King,M,M,2026-01-05
19246,AW00019246,Carlos,Campbell,M,M,2026-01-05
19247,AW00019247,Michele,Martinez,M,F,2026-01-05
19248,AW00019248,Sheena,Black,M,F,2026-01-05
19249,AW00019249,Chad,Andersen,M,M,2026-01-05
19250,AW00019250,Lacey,Wu,M,F,2026-01-05
19251,AW00019251,Brett,Sai,M,M,2026-01-05
19252,AW00019252,Jasmine,Brooks,M,F,2026-01-05
19253,AW00019253,Gabrielle,Ross,S,F,2026-01-05
19254,AW00019254,Anibal,Sousa,S,M,2026-01-05
19255,AW00019255,Terrance,Sara,S,M,2026-01-05
19256,AW00019256,Abigail,Griffin,M,F,2026-01-05
19257,AW00019257,Dana,Jiménez,M,F,2026-01-05
19258,AW00019258,Douglas,Mehta,M,M,2026-01-05
19259,AW00019259,Barbara,Lin,M,F,2026-01-05
19260,AW00019260,Latoya,Sharma,S,F,2026-01-05
19261,AW00019261,Heather,Wu,M,F,2026-01-05
19262,AW00019262,Kari,Sanchez,M,F,2026-01-05
19263,AW00019263,Nina,Chande,M,F,2026-01-05
19264,AW00019264,Kristopher,Gonzalez,S,M,2026-01-05
19265,AW00019265,Dale,Raji,M,M,2026-01-05
19266,AW00019266,Grant,Xu,M,M,2026-01-05
19267,AW00019267,Marshall,Raje,M,M,2026-01-05
19268,AW00019268,Alyssa,Ward,M,F,2026-01-05
19269,AW00019269,Kathleen,Navarro,S,F,2026-01-05
19270,AW00019270,Shawn,Shen,M,M,2026-01-05
19271,AW00019271,Kristopher,Fernandez,M,M,2026-01-05
19272,AW00019272,Shaun,Andersen,M,M,2026-01-05
19273,AW00019273,Natalie,Henderson,M,F,2026-01-05
19274,AW00019274,Karen,Yang,M,F,2026-01-05
19275,AW00019275,Gregory,Rai,M,M,2026-01-05
19276,AW00019276,Ruben,Sai,S,M,2026-01-05
19277,AW00019277,Billy,Jiménez,M,M,2026-01-05
19278,AW00019278,Willie,Sun,S,M,2026-01-05
19279,AW00019279,Omar,Xu,S,M,2026-01-05
19280,AW00019280,Darrell,Andersen,M,M,2026-01-05
19281,AW00019281,Mallory,Carlson,S,F,2026-01-05
19282,AW00019282,Hailey,Wood,M,F,2026-01-05
19283,AW00019283,Adrian,Sanders,M,M,2026-01-05
19284,AW00019284,Briana,Romero,M,F,2026-01-05
19285,AW00019285,Jacqueline,Howard,M,F,2026-01-05
19286,AW00019286,Kaitlyn,Butler,M,F,2026-01-05
19287,AW00019287,Shane,Chandra,M,M,2026-01-05
19288,AW00019288,Candice,Wang,M,F,2026-01-05
19289,AW00019289,Johnathan,Patel,M,M,2026-01-05
19290,AW00019290,Sergio,Prasad,S,M,2026-01-05
19291,AW00019291,Colleen,Wu,S,F,2026-01-05
19292,AW00019292,Micah,Lin,M,M,2026-01-05
19293,AW00019293,Chloe,Watson,M,F,2026-01-05
19294,AW00019294,Stanley,Garcia,M,M,2026-01-05
19295,AW00019295,Katelyn,Green,S,F,2026-01-05
19296,AW00019296,Jake,Zheng,S,M,2026-01-05
19297,AW00019297,Cedric,Xie,S,M,2026-01-05
19298,AW00019298,Priscilla,Andersen,S,F,2026-01-05
19299,AW00019299,Carrie,Browning,M,F,2026-01-05
19300,AW00019300,Clarence,Hu,M,M,2026-01-05
19301,AW00019301,Jamie,Liu,M,F,2026-01-05
19302,AW00019302,Brad,Xie,S,M,2026-01-05
19303,AW00019303,Sylvia,Spencer,M,M,2026-01-05
19304,AW00019304,Sara,Nelson,S,F,2026-01-05
19305,AW00019305,Gabriella,Young,S,F,2026-01-05
19306,AW00019306,Candace,Perez,M,F,2026-01-05
19307,AW00019307,Micheal,Alonso,M,M,2026-01-05
19308,AW00019308,Casey,Rai,M,F,2026-01-05
19309,AW00019309,Frank,Suarez,M,M,2026-01-05
19310,AW00019310,Evelyn,Raman,M,F,2026-01-05
19311,AW00019311,Dana,Rubio,M,F,2026-01-05
19312,AW00019312,Valerie,Zheng,M,F,2026-01-05
19313,AW00019313,Charles,Baker,S,M,2026-01-05
19314,AW00019314,Alvin,Beck,S,M,2026-01-05
19315,AW00019315,Devon,Sharma,S,M,2026-01-05
19316,AW00019316,Raymond,Srini,M,M,2026-01-05
19317,AW00019317,Sara,Scott,S,F,2026-01-05
19318,AW00019318,Jamie,Dominguez,S,M,2026-01-05
19319,AW00019319,Darryl,Guo,S,M,2026-01-05
19320,AW00019320,Bethany,Deng,S,F,2026-01-05
19321,AW00019321,Clifford,Weber,M,M,2026-01-05
19322,AW00019322,Gerald,Romero,S,M,2026-01-05
19323,AW00019323,Jeremy,Rogers,M,M,2026-01-05
19324,AW00019324,Tanya,Blanco,M,F,2026-01-05
19325,AW00019325,Kelli,Chen,M,F,2026-01-05
19326,AW00019326,Marcus,Robinson,M,M,2026-01-05
19327,AW00019327,Candace,Gonzalez,M,F,2026-01-05
19328,AW00019328,Shawn,Xu,S,M,2026-01-05
19329,AW00019329,Nancy,Srini,S,F,2026-01-05
19330,AW00019330,Johnny,Shen,S,M,2026-01-05
19331,AW00019331,Jessie,Hu,S,M,2026-01-05
19332,AW00019332,Kelvin,Alan,M,M,2026-01-05
19333,AW00019333,Candace,Malhotra,M,F,2026-01-05
19334,AW00019334,Katherine,Baker,S,F,2026-01-05
19335,AW00019335,Cedric,Ye,S,M,2026-01-05
19336,AW00019336,Ricardo,Andersen,S,M,2026-01-05
19337,AW00019337,Bonnie,Luo,S,F,2026-01-05
19338,AW00019338,Paula,Dominguez,M,F,2026-01-05
19339,AW00019339,Lance,Gomez,M,M,2026-01-05
19340,AW00019340,Renee,Dominguez,M,F,2026-01-05
19341,AW00019341,Clarence,Huang,M,M,2026-01-05
19342,AW00019342,Aimee,Zeng,S,F,2026-01-05
19343,AW00019343,Louis,Ye,S,M,2026-01-05
19344,AW00019344,Mandy,Ma,S,F,2026-01-05
19345,AW00019345,Kaitlin,Prasad,M,F,2026-01-05
19346,AW00019346,Donna,She,M,F,2026-01-05
19347,AW00019347,Alvin,Zhao,M,M,2026-01-05
19348,AW00019348,Ebony,Raman,M,F,2026-01-05
19349,AW00019349,Warren,Anand,S,M,2026-01-05
19350,AW00019350,Bethany,Ashe,M,F,2026-01-05
19351,AW00019351,Edgar,Vance,S,M,2026-01-05
19352,AW00019352,Arturo,Chen,S,M,2026-01-05
19353,AW00019353,Desiree,Gill,S,F,2026-01-05
19354,AW00019354,Abby,Madan,S,F,2026-01-05
19355,AW00019355,Danny,Munoz,S,M,2026-01-05
19356,AW00019356,Francis,Ortega,M,M,2026-01-05
19357,AW00019357,Ryan,Flores,S,M,2026-01-05
19358,AW00019358,Jonathan,Bryant,S,M,2026-01-05
19359,AW00019359,Roberto,Townsend,M,M,2026-01-05
19360,AW00019360,Joanna,Hernandez,M,F,2026-01-05
19361,AW00019361,Stacey,Sun,M,F,2026-01-05
19362,AW00019362,Karl,Raje,M,M,2026-01-05
19363,AW00019363,Regina,Raman,S,F,2026-01-05
19364,AW00019364,Alejandro,Nara,M,M,2026-01-05
19365,AW00019365,Wayne,Shan,M,M,2026-01-05
19366,AW00019366,Christy,Beck,M,F,2026-01-05
19367,AW00019367,Johnathan,Gonzalez,S,M,2026-01-05
19368,AW00019368,Lindsay,Anand,S,F,2026-01-05
19369,AW00019369,Clifford,Suri,S,M,2026-01-05
19370,AW00019370,Gilbert,Yang,S,M,2026-01-05
19371,AW00019371,Roy,Mehta,S,M,2026-01-05
19372,AW00019372,Cassidy,Long,S,F,2026-01-05
19373,AW00019373,Rebekah,Suri,S,F,2026-01-05
19374,AW00019374,Paula,Ashe,S,F,2026-01-05
19375,AW00019375,Omar,Anand,S,M,2026-01-05
19376,AW00019376,Paige,Wood,S,F,2026-01-05
19377,AW00019377,Dominic,Chandra,S,M,2026-01-05
19378,AW00019378,Lucas,Davis,S,M,2026-01-05
19379,AW00019379,Crystal,Guo,S,F,2026-01-05
19380,AW00019380,Marshall,Luo,S,M,2026-01-05
19381,AW00019381,Brandi,Romero,S,F,2026-01-05
19382,AW00019382,Jerry,Shan,M,M,2026-01-05
19383,AW00019383,Roger,Nath,S,M,2026-01-05
19384,AW00019384,Gilbert,Rai,S,M,2026-01-05
19385,AW00019385,Alisha,Lin,S,F,2026-01-05
19386,AW00019386,Allen,Martinez,S,M,2026-01-05
19387,AW00019387,Ruth,Rana,M,F,2026-01-05
19388,AW00019388,Alberto,Martin,S,M,2026-01-05
19389,AW00019389,Terrence,Goel,S,M,2026-01-05
19390,AW00019390,Terrance,Perez,S,M,2026-01-05
19391,AW00019391,Sergio,Rana,S,M,2026-01-05
19392,AW00019392,Sergio,Kapoor,S,M,2026-01-05
19393,AW00019393,Miguel,Anderson,M,M,2026-01-05
19394,AW00019394,Henry,Nelson,M,M,2026-01-05
19395,AW00019395,Austin,Zhang,S,M,2026-01-05
19396,AW00019396,Tammy,Prasad,S,F,2026-01-05
19397,AW00019397,Terry,Shen,S,M,2026-01-05
19398,AW00019398,Dylan,Gonzales,S,M,2026-01-05
19399,AW00019399,Anthony,Brown,S,M,2026-01-05
19400,AW00019400,Gavin,Hayes,S,M,2026-01-05
19401,AW00019401,Kyle,Hernandez,S,M,2026-01-05
19402,AW00019402,Jeremiah,Scott,S,M,2026-01-05
19403,AW00019403,Morgan,Cook,S,F,2026-01-05
19404,AW00019404,Nicole,Moore,M,F,2026-01-05
19405,AW00019405,Abigail,Smith,M,F,2026-01-05
19406,AW00019406,Brooke,Travers,M,F,2026-01-05
19407,AW00019407,Sarah,Perry,M,F,2026-01-05
19408,AW00019408,Taylor,Richardson,M,F,2026-01-05
19409,AW00019409,Savannah,Allen,M,F,2026-01-05
19410,AW00019410,Chloe,Adams,M,F,2026-01-05
19411,AW00019411,Sarah,Alexander,M,F,2026-01-05
19412,AW00019412,Jaime,Chander,M,M,2026-01-05
19413,AW00019413,Xavier,Kelly,S,M,2026-01-05
19414,AW00019414,Alexis,Ashe,M,F,2026-01-05
19415,AW00019415,Devin,Collins,M,M,2026-01-05
19416,AW00019416,Caitlin,Morris,M,F,2026-01-05
19417,AW00019417,Alexis,Foster,M,F,2026-01-05
19418,AW00019418,Nathan,Miller,S,M,2026-01-05
19419,AW00019419,Allison,Adams,S,F,2026-01-05
19420,AW00019420,Stanley,Raman,S,M,2026-01-05
19421,AW00019421,Jay,Rana,S,M,2026-01-05
19422,AW00019422,Paula,Gutierrez,S,F,2026-01-05
19423,AW00019423,Maria,Price,S,F,2026-01-05
19424,AW00019424,Terrance,Smith,S,M,2026-01-05
19425,AW00019425,Arturo,Zhao,M,M,2026-01-05
19426,AW00019426,Brian,Stewart,S,M,2026-01-05
19427,AW00019427,Troy,Lopez,S,M,2026-01-05
19428,AW00019428,Eric,Turner,M,M,2026-01-05
19429,AW00019429,Jared,Kelly,S,M,2026-01-05
19430,AW00019430,Sharon,Goel,M,F,2026-01-05
19431,AW00019431,Bonnie,She,S,F,2026-01-05
19432,AW00019432,Armando,Dominguez,S,M,2026-01-05
19433,AW00019433,Bridget,Raje,M,F,2026-01-05
19434,AW00019434,Geoffrey,Ashe,S,M,2026-01-05
19435,AW00019435,Benjamin,Thompson,M,M,2026-01-05
19436,AW00019436,Gregory,Pal,M,M,2026-01-05
19437,AW00019437,Kelsey,Rai,S,F,2026-01-05
19438,AW00019438,Shannon,Hu,M,F,2026-01-05
19439,AW00019439,Franklin,Xu,S,M,2026-01-05
19440,AW00019440,Alicia,Sharma,M,F,2026-01-05
19441,AW00019441,Dale,She,S,M,2026-01-05
19442,AW00019442,Connor,Hill,S,M,2026-01-05
19443,AW00019443,Dominic,Raman,M,M,2026-01-05
19444,AW00019444,Kayla,Thomas,M,F,2026-01-05
19445,AW00019445,Emma,Thompson,M,F,2026-01-05
19446,AW00019446,Bridget,Nath,M,F,2026-01-05
19447,AW00019447,Yolanda,Simpson,M,F,2026-01-05
19448,AW00019448,Meagan,Fernandez,S,F,2026-01-05
19449,AW00019449,Nuan,Yuan,M,M,2026-01-05
19450,AW00019450,Keith,Lal,M,M,2026-01-05
19451,AW00019451,Pedro,Sara,S,M,2026-01-05
19452,AW00019452,Jacob,Anderson,M,M,2026-01-05
19453,AW00019453,Veronica,Rana,M,F,2026-01-05
19454,AW00019454,Roger,Sharma,M,M,2026-01-05
19455,AW00019455,Jack,Perez,S,M,2026-01-05
19456,AW00019456,Jesse,Perez,M,M,2026-01-05
19457,AW00019457,Jennifer,Williams,S,F,2026-01-05
19458,AW00019458,Tyrone,Blanco,M,M,2026-01-05
19459,AW00019459,Katie,Yuan,M,F,2026-01-05
19460,AW00019460,Arthur,Diaz,M,M,2026-01-05
19461,AW00019461,Nichole,Shan,S,F,2026-01-05
19462,AW00019462,Paige,Travers,S,F,2026-01-05
19463,AW00019463,Cassandra,Chandra,M,F,2026-01-05
19464,AW00019464,Tyrone,Alonso,M,M,2026-01-05
19465,AW00019465,Sierra,Baker,S,F,2026-01-05
19466,AW00019466,Morgan,Lopez,M,F,2026-01-05
19467,AW00019467,Krista,Alvarez,S,F,2026-01-05
19468,AW00019468,Ramon,Lin,S,M,2026-01-05
19469,AW00019469,Valerie,Cai,S,F,2026-01-05
19470,AW00019470,Kelli,Ye,S,F,2026-01-05
19471,AW00019471,Bryant,Martinez,S,M,2026-01-05
19472,AW00019472,Heidi,Sara,S,F,2026-01-05
19473,AW00019473,Roger,Chande,S,M,2026-01-05
19474,AW00019474,Jenny,Luo,S,F,2026-01-05
19475,AW00019475,Mandy,Ye,M,F,2026-01-05
19476,AW00019476,Sarah,Anderson,M,F,2026-01-05
19477,AW00019477,Lance,Rubio,M,M,2026-01-05
19478,AW00019478,Tasha,Goel,M,F,2026-01-05
19479,AW00019479,Jessica,Gray,S,F,2026-01-05
19480,AW00019480,Lisa,Zeng,M,F,2026-01-05
19481,AW00019481,Darren,Suarez,M,M,2026-01-05
19482,AW00019482,Andy,Ortega,M,M,2026-01-05
19483,AW00019483,Michele,Serrano,M,F,2026-01-05
19484,AW00019484,Willie,Liang,M,M,2026-01-05
19485,AW00019485,Raul,Shan,S,M,2026-01-05
19486,AW00019486,Melanie,Price,M,F,2026-01-05
19487,AW00019487,Dwayne,Gutierrez,M,M,2026-01-05
19488,AW00019488,Jamie,Lin,S,F,2026-01-05
19489,AW00019489,Alexandra,Patterson,S,F,2026-01-05
19490,AW00019490,Kristina,Smith,S,F,2026-01-05
19491,AW00019491,Stanley,Prasad,S,M,2026-01-05
19492,AW00019492,Andres,Andersen,S,M,2026-01-05
19493,AW00019493,Karla,Shan,M,F,2026-01-05
19494,AW00019494,Sergio,Martinez,S,M,2026-01-05
19495,AW00019495,Francis,Gill,S,M,2026-01-05
19496,AW00019496,Edgar,Subram,S,M,2026-01-05
19497,AW00019497,Raul,She,S,M,2026-01-05
19498,AW00019498,Christy,Wang,S,F,2026-01-05
19499,AW00019499,Shawn,Black,M,M,2026-01-05
19500,AW00019500,Russell,Shan,M,M,2026-01-05
19501,AW00019501,Allison,Edwards,M,F,2026-01-05
19502,AW00019502,Felicia,Carlson,M,F,2026-01-05
19503,AW00019503,Bridget,Luo,M,F,2026-01-05
19504,AW00019504,Dominic,Garcia,M,M,2026-01-05
19505,AW00019505,Gilbert,She,S,M,2026-01-05
19506,AW00019506,Candice,Lin,S,F,2026-01-05
19507,AW00019507,Raul,Shen,S,M,2026-01-05
19508,AW00019508,Troy,Rana,M,M,2026-01-05
19509,AW00019509,Nancy,Suri,S,F,2026-01-05
19510,AW00019510,Renee,Torres,S,F,2026-01-05
19511,AW00019511,Marcus,Ward,S,M,2026-01-05
19512,AW00019512,Marco,Kapoor,M,M,2026-01-05
19513,AW00019513,Jessie,Liang,M,M,2026-01-05
19514,AW00019514,Kari,Rodriguez,S,F,2026-01-05
19515,AW00019515,Nancy,Garcia,S,F,2026-01-05
19516,AW00019516,Kaitlyn,Griffin,S,F,2026-01-05
19517,AW00019517,Max,Gomez,S,M,2026-01-05
19518,AW00019518,Clifford,Arun,S,M,2026-01-05
19519,AW00019519,Bianca,Zhu,S,F,2026-01-05
19520,AW00019520,Kari,Muñoz,M,F,2026-01-05
19521,AW00019521,Jaime,Dominguez,S,F,2026-01-05
19522,AW00019522,Christian,Powell,M,M,2026-01-05
19523,AW00019523,Brittney,Holt,S,F,2026-01-05
19524,AW00019524,Denise,Malhotra,S,F,2026-01-05
19525,AW00019525,Hannah,Flores,S,F,2026-01-05
19526,AW00019526,Angela,Cooper,S,F,2026-01-05
19527,AW00019527,Gabriel,Adams,S,M,2026-01-05
19528,AW00019528,Bailey,Hall,S,F,2026-01-05
19529,AW00019529,Bailey,Parker,S,F,2026-01-05
19530,AW00019530,Lisa,Liang,S,F,2026-01-05
19531,AW00019531,John,Robinson,S,M,2026-01-05
19532,AW00019532,Victoria,Brown,S,F,2026-01-05
19533,AW00019533,Vanessa,Long,S,F,2026-01-05
19534,AW00019534,Adrian,Torres,S,M,2026-01-05
19535,AW00019535,Alex,Mitchell,S,M,2026-01-05
19536,AW00019536,Brooke,Cooper,M,F,2026-01-05
19537,AW00019537,Michelle,Brooks,M,F,2026-01-05
19538,AW00019538,Connor,Hall,M,M,2026-01-05
19539,AW00019539,Latoya,Raji,M,F,2026-01-05
19540,AW00019540,Jade,Richardson,M,F,2026-01-05
19541,AW00019541,Alexandra,Cooper,M,F,2026-01-05
19542,AW00019542,Robert,Allen,M,M,2026-01-05
19543,AW00019543,Evan,Torres,M,M,2026-01-05
19544,AW00019544,Katherine,Price,M,F,2026-01-05
19545,AW00019545,Garrett,Watson,S,M,2026-01-05
19546,AW00019546,Angel,Campbell,S,M,2026-01-05
19547,AW00019547,Lauren,Patterson,M,F,2026-01-05
19548,AW00019548,Kaitlyn,Howard,M,F,2026-01-05
19549,AW00019549,Kevin,Sharma,M,M,2026-01-05
19550,AW00019550,Lucas,Perez,M,M,2026-01-05
19551,AW00019551,Samuel,Alexander,M,M,2026-01-05
19552,AW00019552,Margaret,Zhu,M,F,2026-01-05
19553,AW00019553,Karen,Wang,M,F,2026-01-05
19554,AW00019554,Emmanuel,Raman,S,M,2026-01-05
19555,AW00019555,Alejandro,Liu,M,M,2026-01-05
19556,AW00019556,Shawna,Andersen,M,F,2026-01-05
19557,AW00019557,Bridget,She,S,F,2026-01-05
19558,AW00019558,Gloria,Ortega,M,F,2026-01-05
19559,AW00019559,Cedric,Cai,M,M,2026-01-05
19560,AW00019560,Randall,Martin,M,M,2026-01-05
19561,AW00019561,Orlando,Serrano,M,M,2026-01-05
19562,AW00019562,Leah,Guo,S,F,2026-01-05
19563,AW00019563,Robin,Moreno,M,F,2026-01-05
19564,AW00019564,Lawrence,Gutierrez,M,M,2026-01-05
19565,AW00019565,Patricia,Saunders,M,F,2026-01-05
19566,AW00019566,Ruben,Sara,S,M,2026-01-05
19567,AW00019567,Barbara,Hu,M,F,2026-01-05
19568,AW00019568,Candice,Sun,M,F,2026-01-05
19569,AW00019569,Kellie,Torres,M,F,2026-01-05
19570,AW00019570,Kristy,Navarro,M,F,2026-01-05
19571,AW00019571,Sydney,Johnson,S,F,2026-01-05
19572,AW00019572,Melissa,Bailey,M,F,2026-01-05
19573,AW00019573,Deanna,Rubio,M,F,2026-01-05
19574,AW00019574,Michele,Ramos,S,F,2026-01-05
19575,AW00019575,Marco,Patel,S,M,2026-01-05
19576,AW00019576,Mackenzie,Hill,S,F,2026-01-05
19577,AW00019577,Martin,Perez,M,M,2026-01-05
19578,AW00019578,Max,Rubio,M,M,2026-01-05
19579,AW00019579,Dawn,Zheng,M,F,2026-01-05
19580,AW00019580,Eddie,Sanz,M,M,2026-01-05
19581,AW00019581,Todd,Ma,M,M,2026-01-05
19582,AW00019582,Bethany,Luo,S,F,2026-01-05
19583,AW00019583,Jake,Li,M,M,2026-01-05
19584,AW00019584,Terrance,Sanchez,S,M,2026-01-05
19585,AW00019585,Kristi,Fernandez,S,F,2026-01-05
19586,AW00019586,Alvin,Sharma,S,M,2026-01-05
19587,AW00019587,Alyssa,Martin,M,F,2026-01-05
19588,AW00019588,Raymond,Raman,M,M,2026-01-05
19589,AW00019589,Jake,Huang,M,M,2026-01-05
19590,AW00019590,Martin,Subram,M,M,2026-01-05
19591,AW00019591,Derek,Raji,S,M,2026-01-05
19592,AW00019592,Tara,Xu,S,F,2026-01-05
19593,AW00019593,Carla,Rana,S,F,2026-01-05
19594,AW00019594,Suzanne,Liu,S,F,2026-01-05
19595,AW00019595,Carl,Raji,S,M,2026-01-05
19596,AW00019596,Allen,Fernandez,S,M,2026-01-05
19597,AW00019597,Jay,Martin,M,M,2026-01-05
19598,AW00019598,Kaitlyn,Powell,M,F,2026-01-05
19599,AW00019599,Alvin,Jai,M,M,2026-01-05
19600,AW00019600,Lacey,Andersen,M,F,2026-01-05
19601,AW00019601,Alfredo,Suarez,M,M,2026-01-05
19602,AW00019602,Stanley,Madan,S,M,2026-01-05
19603,AW00019603,Tabitha,Hernandez,S,F,2026-01-05
19604,AW00019604,Wendy,Blanco,S,F,2026-01-05
19605,AW00019605,Brad,Shan,M,M,2026-01-05
19606,AW00019606,Gabriel,Parker,S,M,2026-01-05
19607,AW00019607,Troy,Subram,S,M,2026-01-05
19608,AW00019608,Harold,Prasad,M,M,2026-01-05
19609,AW00019609,Kari,Martinez,S,F,2026-01-05
19610,AW00019610,Deborah,Andersen,M,F,2026-01-05
19611,AW00019611,Meagan,Prasad,S,F,2026-01-05
19612,AW00019612,Marvin,Sanz,S,M,2026-01-05
19613,AW00019613,Ruben,Garcia,S,M,2026-01-05
19614,AW00019614,Wyatt,Williams,S,M,2026-01-05
19615,AW00019615,Franklin,Sun,S,M,2026-01-05
19616,AW00019616,Stefanie,Rana,M,F,2026-01-05
19617,AW00019617,Keith,Nath,M,M,2026-01-05
19618,AW00019618,Ross,Johnsen,M,M,2026-01-05
19619,AW00019619,Eduardo,Morris,M,M,2026-01-05
19620,AW00019620,Andy,Vazquez,S,M,2026-01-05
19621,AW00019621,Mariah,Barnes,M,F,2026-01-05
19622,AW00019622,Roger,Yuan,M,M,2026-01-05
19623,AW00019623,Cristina,Tang,M,F,2026-01-05
19624,AW00019624,Wesley,Zhu,M,M,2026-01-05
19625,AW00019625,Ivan,Gonzalez,S,M,2026-01-05
19626,AW00019626,Bradley,Anand,M,M,2026-01-05
19627,AW00019627,Kari,Blanco,M,F,2026-01-05
19628,AW00019628,Holly,Martinez,S,F,2026-01-05
19629,AW00019629,Theresa,Carlson,M,F,2026-01-05
19630,AW00019630,Jodi,Raje,M,F,2026-01-05
19631,AW00019631,Timothy,Scott,M,M,2026-01-05
19632,AW00019632,Lawrence,Vazquez,S,M,2026-01-05
19633,AW00019633,Destiny,Gray,S,F,2026-01-05
19634,AW00019634,Gregory,Nath,M,M,2026-01-05
19635,AW00019635,Dawn,Shan,S,F,2026-01-05
19636,AW00019636,Jessica,Lee,M,F,2026-01-05
19637,AW00019637,Eduardo,Long,S,M,2026-01-05
19638,AW00019638,Kimberly,Peterson,M,F,2026-01-05
19639,AW00019639,Victor,Gill,S,M,2026-01-05
19640,AW00019640,Richard,Walker,M,M,2026-01-05
19641,AW00019641,Richard,Evans,S,M,2026-01-05
19642,AW00019642,Kaylee,Evans,S,F,2026-01-05
19643,AW00019643,Jacqueline,Watson,M,F,2026-01-05
19644,AW00019644,Gloria,Gill,S,F,2026-01-05
19645,AW00019645,Carlos,Rogers,M,M,2026-01-05
19646,AW00019646,Ian,Lee,S,M,2026-01-05
19647,AW00019647,Hailey,Sanders,S,F,2026-01-05
19648,AW00019648,Lauren,Hall,S,F,2026-01-05
19649,AW00019649,Elizabeth,Martin,S,F,2026-01-05
19650,AW00019650,Sabrina,Sanz,M,F,2026-01-05
19651,AW00019651,Jarrod,Perez,M,M,2026-01-05
19652,AW00019652,Douglas,Rodriguez,S,M,2026-01-05
19653,AW00019653,Tina,Gonzalez,M,F,2026-01-05
19654,AW00019654,Richard,Alexander,M,M,2026-01-05
19655,AW00019655,Cindy,Murphy,S,F,2026-01-05
19656,AW00019656,Sydney,Travers,M,F,2026-01-05
19657,AW00019657,Emily,Griffin,S,F,2026-01-05
19658,AW00019658,Dylan,Russell,S,M,2026-01-05
19659,AW00019659,Wyatt,Robinson,S,M,2026-01-05
19660,AW00019660,Devin,Hill,M,M,2026-01-05
19661,AW00019661,Nathaniel,Cox,S,M,2026-01-05
19662,AW00019662,Lauren,Powell,M,F,2026-01-05
19663,AW00019663,Alex,Allen,M,M,2026-01-05
19664,AW00019664,Ethan,Alexander,S,M,2026-01-05
19665,AW00019665,Eduardo,Gonzales,M,M,2026-01-05
19666,AW00019666,Hailey,Alexander,M,F,2026-01-05
19667,AW00019667,Billy,Carlson,M,M,2026-01-05
19668,AW00019668,Erick,Patel,M,M,2026-01-05
19669,AW00019669,Hailey,Hill,S,F,2026-01-05
19670,AW00019670,Erik,Gutierrez,S,M,2026-01-05
19671,AW00019671,Michael,Davis,M,M,2026-01-05
19672,AW00019672,Rosa,Zhao,M,F,2026-01-05
19673,AW00019673,Mathew,Navarro,M,M,2026-01-05
19674,AW00019674,Casey,Deng,S,F,2026-01-05
19675,AW00019675,Dwayne,Gill,M,M,2026-01-05
19676,AW00019676,Diana,Gutierrez,M,F,2026-01-05
19677,AW00019677,Dylan,Shan,M,M,2026-01-05
19678,AW00019678,Martin,Rodriguez,M,M,2026-01-05
19679,AW00019679,Erick,Rana,M,M,2026-01-05
19680,AW00019680,Jan,King,M,F,2026-01-05
19681,AW00019681,Morgan,King,M,F,2026-01-05
19682,AW00019682,Eric,Kumar,M,M,2026-01-05
19683,AW00019683,Marcus,Parker,M,M,2026-01-05
19684,AW00019684,Alexandra,Lee,S,F,2026-01-05
19685,AW00019685,Brandy,Perez,M,F,2026-01-05
19686,AW00019686,Charles,Hernandez,M,M,2026-01-05
19687,AW00019687,Connor,Coleman,M,M,2026-01-05
19688,AW00019688,Timothy,Baker,M,M,2026-01-05
19689,AW00019689,Elizabeth,Gonzales,S,F,2026-01-05
19690,AW00019690,Robert,White,S,M,2026-01-05
19691,AW00019691,Gabriella,Cox,S,F,2026-01-05
19692,AW00019692,Aaron,Edwards,M,M,2026-01-05
19693,AW00019693,Kayla,Foster,M,F,2026-01-05
19694,AW00019694,Stephanie,Perez,M,F,2026-01-05
19695,AW00019695,Angel,Gonzalez,M,M,2026-01-05
19696,AW00019696,Adam,Patterson,M,M,2026-01-05
19697,AW00019697,Isabella,Wood,S,F,2026-01-05
19698,AW00019698,Stephanie,Barnes,M,F,2026-01-05
19699,AW00019699,Stephanie,James,M,F,2026-01-05
19700,AW00019700,Gabriel,Hall,M,M,2026-01-05
19701,AW00019701,Arianna,Wood,M,F,2026-01-05
19702,AW00019702,Edward,Diaz,M,M,2026-01-05
19703,AW00019703,Katelyn,Baker,M,F,2026-01-05
19704,AW00019704,Nathan,Collins,M,M,2026-01-05
19705,AW00019705,Anna,Hughes,S,F,2026-01-05
19706,AW00019706,Benjamin,Diaz,S,M,2026-01-05
19707,AW00019707,Cole,Cooper,M,M,2026-01-05
19708,AW00019708,April,Luo,M,F,2026-01-05
19709,AW00019709,Christian,Martin,M,M,2026-01-05
19710,AW00019710,Arianna,Gonzales,S,F,2026-01-05
19711,AW00019711,Devin,Cooper,S,M,2026-01-05
19712,AW00019712,Eric,Phillips,M,M,2026-01-05
19713,AW00019713,Morgan,Stewart,M,F,2026-01-05
19714,AW00019714,Angela,Price,S,F,2026-01-05
19715,AW00019715,Elijah,Parker,M,M,2026-01-05
19716,AW00019716,Logan,Martin,S,M,2026-01-05
19717,AW00019717,Edward,Hill,S,M,2026-01-05
19718,AW00019718,Taylor,Butler,M,F,2026-01-05
19719,AW00019719,Hunter,Baker,S,M,2026-01-05
19720,AW00019720,Kaitlyn,Phillips,M,F,2026-01-05
19721,AW00019721,Noah,Allen,S,M,2026-01-05
19722,AW00019722,Dalton,Bailey,M,M,2026-01-05
19723,AW00019723,Olivia,Russell,M,F,2026-01-05
19724,AW00019724,Bryce,Morris,S,M,2026-01-05
19725,AW00019725,Alexandria,Ramirez,M,F,2026-01-05
19726,AW00019726,Javier,Rubio,M,M,2026-01-05
19727,AW00019727,Natasha,Vazquez,M,F,2026-01-05
19728,AW00019728,Wyatt,Edwards,M,M,2026-01-05
19729,AW00019729,Nicole,Patterson,M,F,2026-01-05
19730,AW00019730,Ricardo,Black,M,M,2026-01-05
19731,AW00019731,Jonathan,Allen,M,M,2026-01-05
19732,AW00019732,Kyle,Hill,S,M,2026-01-05
19733,AW00019733,Caitlin,Watson,M,F,2026-01-05
19734,AW00019734,Natalie,Weisman,M,F,2026-01-05
19735,AW00019735,Mackenzie,Reed,M,F,2026-01-05
19736,AW00019736,Rachel,Kelly,M,F,2026-01-05
19737,AW00019737,Erin,Ramirez,S,F,2026-01-05
19738,AW00019738,Henry,Martinez,M,M,2026-01-05
19739,AW00019739,Lucas,Perry,M,M,2026-01-05
19740,AW00019740,Connie,Liang,S,F,2026-01-05
19741,AW00019741,María,Rivera,S,F,2026-01-05
19742,AW00019742,Alexia,Russell,M,F,2026-01-05
19743,AW00019743,Holly,Rana,S,F,2026-01-05
19744,AW00019744,Tamara,Cai,M,F,2026-01-05
19745,AW00019745,Kayla,Simmons,M,F,2026-01-05
19746,AW00019746,Stephanie,Sanders,M,F,2026-01-05
19747,AW00019747,Louis,Rai,M,M,2026-01-05
19748,AW00019748,Cory,Prasad,M,M,2026-01-05
19749,AW00019749,Natalie,Jackson,S,F,2026-01-05
19750,AW00019750,Miguel,Flores,S,M,2026-01-05
19751,AW00019751,Kaylee,Hall,S,F,2026-01-05
19752,AW00019752,Ebony,Madan,M,F,2026-01-05
19753,AW00019753,Lisa,Gao,M,F,2026-01-05
19754,AW00019754,Francisco,Rana,S,M,2026-01-05
19755,AW00019755,Lauren,Foster,M,F,2026-01-05
19756,AW00019756,Nicolas,Yuan,S,M,2026-01-05
19757,AW00019757,Allison,Allen,M,F,2026-01-05
19758,AW00019758,Alex,Wright,S,M,2026-01-05
19759,AW00019759,Sydney,Barnes,M,F,2026-01-05
19760,AW00019760,Sydney,Russell,S,F,2026-01-05
19761,AW00019761,Alan,Lu,M,M,2026-01-05
19762,AW00019762,Warren,Ma,S,M,2026-01-05
19763,AW00019763,Roger,Lu,M,M,2026-01-05
19764,AW00019764,Wayne,Pal,M,M,2026-01-05
19765,AW00019765,Ruben,Patel,M,M,2026-01-05
19766,AW00019766,Edwin,Lin,M,M,2026-01-05
19767,AW00019767,Ross,Serrano,S,M,2026-01-05
19768,AW00019768,Christopher,Jackson,S,M,2026-01-05
19769,AW00019769,Andrea,Peterson,M,F,2026-01-05
19770,AW00019770,Rosa,Liang,M,F,2026-01-05
19771,AW00019771,Tasha,Jai,M,F,2026-01-05
19772,AW00019772,Hector,Vazquez,S,M,2026-01-05
19773,AW00019773,Ricky,Gutierrez,M,M,2026-01-05
19774,AW00019774,Brianna,Davis,M,F,2026-01-05
19775,AW00019775,Alisha,Cai,S,F,2026-01-05
19776,AW00019776,Judith,Murphy,M,F,2026-01-05
19777,AW00019777,Jonathan,Thomas,M,M,2026-01-05
19778,AW00019778,Isabella,Jones,M,F,2026-01-05
19779,AW00019779,Emily,Foster,S,F,2026-01-05
19780,AW00019780,Brianna,White,S,F,2026-01-05
19781,AW00019781,Alexis,Washington,M,F,2026-01-05
19782,AW00019782,Derek,Shan,S,M,2026-01-05
19783,AW00019783,Tony,Kumar,S,M,2026-01-05
19784,AW00019784,Christy,Liu,M,F,2026-01-05
19785,AW00019785,Olivia,Ramirez,M,F,2026-01-05
19786,AW00019786,Robin,Carlson,M,F,2026-01-05
19787,AW00019787,Alex,Hill,S,M,2026-01-05
19788,AW00019788,Kristen,Hu,S,F,2026-01-05
19789,AW00019789,Gloria,Munoz,M,F,2026-01-05
19790,AW00019790,Amy,Wu,S,F,2026-01-05
19791,AW00019791,Warren,Zhou,S,M,2026-01-05
19792,AW00019792,Cristina,Nara,S,F,2026-01-05
19793,AW00019793,Tina,Smith,S,F,2026-01-05
19794,AW00019794,Danny,Ortega,S,M,2026-01-05
19795,AW00019795,Casey,Navarro,M,M,2026-01-05
19796,AW00019796,Marshall,Xie,S,M,2026-01-05
19797,AW00019797,Clarence,Liu,S,M,2026-01-05
19798,AW00019798,Bianca,Ma,M,F,2026-01-05
19799,AW00019799,Austin,Taylor,S,M,2026-01-05
19800,AW00019800,Lauren,White,S,F,2026-01-05
19801,AW00019801,John,Lee,S,M,2026-01-05
19802,AW00019802,Sara,James,S,F,2026-01-05
19803,AW00019803,Jermaine,Mehta,S,M,2026-01-05
19804,AW00019804,Cameron,Foster,S,M,2026-01-05
19805,AW00019805,Mariah,Butler,S,F,2026-01-05
19806,AW00019806,Nancy,Perez,S,F,2026-01-05
19807,AW00019807,Shannon,Zhao,M,F,2026-01-05
19808,AW00019808,Brooke,Kelly,M,F,2026-01-05
19809,AW00019809,Eric,Sharma,M,M,2026-01-05
19810,AW00019810,Oscar,Long,S,M,2026-01-05
19811,AW00019811,Evan,Allen,M,M,2026-01-05
19812,AW00019812,Sydney,Morgan,S,F,2026-01-05
19813,AW00019813,Rebecca,Perez,M,F,2026-01-05
19814,AW00019814,Blake,Washington,M,M,2026-01-05
19815,AW00019815,Christian,Thompson,M,M,2026-01-05
19816,AW00019816,Lucas,Brown,M,M,2026-01-05
19817,AW00019817,Morgan,Flores,S,F,2026-01-05
19818,AW00019818,Brianna,Anderson,M,F,2026-01-05
19819,AW00019819,Andrew,Brown,M,M,2026-01-05
19820,AW00019820,Alexandra,Coleman,M,F,2026-01-05
19821,AW00019821,Tabitha,Vazquez,M,F,2026-01-05
19822,AW00019822,Carlos,Adams,M,M,2026-01-05
19823,AW00019823,Abigail,Foster,M,F,2026-01-05
19824,AW00019824,Jordan,Perry,S,M,2026-01-05
19825,AW00019825,Gilbert,Ferrier,M,M,2026-01-05
19826,AW00019826,Clarence,Zhao,S,M,2026-01-05
19827,AW00019827,Justin,Smith,M,M,2026-01-05
19828,AW00019828,Madison,Wilson,M,F,2026-01-05
19829,AW00019829,Lucas,Mitchell,S,M,2026-01-05
19830,AW00019830,Gabrielle,Long,S,F,2026-01-05
19831,AW00019831,Charles,Green,M,M,2026-01-05
19832,AW00019832,Sheila,Hernandez,M,F,2026-01-05
19833,AW00019833,Michelle,Kelly,M,F,2026-01-05
19834,AW00019834,Johnny,Sharma,M,M,2026-01-05
19835,AW00019835,Jordan,Allen,M,F,2026-01-05
19836,AW00019836,Kevin,Jai,M,M,2026-01-05
19837,AW00019837,Philip,Jimenez,M,M,2026-01-05
19838,AW00019838,Jared,Ramirez,M,M,2026-01-05
19839,AW00019839,Carly,Yuan,M,F,2026-01-05
19840,AW00019840,Jessica,James,M,F,2026-01-05
19841,AW00019841,Alexandria,Jenkins,M,F,2026-01-05
19842,AW00019842,Katherine,Phillips,M,F,2026-01-05
19843,AW00019843,Connor,Kumar,S,M,2026-01-05
19844,AW00019844,Emma,Murphy,M,F,2026-01-05
19845,AW00019845,Fernando,Hernandez,M,M,2026-01-05
19846,AW00019846,Seth,Patterson,M,M,2026-01-05
19847,AW00019847,Brendan,Anand,S,M,2026-01-05
19848,AW00019848,Bryant,Malhotra,M,M,2026-01-05
19849,AW00019849,Jorge,Wu,M,M,2026-01-05
19850,AW00019850,Jeremiah,Hill,M,M,2026-01-05
19851,AW00019851,Louis,Pal,S,M,2026-01-05
19852,AW00019852,Eric,Carter,S,M,2026-01-05
19853,AW00019853,Ricky,Ramos,M,M,2026-01-05
19854,AW00019854,Katherine,Hall,S,F,2026-01-05
19855,AW00019855,John,Smith,M,M,2026-01-05
19856,AW00019856,Tammy,Madan,M,F,2026-01-05
19857,AW00019857,Megan,Rogers,S,F,2026-01-05
19858,AW00019858,Jenna,Collins,M,F,2026-01-05
19859,AW00019859,Lisa,Zhao,M,F,2026-01-05
19860,AW00019860,Sara,Young,S,F,2026-01-05
19861,AW00019861,Caroline,Perry,M,F,2026-01-05
19862,AW00019862,Emily,Harris,M,F,2026-01-05
19863,AW00019863,Paige,Powell,M,F,2026-01-05
19864,AW00019864,Isaiah,Brooks,M,M,2026-01-05
19865,AW00019865,Hailey,Butler,M,F,2026-01-05
19866,AW00019866,Martin,Patel,M,M,2026-01-05
19867,AW00019867,Juan,Sanchez,M,M,2026-01-05
19868,AW00019868,Kyle,Jenkins,S,M,2026-01-05
19869,AW00019869,Carol,Brooks,M,F,2026-01-05
19870,AW00019870,James,Martin,M,M,2026-01-05
19871,AW00019871,Bryce,Rivera,S,M,2026-01-05
19872,AW00019872,Faith,Foster,M,F,2026-01-05
19873,AW00019873,Dylan,Thomas,S,M,2026-01-05
19874,AW00019874,Sara,Rogers,M,F,2026-01-05
19875,AW00019875,Patrick,James,M,M,2026-01-05
19876,AW00019876,Nathan,Edwards,M,M,2026-01-05
19877,AW00019877,Steve,Zheng,M,M,2026-01-05
19878,AW00019878,Morgan,Jackson,M,F,2026-01-05
19879,AW00019879,Ian,Green,M,M,2026-01-05
19880,AW00019880,Emma,Bennett,M,F,2026-01-05
19881,AW00019881,Aidan,Long,M,M,2026-01-05
19882,AW00019882,Richard,Phillips,S,M,2026-01-05
19883,AW00019883,Kevin,Young,M,M,2026-01-05
19884,AW00019884,James,Simmons,M,M,2026-01-05
19885,AW00019885,Isaac,Turner,S,M,2026-01-05
19886,AW00019886,Marcus,Butler,M,M,2026-01-05
19887,AW00019887,Olivia,Walker,M,F,2026-01-05
19888,AW00019888,Carson,Washington,S,M,2026-01-05
19889,AW00019889,Catherine,Sanders,S,F,2026-01-05
19890,AW00019890,Lee,Alvarez,S,M,2026-01-05
19891,AW00019891,Jennifer,Morgan,M,F,2026-01-05
19892,AW00019892,Richard,Campbell,M,M,2026-01-05
19893,AW00019893,Evan,Baker,S,M,2026-01-05
19894,AW00019894,Elijah,Sharma,S,M,2026-01-05
19895,AW00019895,Ricky,Jimenez,M,M,2026-01-05
19896,AW00019896,Kaitlyn,Thomas,M,F,2026-01-05
19897,AW00019897,Gabriella,Nelson,S,F,2026-01-05
19898,AW00019898,Desiree,Serrano,S,F,2026-01-05
19899,AW00019899,Marcus,Richardson,M,M,2026-01-05
19900,AW00019900,Zoe,Richardson,M,F,2026-01-05
19901,AW00019901,Ronald,Sara,M,M,2026-01-05
19902,AW00019902,Johnny,Pal,M,M,2026-01-05
19903,AW00019903,Marcus,Nelson,S,M,2026-01-05
19904,AW00019904,Jasmine,Gray,M,F,2026-01-05
19905,AW00019905,Chelsea,Fernandez,S,F,2026-01-05
19906,AW00019906,Armando,Muñoz,M,M,2026-01-05
19907,AW00019907,Bruce,Diaz,M,M,2026-01-05
19908,AW00019908,Pamela,Prasad,S,F,2026-01-05
19909,AW00019909,Geoffrey,Chandra,M,M,2026-01-05
19910,AW00019910,Orlando,Rubio,M,M,2026-01-05
19911,AW00019911,Valerie,Chen,S,F,2026-01-05
19912,AW00019912,Tara,Xie,M,F,2026-01-05
19913,AW00019913,Jennifer,Perez,M,F,2026-01-05
19914,AW00019914,Willie,Ma,M,M,2026-01-05
19915,AW00019915,Claudia,McDonald,M,F,2026-01-05
19916,AW00019916,Katie,Xie,M,F,2026-01-05
19917,AW00019917,Jenny,Chander,M,F,2026-01-05
19918,AW00019918,Joy,Alonso,M,F,2026-01-05
19919,AW00019919,Rebekah,Johnsen,M,F,2026-01-05
19920,AW00019920,Meredith,Sanchez,S,F,2026-01-05
19921,AW00019921,Cara,Cai,S,F,2026-01-05
19922,AW00019922,Nancy,Gonzalez,S,F,2026-01-05
19923,AW00019923,Joe,Prasad,M,M,2026-01-05
19924,AW00019924,Douglas,Perez,M,M,2026-01-05
19925,AW00019925,Madison,Jenkins,M,F,2026-01-05
19926,AW00019926,Alexandria,Diaz,M,F,2026-01-05
19927,AW00019927,Ruben,Fernandez,M,M,2026-01-05
19928,AW00019928,Jaime,Sanz,M,F,2026-01-05
19929,AW00019929,Dale,Chander,M,M,2026-01-05
19930,AW00019930,Tony,Tang,M,M,2026-01-05
19931,AW00019931,Darryl,Xu,M,M,2026-01-05
19932,AW00019932,Javier,Sanz,S,M,2026-01-05
19933,AW00019933,Nichole,Deng,M,F,2026-01-05
19934,AW00019934,Neil,Blanco,M,M,2026-01-05
19935,AW00019935,Clinton,Navarro,M,M,2026-01-05
19936,AW00019936,Corey,Luo,M,M,2026-01-05
19937,AW00019937,Jimmy,Gomez,S,M,2026-01-05
19938,AW00019938,Chelsea,Patel,M,F,2026-01-05
19939,AW00019939,Alvin,Wang,M,M,2026-01-05
19940,AW00019940,Rosa,Ye,M,F,2026-01-05
19941,AW00019941,Cedric,Liang,S,M,2026-01-05
19942,AW00019942,Armando,Navarro,S,M,2026-01-05
19943,AW00019943,Walter,Carlson,M,M,2026-01-05
19944,AW00019944,Jonathon,Suarez,M,M,2026-01-05
19945,AW00019945,Phillip,Garcia,M,M,2026-01-05
19946,AW00019946,Tamara,Raje,S,F,2026-01-05
19947,AW00019947,Darryl,Liu,S,M,2026-01-05
19948,AW00019948,Lacey,Hu,S,F,2026-01-05
19949,AW00019949,Niñia,Anand,M,F,2026-01-05
19950,AW00019950,Ronnie,Lu,M,M,2026-01-05
19951,AW00019951,Roy,Moreno,S,M,2026-01-05
19952,AW00019952,Adrienne,Martin,S,F,2026-01-05
19953,AW00019953,Darrell,Lal,S,M,2026-01-05
19954,AW00019954,Jose,Carlson,M,M,2026-01-05
19955,AW00019955,Jake,Gao,S,M,2026-01-05
19956,AW00019956,Susan,She,M,F,2026-01-05
19957,AW00019957,Arthur,Mehta,S,M,2026-01-05
19958,AW00019958,Erika,Romero,M,F,2026-01-05
19959,AW00019959,Tabitha,Moreno,S,F,2026-01-05
19960,AW00019960,Phil,Spencer,M,M,2026-01-05
19961,AW00019961,Kristin,She,M,F,2026-01-05
19962,AW00019962,Dominic,Prasad,M,M,2026-01-05
19963,AW00019963,Geoffrey,Fernandez,M,M,2026-01-05
19964,AW00019964,Gloria,Alonso,S,F,2026-01-05
19965,AW00019965,Jay,Lopez,M,M,2026-01-05
19966,AW00019966,Abby,Sanchez,M,F,2026-01-05
19967,AW00019967,Devon,Deng,S,M,2026-01-05
19968,AW00019968,Katrina,Chande,M,F,2026-01-05
19969,AW00019969,Jake,Guo,S,M,2026-01-05
19970,AW00019970,Tanya,Jimenez,S,F,2026-01-05
19971,AW00019971,Jeffery,Lu,S,M,2026-01-05
19972,AW00019972,Lindsay,Chander,M,F,2026-01-05
19973,AW00019973,Colin,Zhu,M,M,2026-01-05
19974,AW00019974,George,Fernandez,M,M,2026-01-05
19975,AW00019975,Brittney,Zhang,S,F,2026-01-05
19976,AW00019976,Tamara,Sun,M,F,2026-01-05
19977,AW00019977,Kristine,Gill,S,F,2026-01-05
19978,AW00019978,Marshall,Yuan,M,M,2026-01-05
19979,AW00019979,Janet,Browning,M,F,2026-01-05
19980,AW00019980,Alexandra,Carter,M,F,2026-01-05
19981,AW00019981,Kelly,Russell,M,F,2026-01-05
19982,AW00019982,Charles,Cox,S,M,2026-01-05
19983,AW00019983,Michael,Martinez,M,M,2026-01-05
19984,AW00019984,Sara,Morris,M,F,2026-01-05
19985,AW00019985,Tamara,Ma,S,F,2026-01-05
19986,AW00019986,Jamie,Huang,S,F,2026-01-05
19987,AW00019987,Taylor,Moore,S,F,2026-01-05
19988,AW00019988,Jordan,Long,M,M,2026-01-05
19989,AW00019989,Ethan,Thompson,M,M,2026-01-05
19990,AW00019990,Peter,Rai,M,M,2026-01-05
19991,AW00019991,Jacob,Thomas,M,M,2026-01-05
19992,AW00019992,Stephanie,Hill,M,F,2026-01-05
19993,AW00019993,Nathan,Russell,M,M,2026-01-05
19994,AW00019994,Madeline,King,S,F,2026-01-05
19995,AW00019995,Jordyn,Gonzales,M,F,2026-01-05
19996,AW00019996,Grant,She,S,M,2026-01-05
19997,AW00019997,Beth,Gill,M,F,2026-01-05
19998,AW00019998,Laura,Liu,S,F,2026-01-05
19999,AW00019999,Danielle,Brooks,S,F,2026-01-05
20000,AW00020000,Elijah,Diaz,M,M,2026-01-05
20001,AW00020001,Jordan,Hill,S,F,2026-01-05
20002,AW00020002,Elizabeth,White,M,F,2026-01-05
20003,AW00020003,Dalton,Gonzalez,S,M,2026-01-05
20004,AW00020004,Kaitlin,Perez,M,F,2026-01-05
20005,AW00020005,Kevin,Zhang,S,M,2026-01-05
20006,AW00020006,Grace,Morris,S,F,2026-01-05
20007,AW00020007,Ashley,Alexander,S,F,2026-01-05
20008,AW00020008,Jack,Foster,M,M,2026-01-05
20009,AW00020009,Noah,Walker,S,M,2026-01-05
20010,AW00020010,Jackson,Carter,M,M,2026-01-05
20011,AW00020011,Eduardo,Sanders,M,M,2026-01-05
20012,AW00020012,Jessica,Robinson,M,F,2026-01-05
20013,AW00020013,Jocelyn,Hughes,S,F,2026-01-05
20014,AW00020014,Anne,Blanco,M,F,2026-01-05
20015,AW00020015,Jenna,King,M,F,2026-01-05
20016,AW00020016,Katherine,Kelly,S,F,2026-01-05
20017,AW00020017,Anna,Sanders,S,F,2026-01-05
20018,AW00020018,Lauren,Gray,M,F,2026-01-05
20019,AW00020019,Brittany,Diaz,M,F,2026-01-05
20020,AW00020020,Jacqueline,Foster,S,F,2026-01-05
20021,AW00020021,Alexander,Jones,M,M,2026-01-05
20022,AW00020022,Arthur,Perry,M,F,2026-01-05
20023,AW00020023,Edward,Hughes,S,M,2026-01-05
20024,AW00020024,Fernando,Miller,S,M,2026-01-05
20025,AW00020025,Bryce,Bell,S,M,2026-01-05
20026,AW00020026,Jasmine,Richardson,S,F,2026-01-05
20027,AW00020027,Danielle,Murphy,M,F,2026-01-05
20028,AW00020028,Angela,Flores,S,F,2026-01-05
20029,AW00020029,Jan,Evans,M,F,2026-01-05
20030,AW00020030,Alexander,Harris,M,M,2026-01-05
20031,AW00020031,Devin,James,S,M,2026-01-05
20032,AW00020032,Marcus,Walker,S,M,2026-01-05
20033,AW00020033,Carlos,Turner,M,M,2026-01-05
20034,AW00020034,Wyatt,Turner,S,M,2026-01-05
20035,AW00020035,Cesar,Fernandez,M,M,2026-01-05
20036,AW00020036,Kate,Tang,M,F,2026-01-05
20037,AW00020037,Alyssa,Sanchez,S,F,2026-01-05
20038,AW00020038,Taylor,Price,S,F,2026-01-05
20039,AW00020039,Stephanie,Evans,S,F,2026-01-05
20040,AW00020040,Victoria,Rivera,S,F,2026-01-05
20041,AW00020041,Joe,Alvarez,S,M,2026-01-05
20042,AW00020042,Brad,Deng,M,M,2026-01-05
20043,AW00020043,Brent,Zheng,S,M,2026-01-05
20044,AW00020044,Jillian,Rana,S,F,2026-01-05
20045,AW00020045,Andres,Shen,M,M,2026-01-05
20046,AW00020046,Peter,She,M,M,2026-01-05
20047,AW00020047,Ronnie,Huang,M,M,2026-01-05
20048,AW00020048,Virginia,Srini,S,F,2026-01-05
20049,AW00020049,Colleen,Chavez,S,F,2026-01-05
20050,AW00020050,Adriana,Prasad,S,F,2026-01-05
20051,AW00020051,Linda,Dominguez,S,F,2026-01-05
20052,AW00020052,Theodore,Ruiz,S,M,2026-01-05
20053,AW00020053,Jessie,Yang,S,M,2026-01-05
20054,AW00020054,Clarence,Nara,S,M,2026-01-05
20055,AW00020055,Ruben,Ruiz,S,M,2026-01-05
20056,AW00020056,Johnny,She,S,M,2026-01-05
20057,AW00020057,Ramon,Zhou,S,M,2026-01-05
20058,AW00020058,Roger,Liu,S,M,2026-01-05
20059,AW00020059,Madison,Washington,M,F,2026-01-05
20060,AW00020060,Kayla,Jackson,S,F,2026-01-05
20061,AW00020061,Sharon,Nath,S,F,2026-01-05
20062,AW00020062,Russell,Carson,S,M,2026-01-05
20063,AW00020063,Kristy,Ortega,S,F,2026-01-05
20064,AW00020064,Whitney,Prasad,S,F,2026-01-05
20065,AW00020065,Grant,Lal,M,M,2026-01-05
20066,AW00020066,Marcus,White,S,M,2026-01-05
20067,AW00020067,Destiny,Thompson,S,F,2026-01-05
20068,AW00020068,Alexandria,Peterson,S,F,2026-01-05
20069,AW00020069,Jessica,Smith,S,F,2026-01-05
20070,AW00020070,Richard,Morris,M,M,2026-01-05
20071,AW00020071,Sean,Campbell,M,M,2026-01-05
20072,AW00020072,Kaitlyn,Martinez,M,F,2026-01-05
20073,AW00020073,Melissa,Cooper,M,F,2026-01-05
20074,AW00020074,Preston,Madan,S,M,2026-01-05
20075,AW00020075,Aaron,Allen,S,M,2026-01-05
20076,AW00020076,Beth,Vazquez,S,F,2026-01-05
20077,AW00020077,Aidan,Coleman,M,M,2026-01-05
20078,AW00020078,Jose,Lee,M,M,2026-01-05
20079,AW00020079,Alexandra,Taylor,M,F,2026-01-05
20080,AW00020080,Maria,Stewart,M,F,2026-01-05
20081,AW00020081,Jerry,Xie,M,M,2026-01-05
20082,AW00020082,Caroline,Henderson,S,F,2026-01-05
20083,AW00020083,Terry,Kumar,M,M,2026-01-05
20084,AW00020084,Alex,Stewart,M,M,2026-01-05
20085,AW00020085,Jessica,Moore,M,F,2026-01-05
20086,AW00020086,Jeremiah,Hayes,M,M,2026-01-05
20087,AW00020087,Seth,Gray,M,M,2026-01-05
20088,AW00020088,Jose,Lewis,M,M,2026-01-05
20089,AW00020089,Luis,Powell,M,M,2026-01-05
20090,AW00020090,Blake,Edwards,M,M,2026-01-05
20091,AW00020091,Andrea,Parker,M,F,2026-01-05
20092,AW00020092,Ethan,Sharma,M,M,2026-01-05
20093,AW00020093,Megan,Clark,M,F,2026-01-05
20094,AW00020094,Lindsey,Chande,M,F,2026-01-05
20095,AW00020095,Ana,Flores,M,F,2026-01-05
20096,AW00020096,Jonathan,Lal,M,M,2026-01-05
20097,AW00020097,Brittany,Griffin,M,F,2026-01-05
20098,AW00020098,Alexis,Lewis,M,F,2026-01-05
20099,AW00020099,Devon,Xie,M,M,2026-01-05
20100,AW00020100,Jesse,Watson,S,M,2026-01-05
20101,AW00020101,Devin,Hayes,M,M,2026-01-05
20102,AW00020102,Arianna,Jenkins,M,F,2026-01-05
20103,AW00020103,William,Robinson,M,M,2026-01-05
20104,AW00020104,Louis,Xu,M,M,2026-01-05
20105,AW00020105,Alexis,Taylor,M,F,2026-01-05
20106,AW00020106,Amber,Hall,M,F,2026-01-05
20107,AW00020107,Danielle,Morris,M,F,2026-01-05
20108,AW00020108,Glenn,Gao,M,M,2026-01-05
20109,AW00020109,Katelyn,Stewart,S,F,2026-01-05
20110,AW00020110,Austin,Perry,M,M,2026-01-05
20111,AW00020111,Brittney,Zhu,M,F,2026-01-05
20112,AW00020112,Shelby,James,S,F,2026-01-05
20113,AW00020113,Christina,Murphy,M,F,2026-01-05
20114,AW00020114,Joseph,Thompson,M,M,2026-01-05
20115,AW00020115,Megan,Jones,M,F,2026-01-05
20116,AW00020116,Hannah,Bryant,M,F,2026-01-05
20117,AW00020117,Brandon,Jenkins,M,M,2026-01-05
20118,AW00020118,Jacqueline,Henderson,M,F,2026-01-05
20119,AW00020119,Carlos,Hernandez,M,M,2026-01-05
20120,AW00020120,Fernando,Hughes,S,M,2026-01-05
20121,AW00020121,Dylan,Butler,M,M,2026-01-05
20122,AW00020122,Jeremy,Bailey,M,M,2026-01-05
20123,AW00020123,Aaron,Gonzalez,M,M,2026-01-05
20124,AW00020124,Natalie,Coleman,M,F,2026-01-05
20125,AW00020125,Natalie,Clark,M,F,2026-01-05
20126,AW00020126,Seth,Carter,M,M,2026-01-05
20127,AW00020127,Carlos,Sanders,M,M,2026-01-05
20128,AW00020128,Ian,Miller,M,M,2026-01-05
20129,AW00020129,Nicole,Stewart,S,F,2026-01-05
20130,AW00020130,Jordan,Nelson,M,M,2026-01-05
20131,AW00020131,Carolyn,Gutierrez,M,F,2026-01-05
20132,AW00020132,Jenny,Shen,M,F,2026-01-05
20133,AW00020133,Jorge,Li,M,M,2026-01-05
20134,AW00020134,Franklin,Zhao,M,M,2026-01-05
20135,AW00020135,Grace,Price,M,F,2026-01-05
20136,AW00020136,Bonnie,Kennedy,M,F,2026-01-05
20137,AW00020137,Jarrod,Fernandez,M,M,2026-01-05
20138,AW00020138,Kendra,Moreno,M,F,2026-01-05
20139,AW00020139,Connor,Wright,M,M,2026-01-05
20140,AW00020140,Joe,Navarro,M,M,2026-01-05
20141,AW00020141,Angelica,Flores,M,F,2026-01-05
20142,AW00020142,Lydia,Lopez,M,F,2026-01-05
20143,AW00020143,Jimmy,Suarez,M,M,2026-01-05
20144,AW00020144,Roger,Lin,M,M,2026-01-05
20145,AW00020145,Fernando,Lee,M,M,2026-01-05
20146,AW00020146,Mackenzie,Hall,M,F,2026-01-05
20147,AW00020147,Tabitha,Ramos,M,F,2026-01-05
20148,AW00020148,Terry,Nath,M,M,2026-01-05
20149,AW00020149,Heidi,Arun,M,F,2026-01-05
20150,AW00020150,Gary,Rubio,M,M,2026-01-05
20151,AW00020151,Jamie,Guo,M,F,2026-01-05
20152,AW00020152,Rafael,She,M,M,2026-01-05
20153,AW00020153,Diane,Sanz,M,F,2026-01-05
20154,AW00020154,Raul,Luo,S,M,2026-01-05
20155,AW00020155,Jay,Fernandez,M,M,2026-01-05
20156,AW00020156,Jay,Madan,S,M,2026-01-05
20157,AW00020157,Riley,Reed,M,F,2026-01-05
20158,AW00020158,Rodney,Blanco,S,M,2026-01-05
20159,AW00020159,Ernest,Zhu,M,M,2026-01-05
20160,AW00020160,George,Garcia,S,M,2026-01-05
20161,AW00020161,Albert,Sanz,S,M,2026-01-05
20162,AW00020162,Kelsey,Nath,M,F,2026-01-05
20163,AW00020163,Krystal,Zhang,M,F,2026-01-05
20164,AW00020164,Carol Ann,Rockne,M,M,2026-01-05
20165,AW00020165,Kristina,Mehta,M,F,2026-01-05
20166,AW00020166,Monique,Gutierrez,S,F,2026-01-05
20167,AW00020167,Joe,Serrano,S,M,2026-01-05
20168,AW00020168,Jessie,Serrano,M,F,2026-01-05
20169,AW00020169,Garrett,Gray,S,M,2026-01-05
20170,AW00020170,Jerome,Martin,M,M,2026-01-05
20171,AW00020171,Bailey,King,M,F,2026-01-05
20172,AW00020172,Kelli,Gao,S,F,2026-01-05
20173,AW00020173,Dennis,Zhao,M,M,2026-01-05
20174,AW00020174,Douglas,Gonzalez,M,M,2026-01-05
20175,AW00020175,Alisha,Lu,S,F,2026-01-05
20176,AW00020176,Antonio,Alexander,S,M,2026-01-05
20177,AW00020177,Kelvin,Li,S,M,2026-01-05
20178,AW00020178,Deborah,Anand,S,F,2026-01-05
20179,AW00020179,Denise,Patel,S,F,2026-01-05
20180,AW00020180,Amanda,Sanders,M,F,2026-01-05
20181,AW00020181,Catherine,Brooks,M,F,2026-01-05
20182,AW00020182,Isabelle,Price,M,F,2026-01-05
20183,AW00020183,Sophia,Allen,M,F,2026-01-05
20184,AW00020184,Jessica,Richardson,M,F,2026-01-05
20185,AW00020185,Xavier,Cooper,S,M,2026-01-05
20186,AW00020186,Connor,Li,M,M,2026-01-05
20187,AW00020187,Robert,King,M,M,2026-01-05
20188,AW00020188,Kimberly,Watson,M,F,2026-01-05
20189,AW00020189,Grace,Hall,S,F,2026-01-05
20190,AW00020190,Angela,Reed,S,F,2026-01-05
20191,AW00020191,Chad,Rai,S,M,2026-01-05
20192,AW00020192,Amber,Campbell,S,F,2026-01-05
20193,AW00020193,Alyssa,Gray,S,F,2026-01-05
20194,AW00020194,Connor,Campbell,M,M,2026-01-05
20195,AW00020195,Blake,Wilson,M,M,2026-01-05
20196,AW00020196,Cameron,Perry,M,M,2026-01-05
20197,AW00020197,Olivia,Johnson,M,F,2026-01-05
20198,AW00020198,Sierra,Evans,S,F,2026-01-05
20199,AW00020199,Hailey,Cook,M,F,2026-01-05
20200,AW00020200,Noah,Gonzales,M,M,2026-01-05
20201,AW00020201,Chloe,Harris,M,F,2026-01-05
20202,AW00020202,Alexandra,Jones,M,F,2026-01-05
20203,AW00020203,Roy,Blanco,M,M,2026-01-05
20204,AW00020204,Renee,Carlson,M,F,2026-01-05
20205,AW00020205,Bryce,Cox,S,M,2026-01-05
20206,AW00020206,Olivia,Murphy,M,F,2026-01-05
20207,AW00020207,Angel,Bailey,M,M,2026-01-05
20208,AW00020208,Austin,Hayes,M,M,2026-01-05
20209,AW00020209,Andrea,Turner,M,F,2026-01-05
20210,AW00020210,Stephanie,Powell,M,F,2026-01-05
20211,AW00020211,Scott,Rodgers,M,M,2026-01-05
20212,AW00020212,Krista,Alonso,M,F,2026-01-05
20213,AW00020213,Gina,Dominguez,S,F,2026-01-05
20214,AW00020214,Trisha,Liu,S,F,2026-01-05
20215,AW00020215,Ioannis,Xylaras,S,F,2026-01-05
20216,AW00020216,Shawn,Chander,M,M,2026-01-05
20217,AW00020217,Valerie,Wang,M,F,2026-01-05
20218,AW00020218,Drew,Xie,M,M,2026-01-05
20219,AW00020219,Colleen,Harrison,M,F,2026-01-05
20220,AW00020220,Wendy,Carlson,S,F,2026-01-05
20221,AW00020221,Kaylee,Sanders,M,F,2026-01-05
20222,AW00020222,Melissa,Morgan,M,F,2026-01-05
20223,AW00020223,Terrance,Malhotra,M,M,2026-01-05
20224,AW00020224,Lawrence,Gill,M,M,2026-01-05
20225,AW00020225,Sharon,Rai,S,F,2026-01-05
20226,AW00020226,Valerie,She,M,F,2026-01-05
20227,AW00020227,Louis,Zhang,M,M,2026-01-05
20228,AW00020228,Raymond,Arthur,M,M,2026-01-05
20229,AW00020229,Austin,Walker,M,M,2026-01-05
20230,AW00020230,Gary,Munoz,M,M,2026-01-05
20231,AW00020231,Kelvin,Zhou,S,M,2026-01-05
20232,AW00020232,Franklin,Chande,M,M,2026-01-05
20233,AW00020233,Jenny,Raje,S,F,2026-01-05
20234,AW00020234,Gerald,Mehta,S,M,2026-01-05
20235,AW00020235,Kenneth,Deng,S,M,2026-01-05
20236,AW00020236,Cesar,Chandra,S,M,2026-01-05
20237,AW00020237,Hunter,Yang,M,M,2026-01-05
20238,AW00020238,Anna,Watson,S,F,2026-01-05
20239,AW00020239,Jill,Ortega,M,F,2026-01-05
20240,AW00020240,Beth,Rubio,M,F,2026-01-05
20241,AW00020241,Cesar,Mehta,M,M,2026-01-05
20242,AW00020242,Christopher,Thomas,M,M,2026-01-05
20243,AW00020243,Tamara,Ye,S,F,2026-01-05
20244,AW00020244,Dawn,Raji,S,F,2026-01-05
20245,AW00020245,Darren,Malhotra,S,M,2026-01-05
20246,AW00020246,Mindy,Xu,M,F,2026-01-05
20247,AW00020247,Kristina,Lopez,S,F,2026-01-05
20248,AW00020248,Gina,Suarez,M,F,2026-01-05
20249,AW00020249,Tasha,Kumar,S,F,2026-01-05
20250,AW00020250,Charles,Garcia,M,M,2026-01-05
20251,AW00020251,Luis,Li,M,M,2026-01-05
20252,AW00020252,Darrell,Raje,M,M,2026-01-05
20253,AW00020253,Veronica,Kapoor,S,F,2026-01-05
20254,AW00020254,Dana,Gutierrez,S,F,2026-01-05
20255,AW00020255,Stephanie,Russell,M,F,2026-01-05
20256,AW00020256,Javier,Serrano,S,M,2026-01-05
20257,AW00020257,Roy,Carlson,S,M,2026-01-05
20258,AW00020258,Katelyn,Ward,S,F,2026-01-05
20259,AW00020259,Jenny,Andersen,S,F,2026-01-05
20260,AW00020260,Ethan,Martinez,S,M,2026-01-05
20261,AW00020261,Mariah,Rivera,M,F,2026-01-05
20262,AW00020262,Brett,Prasad,M,M,2026-01-05
20263,AW00020263,Steve,Zhou,S,M,2026-01-05
20264,AW00020264,Jay,Carlson,S,M,2026-01-05
20265,AW00020265,Clarence,Guo,M,M,2026-01-05
20266,AW00020266,Summer,Gonzalez,M,F,2026-01-05
20267,AW00020267,Monica,Garcia,M,F,2026-01-05
20268,AW00020268,Jorge,He,M,M,2026-01-05
20269,AW00020269,Hunter,Foster,M,M,2026-01-05
20270,AW00020270,Kevin,Phillips,M,M,2026-01-05
20271,AW00020271,Barry,Fernandez,S,M,2026-01-05
20272,AW00020272,Seth,James,S,M,2026-01-05
20273,AW00020273,Katherine,Martin,S,F,2026-01-05
20274,AW00020274,Brent,Wang,M,M,2026-01-05
20275,AW00020275,Angela,Kelly,M,F,2026-01-05
20276,AW00020276,Haley,Sanchez,S,F,2026-01-05
20277,AW00020277,Mary,Hall,M,F,2026-01-05
20278,AW00020278,Alisha,Oliver,M,F,2026-01-05
20279,AW00020279,Trevor,Henderson,S,M,2026-01-05
20280,AW00020280,Joshua,Harris,S,M,2026-01-05
20281,AW00020281,Karl,Xie,S,M,2026-01-05
20282,AW00020282,Trisha,Xu,S,F,2026-01-05
20283,AW00020283,Katie,Shen,M,F,2026-01-05
20284,AW00020284,Deanna,Ashe,S,F,2026-01-05
20285,AW00020285,Aaron,Alexander,M,M,2026-01-05
20286,AW00020286,Stacey,Wu,S,F,2026-01-05
20287,AW00020287,Destiny,Simmons,S,F,2026-01-05
20288,AW00020288,Jeremiah,Edwards,S,M,2026-01-05
20289,AW00020289,Jada,Richardson,S,F,2026-01-05
20290,AW00020290,Austin,Simmons,S,M,2026-01-05
20291,AW00020291,Alexis,Walker,S,F,2026-01-05
20292,AW00020292,Katherine,Ross,S,F,2026-01-05
20293,AW00020293,Rachel,Jackson,S,F,2026-01-05
20294,AW00020294,Julia,Davis,S,F,2026-01-05
20295,AW00020295,Christopher,Brown,M,M,2026-01-05
20296,AW00020296,Morgan,Diaz,S,F,2026-01-05
20297,AW00020297,Valerie,Wu,S,F,2026-01-05
20298,AW00020298,Edgar,Arun,S,M,2026-01-05
20299,AW00020299,Megan,Cook,M,F,2026-01-05
20300,AW00020300,Xavier,Garcia,S,M,2026-01-05
20301,AW00020301,Gloria,Bradley,M,F,2026-01-05
20302,AW00020302,Tasha,Andersen,S,F,2026-01-05
20303,AW00020303,Bryce,Morgan,M,M,2026-01-05
20304,AW00020304,Jesse,Edwards,S,M,2026-01-05
20305,AW00020305,Caleb,Ross,S,M,2026-01-05
20306,AW00020306,Mary,Baker,S,F,2026-01-05
20307,AW00020307,Natalie,Blue,S,F,2026-01-05
20308,AW00020308,Pieter,Uittenbogaard,M,F,2026-01-05
20309,AW00020309,Cristina,Sharma,M,F,2026-01-05
20310,AW00020310,Timothy,Ramirez,S,M,2026-01-05
20311,AW00020311,Cole,Bell,M,M,2026-01-05
20312,AW00020312,Ryan,Lewis,M,M,2026-01-05
20313,AW00020313,Oscar,Bennett,S,M,2026-01-05
20314,AW00020314,Russell,Deng,M,M,2026-01-05
20315,AW00020315,Devin,Ramirez,S,M,2026-01-05
20316,AW00020316,Suzanne,Zhang,S,F,2026-01-05
20317,AW00020317,Alex,Green,M,M,2026-01-05
20318,AW00020318,Amanda,Turner,M,F,2026-01-05
20319,AW00020319,Dylan,Alexander,M,M,2026-01-05
20320,AW00020320,Mindy,Nath,M,F,2026-01-05
20321,AW00020321,Colleen,Chen,M,F,2026-01-05
20322,AW00020322,Rachel,Wood,S,F,2026-01-05
20323,AW00020323,Justin,Coleman,S,M,2026-01-05
20324,AW00020324,Ashley,Rodriguez,M,F,2026-01-05
20325,AW00020325,Charles,Williams,S,M,2026-01-05
20326,AW00020326,Paige,Blue,M,F,2026-01-05
20327,AW00020327,Sophia,Perez,M,F,2026-01-05
20328,AW00020328,Sierra,Carter,M,F,2026-01-05
20329,AW00020329,Jose,Yang,M,M,2026-01-05
20330,AW00020330,Nathan,Thomas,M,M,2026-01-05
20331,AW00020331,Jeremy,Cox,M,M,2026-01-05
20332,AW00020332,Danny,Navarro,M,M,2026-01-05
20333,AW00020333,Abigail,Gonzales,S,F,2026-01-05
20334,AW00020334,Jeremiah,Mitchell,M,M,2026-01-05
20335,AW00020335,Adam,Gonzales,S,M,2026-01-05
20336,AW00020336,Ian,Young,M,M,2026-01-05
20337,AW00020337,Xavier,Hall,M,M,2026-01-05
20338,AW00020338,Anna,James,S,F,2026-01-05
20339,AW00020339,Kaitlyn,Hughes,M,F,2026-01-05
20340,AW00020340,Makayla,Kelly,M,F,2026-01-05
20341,AW00020341,Tyler,Smith,M,M,2026-01-05
20342,AW00020342,Aimee,Lu,M,F,2026-01-05
20343,AW00020343,Sierra,Hill,M,F,2026-01-05
20344,AW00020344,Ashlee,Anand,M,F,2026-01-05
20345,AW00020345,Regina,Martinez,S,F,2026-01-05
20346,AW00020346,Angelica,Washington,S,F,2026-01-05
20347,AW00020347,Savannah,Roberts,M,F,2026-01-05
20348,AW00020348,Chloe,Evans,S,F,2026-01-05
20349,AW00020349,Nicole,Harris,M,F,2026-01-05
20350,AW00020350,Isabella,Campbell,M,F,2026-01-05
20351,AW00020351,Maria,Gonzalez,M,F,2026-01-05
20352,AW00020352,Melissa,Foster,M,F,2026-01-05
20353,AW00020353,Allison,Phillips,S,F,2026-01-05
20354,AW00020354,Austin,Williams,M,M,2026-01-05
20355,AW00020355,Melanie,Gray,S,F,2026-01-05
20356,AW00020356,Louis,Lu,M,M,2026-01-05
20357,AW00020357,Julian,Price,M,F,2026-01-05
20358,AW00020358,Brian,Murphy,M,M,2026-01-05
20359,AW00020359,Rachel,Blue,M,F,2026-01-05
20360,AW00020360,Brianna,Russell,M,F,2026-01-05
20361,AW00020361,Jonathon,Moreno,M,M,2026-01-05
20362,AW00020362,Seth,Gonzalez,M,M,2026-01-05
20363,AW00020363,Alexander,Brown,S,M,2026-01-05
20364,AW00020364,Anna,Jackson,M,F,2026-01-05
20365,AW00020365,Isaac,Scott,M,M,2026-01-05
20366,AW00020366,Marcus,Powell,M,M,2026-01-05
20367,AW00020367,Jessica,Anderson,M,F,2026-01-05
20368,AW00020368,Thomas,Jackson,S,M,2026-01-05
20369,AW00020369,Trevor,Barnes,S,M,2026-01-05
20370,AW00020370,Blake,Young,M,M,2026-01-05
20371,AW00020371,Grace,Bryant,M,F,2026-01-05
20372,AW00020372,Kaitlyn,Edwards,M,F,2026-01-05
20373,AW00020373,Morgan,Williams,M,F,2026-01-05
20374,AW00020374,Fernando,Adams,M,M,2026-01-05
20375,AW00020375,Olivia,Perry,S,F,2026-01-05
20376,AW00020376,Destiny,Lewis,S,F,2026-01-05
20377,AW00020377,Brian,Reed,M,M,2026-01-05
20378,AW00020378,Nathan,Jai,M,M,2026-01-05
20379,AW00020379,Brittney,Chen,S,F,2026-01-05
20380,AW00020380,Catherine,Reed,M,F,2026-01-05
20381,AW00020381,Blake,Bennett,M,M,2026-01-05
20382,AW00020382,Jack,Hernandez,M,M,2026-01-05
20383,AW00020383,Richard,Hernandez,S,M,2026-01-05
20384,AW00020384,Luis,Gonzalez,M,M,2026-01-05
20385,AW00020385,Jason,Patterson,M,M,2026-01-05
20386,AW00020386,Anna,Russell,M,F,2026-01-05
20387,AW00020387,Jordan,Adams,M,M,2026-01-05
20388,AW00020388,Natasha,Gill,M,F,2026-01-05
20389,AW00020389,Lee,Romero,M,M,2026-01-05
20390,AW00020390,Ross,Ramos,S,M,2026-01-05
20391,AW00020391,Meghan,Serrano,M,F,2026-01-05
20392,AW00020392,Destiny,Ramirez,M,F,2026-01-05
20393,AW00020393,Kaitlyn,White,S,F,2026-01-05
20394,AW00020394,Emma,Butler,M,F,2026-01-05
20395,AW00020395,Katherine,Rogers,S,F,2026-01-05
20396,AW00020396,Jason,Simmons,S,M,2026-01-05
20397,AW00020397,Isaiah,Gray,M,M,2026-01-05
20398,AW00020398,Jordan,Collins,S,F,2026-01-05
20399,AW00020399,Benjamin,Rodriguez,M,M,2026-01-05
20400,AW00020400,Sydney,Henderson,M,F,2026-01-05
20401,AW00020401,Hannah,Jenkins,M,F,2026-01-05
20402,AW00020402,Vincent,Liang,M,M,2026-01-05
20403,AW00020403,Mitchell,Lal,M,M,2026-01-05
20404,AW00020404,Jorge,Yang,S,M,2026-01-05
20405,AW00020405,Isaiah,Campbell,S,M,2026-01-05
20406,AW00020406,Felicia,Munoz,M,F,2026-01-05
20407,AW00020407,Kristopher,Vance,M,M,2026-01-05
20408,AW00020408,Isaac,Morgan,S,M,2026-01-05
20409,AW00020409,Sophia,Young,S,F,2026-01-05
20410,AW00020410,Richard,Jackson,M,M,2026-01-05
20411,AW00020411,Cole,James,M,M,2026-01-05
20412,AW00020412,David,Jackson,M,M,2026-01-05
20413,AW00020413,Taylor,Powell,M,F,2026-01-05
20414,AW00020414,Amanda,Bailey,M,F,2026-01-05
20415,AW00020415,Evelyn,Sai,M,F,2026-01-05
20416,AW00020416,Dale,Goel,S,M,2026-01-05
20417,AW00020417,Bruce,Vazquez,M,M,2026-01-05
20418,AW00020418,Joe,Vazquez,M,M,2026-01-05
20419,AW00020419,Billy,Romero,M,M,2026-01-05
20420,AW00020420,Evelyn,Mehta,M,F,2026-01-05
20421,AW00020421,Victoria,Alexander,S,F,2026-01-05
20422,AW00020422,Maria,Brooks,S,F,2026-01-05
20423,AW00020423,Alicia,Goel,S,F,2026-01-05
20424,AW00020424,Marie,Romero,M,F,2026-01-05
20425,AW00020425,Sabrina,Torres,M,F,2026-01-05
20426,AW00020426,Johnathan,Perez,M,M,2026-01-05
20427,AW00020427,Mario,Raje,S,M,2026-01-05
20428,AW00020428,Brent,Ma,M,M,2026-01-05
20429,AW00020429,Curtis,Gao,M,M,2026-01-05
20430,AW00020430,Maurice,Ashe,M,M,2026-01-05
20431,AW00020431,Corey,Raje,S,M,2026-01-05
20432,AW00020432,Juan,Sanders,S,M,2026-01-05
20433,AW00020433,Chloe,Taylor,M,F,2026-01-05
20434,AW00020434,Nathan,Sharma,S,M,2026-01-05
20435,AW00020435,Natalie,Green,M,F,2026-01-05
20436,AW00020436,Anna,Barnes,S,F,2026-01-05
20437,AW00020437,Gabriella,Howard,S,F,2026-01-05
20438,AW00020438,Robert,Scott,S,M,2026-01-05
20439,AW00020439,Chloe,Rogers,M,F,2026-01-05
20440,AW00020440,Alexandra,Hughes,S,F,2026-01-05
20441,AW00020441,Abigail,Henderson,M,F,2026-01-05
20442,AW00020442,Jorge,Chen,M,M,2026-01-05
20443,AW00020443,Adrian,Cox,S,M,2026-01-05
20444,AW00020444,Cara,Zeng,S,F,2026-01-05
20445,AW00020445,Barbara,Deng,M,F,2026-01-05
20446,AW00020446,Clayton,Rai,M,M,2026-01-05
20447,AW00020447,Jodi,Goel,S,F,2026-01-05
20448,AW00020448,Jésus,Blanco,M,M,2026-01-05
20449,AW00020449,Rachel,Walker,S,F,2026-01-05
20450,AW00020450,Edwin,Tang,S,M,2026-01-05
20451,AW00020451,Kelli,Anand,S,F,2026-01-05
20452,AW00020452,Kelli,Xie,S,F,2026-01-05
20453,AW00020453,Bryant,Arun,M,M,2026-01-05
20454,AW00020454,Fernando,Martinez,S,M,2026-01-05
20455,AW00020455,Bruce,Blanco,M,M,2026-01-05
20456,AW00020456,Alfredo,Ramos,S,M,2026-01-05
20457,AW00020457,Alexandra,Morris,M,F,2026-01-05
20458,AW00020458,Erick,Subram,M,M,2026-01-05
20459,AW00020459,Maria,Barnes,M,F,2026-01-05
20460,AW00020460,Wesley,Zeng,M,M,2026-01-05
20461,AW00020461,Mackenzie,Nelson,S,F,2026-01-05
20462,AW00020462,Haley,Mitchell,S,F,2026-01-05
20463,AW00020463,Jasmine,Bryant,M,F,2026-01-05
20464,AW00020464,Amy,Lu,M,F,2026-01-05
20465,AW00020465,Isabel,Henderson,M,F,2026-01-05
20466,AW00020466,Benjamin,Jai,M,M,2026-01-05
20467,AW00020467,Gabrielle,Bennett,M,F,2026-01-05
20468,AW00020468,Olivia,Richardson,M,F,2026-01-05
20469,AW00020469,Manuel,Suri,M,M,2026-01-05
20470,AW00020470,Melissa,Gonzales,S,F,2026-01-05
20471,AW00020471,Carlos,Gonzalez,M,M,2026-01-05
20472,AW00020472,Edward,Coleman,S,M,2026-01-05
20473,AW00020473,Mason,Rivera,M,M,2026-01-05
20474,AW00020474,Edward,Turner,M,M,2026-01-05
20475,AW00020475,Blake,Martinez,M,M,2026-01-05
20476,AW00020476,Destiny,Long,S,F,2026-01-05
20477,AW00020477,Brandon,Washington,S,M,2026-01-05
20478,AW00020478,Jonathan,Moore,M,M,2026-01-05
20479,AW00020479,Andrew,Jackson,M,M,2026-01-05
20480,AW00020480,Carlos,Cox,S,M,2026-01-05
20481,AW00020481,Jordan,Edwards,M,M,2026-01-05
20482,AW00020482,Gina,Diaz,S,F,2026-01-05
20483,AW00020483,Austin,Kumar,M,M,2026-01-05
20484,AW00020484,Gabriella,Morgan,S,F,2026-01-05
20485,AW00020485,Richard,Reed,M,M,2026-01-05
20486,AW00020486,Jack,Butler,M,M,2026-01-05
20487,AW00020487,Alexander,White,M,M,2026-01-05
20488,AW00020488,Cassidy,Foster,M,F,2026-01-05
20489,AW00020489,Jacob,Davis,S,M,2026-01-05
20490,AW00020490,Kaylee,Roberts,M,F,2026-01-05
20491,AW00020491,Dakota,Perry,M,M,2026-01-05
20492,AW00020492,Madison,Martin,M,F,2026-01-05
20493,AW00020493,Matthew,Jackson,M,M,2026-01-05
20494,AW00020494,Jesse,Peterson,M,M,2026-01-05
20495,AW00020495,Wesley,Wang,M,M,2026-01-05
20496,AW00020496,Jada,Roberts,M,F,2026-01-05
20497,AW00020497,Francisco,Javier Castrejón,M,F,2026-01-05
20498,AW00020498,Miguel,Phillips,M,M,2026-01-05
20499,AW00020499,Christian,Robinson,S,M,2026-01-05
20500,AW00020500,Morgan,Butler,M,F,2026-01-05
20501,AW00020501,Morgan,Nelson,M,F,2026-01-05
20502,AW00020502,John,Harris,M,M,2026-01-05
20503,AW00020503,Tony,Jai,M,M,2026-01-05
20504,AW00020504,Rakesh,Tangirala,M,F,2026-01-05
20505,AW00020505,Alexa,Cox,M,F,2026-01-05
20506,AW00020506,Paige,Bradley,M,F,2026-01-05
20507,AW00020507,Joshua,Anderson,M,M,2026-01-05
20508,AW00020508,Logan,Robinson,S,M,2026-01-05
20509,AW00020509,Alexandria,Murphy,M,F,2026-01-05
20510,AW00020510,Caitlin,Cox,M,F,2026-01-05
20511,AW00020511,Matthew,Taylor,M,M,2026-01-05
20512,AW00020512,Sydney,Parker,M,F,2026-01-05
20513,AW00020513,Joseph,Smith,S,M,2026-01-05
20514,AW00020514,Hannah,Griffin,M,F,2026-01-05
20515,AW00020515,Jenna,Edwards,S,F,2026-01-05
20516,AW00020516,Gabriel,Russell,M,M,2026-01-05
20517,AW00020517,Amber,Edwards,M,F,2026-01-05
20518,AW00020518,Desiree,Sanz,M,F,2026-01-05
20519,AW00020519,Trevor,Diaz,M,M,2026-01-05
20520,AW00020520,Cassandra,Srini,S,F,2026-01-05
20521,AW00020521,Gina,Carlson,M,F,2026-01-05
20522,AW00020522,Kevin,Parker,M,M,2026-01-05
20523,AW00020523,Emma,Howard,M,F,2026-01-05
20524,AW00020524,Angelica,Jenkins,S,F,2026-01-05
20525,AW00020525,James,Kumar,M,M,2026-01-05
20526,AW00020526,Brittany,Alexander,S,F,2026-01-05
20527,AW00020527,Sydney,Harris,M,F,2026-01-05
20528,AW00020528,Mason,Adams,M,M,2026-01-05
20529,AW00020529,Destiny,Jackson,S,F,2026-01-05
20530,AW00020530,Mariah,Jenkins,M,F,2026-01-05
20531,AW00020531,James,Young,M,M,2026-01-05
20532,AW00020532,Joan,Watson,M,F,2026-01-05
20533,AW00020533,Luis,Perry,M,M,2026-01-05
20534,AW00020534,Dalton,Lopez,M,M,2026-01-05
20535,AW00020535,Riley,Torres,M,F,2026-01-05
20536,AW00020536,Taylor,Gray,S,F,2026-01-05
20537,AW00020537,Thomas,Evans,S,M,2026-01-05
20538,AW00020538,Hailey,Bennett,M,F,2026-01-05
20539,AW00020539,Luis,Baker,M,M,2026-01-05
20540,AW00020540,Jasmine,Flores,M,F,2026-01-05
20541,AW00020541,Allison,Hernandez,M,F,2026-01-05
20542,AW00020542,Hailey,Green,M,F,2026-01-05
20543,AW00020543,Seth,Miller,M,M,2026-01-05
20544,AW00020544,Dalton,Hall,M,M,2026-01-05
20545,AW00020545,Vanessa,Butler,S,F,2026-01-05
20546,AW00020546,Ruth,Fernandez,M,F,2026-01-05
20547,AW00020547,Ethan,Chen,M,M,2026-01-05
20548,AW00020548,Phillip,Rodriguez,M,M,2026-01-05
20549,AW00020549,Jennifer,Morris,M,F,2026-01-05
20550,AW00020550,Mohamed,Pal,M,F,2026-01-05
20551,AW00020551,Daisy,Blanco,M,F,2026-01-05
20552,AW00020552,Heather,Liang,M,F,2026-01-05
20553,AW00020553,Damien,Xie,M,M,2026-01-05
20554,AW00020554,Donna,Tang,M,F,2026-01-05
20555,AW00020555,Kelvin,Raje,M,M,2026-01-05
20556,AW00020556,Glenn,Sun,M,M,2026-01-05
20557,AW00020557,Lindsay,Lal,M,F,2026-01-05
20558,AW00020558,Brianna,Stewart,M,F,2026-01-05
20559,AW00020559,Isabella,Diaz,M,F,2026-01-05
20560,AW00020560,Mindy,Raji,M,F,2026-01-05
20561,AW00020561,Willie,Liu,S,M,2026-01-05
20562,AW00020562,Jim,Rodman,M,F,2026-01-05
20563,AW00020563,Kendra,Blanco,M,F,2026-01-05
20564,AW00020564,Jessie,Gao,S,M,2026-01-05
20565,AW00020565,Tasha,Yuan,M,F,2026-01-05
20566,AW00020566,George,Mehta,M,M,2026-01-05
20567,AW00020567,Nicolas,Anand,M,M,2026-01-05
20568,AW00020568,Dustin,Raji,M,M,2026-01-05
20569,AW00020569,Patricia,Patel,M,F,2026-01-05
20570,AW00020570,George,Martinez,M,M,2026-01-05
20571,AW00020571,Allison,Gray,S,F,2026-01-05
20572,AW00020572,Caroline,Diaz,M,F,2026-01-05
20573,AW00020573,Megan,Ward,M,F,2026-01-05
20574,AW00020574,Brett,Patel,M,M,2026-01-05
20575,AW00020575,Stacey,Cai,M,F,2026-01-05
20576,AW00020576,Johnathan,Kapoor,S,M,2026-01-05
20577,AW00020577,Sheila,Romero,M,F,2026-01-05
20578,AW00020578,Martin,Kapoor,M,M,2026-01-05
20579,AW00020579,Alexandra,King,M,F,2026-01-05
20580,AW00020580,Ernest,Huang,S,M,2026-01-05
20581,AW00020581,Ruth,Sanchez,M,F,2026-01-05
20582,AW00020582,Desiree,Bradley,S,F,2026-01-05
20583,AW00020583,Kristen,Wang,M,F,2026-01-05
20584,AW00020584,Molly,Schmidt,S,F,2026-01-05
20585,AW00020585,Emily,Lee,M,F,2026-01-05
20586,AW00020586,Clayton,Zhao,M,M,2026-01-05
20587,AW00020587,Shannon,Johnston,M,M,2026-01-05
20588,AW00020588,Nancy,Raman,M,F,2026-01-05
20589,AW00020589,Mackenzie,Rogers,M,F,2026-01-05
20590,AW00020590,Todd,Zhang,M,M,2026-01-05
20591,AW00020591,Kara,Tang,M,F,2026-01-05
20592,AW00020592,Jorge,Liu,M,M,2026-01-05
20593,AW00020593,Joel,Jordan,M,M,2026-01-05
20594,AW00020594,Arthur,Torres,M,M,2026-01-05
20595,AW00020595,Karla,Andersen,S,F,2026-01-05
20596,AW00020596,Janet,Ramos,M,F,2026-01-05
20597,AW00020597,Carly,Beck,M,F,2026-01-05
20598,AW00020598,Jackson,Powell,M,M,2026-01-05
20599,AW00020599,Kyle,Wang,M,M,2026-01-05
20600,AW00020600,Dennis,Hu,S,M,2026-01-05
20601,AW00020601,Carrie,Munoz,M,F,2026-01-05
20602,AW00020602,Casey,Moreno,S,M,2026-01-05
20603,AW00020603,Henry,Sullivan,S,M,2026-01-05
20604,AW00020604,Harold,Martinez,S,M,2026-01-05
20605,AW00020605,Kevin,Yang,S,M,2026-01-05
20606,AW00020606,Jocelyn,Coleman,M,F,2026-01-05
20607,AW00020607,Donna,Raje,S,F,2026-01-05
20608,AW00020608,Cara,Hu,S,F,2026-01-05
20609,AW00020609,Fernando,Bryant,M,M,2026-01-05
20610,AW00020610,Jessie,Zhou,M,M,2026-01-05
20611,AW00020611,Carla,Sullivan,M,F,2026-01-05
20612,AW00020612,Colin,Yang,M,M,2026-01-05
20613,AW00020613,Lindsay,Raje,M,F,2026-01-05
20614,AW00020614,Gregory,Shan,S,M,2026-01-05
20615,AW00020615,Laura,Wu,S,F,2026-01-05
20616,AW00020616,Kristi,Serrano,S,F,2026-01-05
20617,AW00020617,Chloe,Johnson,S,F,2026-01-05
20618,AW00020618,Marie,Rubio,S,F,2026-01-05
20619,AW00020619,Maurice,Raji,S,M,2026-01-05
20620,AW00020620,Victoria,Cook,S,F,2026-01-05
20621,AW00020621,Meredith,Alonso,M,F,2026-01-05
20622,AW00020622,Jerome,Suarez,M,M,2026-01-05
20623,AW00020623,Ruth,Garcia,M,F,2026-01-05
20624,AW00020624,Deborah,Shan,S,F,2026-01-05
20625,AW00020625,Rafael,Yuan,M,M,2026-01-05
20626,AW00020626,Jarrod,Sara,M,M,2026-01-05
20627,AW00020627,Theresa,Navarro,M,F,2026-01-05
20628,AW00020628,Rodney,Gutierrez,S,M,2026-01-05
20629,AW00020629,Bonnie,Raje,M,F,2026-01-05
20630,AW00020630,Diane,Alonso,M,F,2026-01-05
20631,AW00020631,Gerald,Dominguez,S,M,2026-01-05
20632,AW00020632,Marcus,Stewart,S,M,2026-01-05
20633,AW00020633,Luke,Collins,M,M,2026-01-05
20634,AW00020634,Stephanie,Bryant,M,F,2026-01-05
20635,AW00020635,Nathan,Young,M,M,2026-01-05
20636,AW00020636,Olivia,Patterson,M,F,2026-01-05
20637,AW00020637,John,Brown,M,M,2026-01-05
20638,AW00020638,Thomas,Collins,S,M,2026-01-05
20639,AW00020639,Emily,Ross,M,F,2026-01-05
20640,AW00020640,Noah,Turner,M,M,2026-01-05
20641,AW00020641,Isabella,Robinson,S,F,2026-01-05
20642,AW00020642,Patricia,Prasad,S,F,2026-01-05
20643,AW00020643,Abigail,Patterson,M,F,2026-01-05
20644,AW00020644,Patrick,Brooks,S,M,2026-01-05
20645,AW00020645,Xavier,Stewart,M,M,2026-01-05
20646,AW00020646,Ryan,Chen,M,M,2026-01-05
20647,AW00020647,Jared,Bailey,M,M,2026-01-05
20648,AW00020648,Jordan,Mitchell,M,M,2026-01-05
20649,AW00020649,Natalie,Ramirez,S,F,2026-01-05
20650,AW00020650,Bryan,Gray,M,M,2026-01-05
20651,AW00020651,Timothy,Cooper,M,M,2026-01-05
20652,AW00020652,Amanda,Scott,M,F,2026-01-05
20653,AW00020653,Jessica,White,M,F,2026-01-05
20654,AW00020654,Taylor,Murphy,M,F,2026-01-05
20655,AW00020655,Edward,Butler,M,M,2026-01-05
20656,AW00020656,Marcus,Perry,M,M,2026-01-05
20657,AW00020657,Blake,Russell,S,M,2026-01-05
20658,AW00020658,Kaylee,Campbell,M,F,2026-01-05
20659,AW00020659,Xavier,Baker,M,M,2026-01-05
20660,AW00020660,Christina,Cox,M,F,2026-01-05
20661,AW00020661,Taylor,Diaz,M,F,2026-01-05
20662,AW00020662,Taylor,Perry,M,F,2026-01-05
20663,AW00020663,Kaitlyn,Stewart,S,F,2026-01-05
20664,AW00020664,Isaiah,Watson,M,M,2026-01-05
20665,AW00020665,James,Evans,S,M,2026-01-05
20666,AW00020666,Lacey,Rai,S,F,2026-01-05
20667,AW00020667,Jodi,Pal,S,F,2026-01-05
20668,AW00020668,Eric,Rothenberg,S,F,2026-01-05
20669,AW00020669,Rachel,Ross,S,F,2026-01-05
20670,AW00020670,Julia,Cox,M,F,2026-01-05
20671,AW00020671,Ronald,Sanchez,M,M,2026-01-05
20672,AW00020672,Fernando,Ross,S,M,2026-01-05
20673,AW00020673,Dylan,Washington,M,M,2026-01-05
20674,AW00020674,Samuel,Butler,S,M,2026-01-05
20675,AW00020675,Natalie,Martin,S,F,2026-01-05
20676,AW00020676,Carlos,Parker,M,M,2026-01-05
20677,AW00020677,Trinity,Bailey,S,F,2026-01-05
20678,AW00020678,Martha,Lin,S,F,2026-01-05
20679,AW00020679,Dakota,Jenkins,M,M,2026-01-05
20680,AW00020680,Ashley,Anderson,S,F,2026-01-05
20681,AW00020681,Walter,Moreno,S,M,2026-01-05
20682,AW00020682,John,Davis,M,M,2026-01-05
20683,AW00020683,Amanda,Mitchell,M,F,2026-01-05
20684,AW00020684,Olivia,Lee,M,F,2026-01-05
20685,AW00020685,Mariah,Powell,M,F,2026-01-05
20686,AW00020686,Lucas,Nelson,S,M,2026-01-05
20687,AW00020687,Rebecca,Campbell,S,F,2026-01-05
20688,AW00020688,Steven,Ramirez,M,M,2026-01-05
20689,AW00020689,Connor,Green,M,M,2026-01-05
20690,AW00020690,Nathaniel,Torres,M,M,2026-01-05
20691,AW00020691,Eduardo,Smith,M,M,2026-01-05
20692,AW00020692,John,Lewis,M,M,2026-01-05
20693,AW00020693,Zachary,Perry,S,M,2026-01-05
20694,AW00020694,Daniel,Anderson,M,M,2026-01-05
20695,AW00020695,Joshua,Brown,M,M,2026-01-05
20696,AW00020696,Ethan,Gonzales,M,M,2026-01-05
20697,AW00020697,Stefanie,Schmidt,M,F,2026-01-05
20698,AW00020698,Darren,Chandra,M,M,2026-01-05
20699,AW00020699,Hunter,Wang,S,M,2026-01-05
20700,AW00020700,Marcus,Scott,M,M,2026-01-05
20701,AW00020701,Liz,Anderson,S,F,2026-01-05
20702,AW00020702,Oscar,Ross,S,M,2026-01-05
20703,AW00020703,Seth,White,S,M,2026-01-05
20704,AW00020704,Shane,Rodriguez,M,M,2026-01-05
20705,AW00020705,Kevin,Roberts,M,M,2026-01-05
20706,AW00020706,Haley,Gonzalez,S,F,2026-01-05
20707,AW00020707,Danielle,Stewart,S,F,2026-01-05
20708,AW00020708,Devin,Thompson,S,M,2026-01-05
20709,AW00020709,Samuel,Evans,M,M,2026-01-05
20710,AW00020710,Andres,Raje,M,M,2026-01-05
20711,AW00020711,Ebony,Sanz,M,F,2026-01-05
20712,AW00020712,Colin,Huang,M,M,2026-01-05
20713,AW00020713,Kathleen,Gill,S,F,2026-01-05
20714,AW00020714,Christine,Beck,S,F,2026-01-05
20715,AW00020715,Henry,Kapoor,S,M,2026-01-05
20716,AW00020716,Kristina,Arun,M,F,2026-01-05
20717,AW00020717,Chelsea,Ray,S,F,2026-01-05
20718,AW00020718,Ricky,Ruiz,S,M,2026-01-05
20719,AW00020719,Lawrence,Alvarez,S,M,2026-01-05
20720,AW00020720,Regina,Subram,S,F,2026-01-05
20721,AW00020721,Hailey,Perry,S,F,2026-01-05
20722,AW00020722,Kellie,Serrano,S,F,2026-01-05
20723,AW00020723,Cedric,Zhu,S,M,2026-01-05
20724,AW00020724,Ebony,Vance,S,F,2026-01-05
20725,AW00020725,Linda,Romero,S,F,2026-01-05
20726,AW00020726,Beth,Romero,S,F,2026-01-05
20727,AW00020727,Arturo,Ye,S,M,2026-01-05
20728,AW00020728,Cedric,Chande,S,M,2026-01-05
20729,AW00020729,Aimee,Zhou,M,F,2026-01-05
20730,AW00020730,Aaron,Shan,S,M,2026-01-05
20731,AW00020731,Andre,Kovár,S,M,2026-01-05
20732,AW00020732,Joshua,Walker,S,M,2026-01-05
20733,AW00020733,Sheena,Luo,S,F,2026-01-05
20734,AW00020734,Luis,Phillips,M,M,2026-01-05
20735,AW00020735,Caitlin,Cooper,M,F,2026-01-05
20736,AW00020736,Alexandra,Howard,S,F,2026-01-05
20737,AW00020737,Victoria,Griffin,M,F,2026-01-05
20738,AW00020738,Alex,Kelly,M,M,2026-01-05
20739,AW00020739,Kaitlyn,Carter,S,F,2026-01-05
20740,AW00020740,Kathryn,Sharma,M,F,2026-01-05
20741,AW00020741,Jocelyn,Foster,S,F,2026-01-05
20742,AW00020742,Isabella,Stewart,M,F,2026-01-05
20743,AW00020743,Arianna,Howard,M,F,2026-01-05
20744,AW00020744,Amanda,Barnes,M,F,2026-01-05
20745,AW00020745,Mariah,Price,M,F,2026-01-05
20746,AW00020746,Christina,Torres,M,F,2026-01-05
20747,AW00020747,Melody,Vazquez,M,F,2026-01-05
20748,AW00020748,Stephanie,Watson,S,F,2026-01-05
20749,AW00020749,Joan,Morgan,M,F,2026-01-05
20750,AW00020750,Katherine,King,M,F,2026-01-05
20751,AW00020751,Jermaine,Arthur,M,M,2026-01-05
20752,AW00020752,Christian,Simmons,M,M,2026-01-05
20753,AW00020753,Taylor,Kelly,M,F,2026-01-05
20754,AW00020754,Ian,Davis,M,M,2026-01-05
20755,AW00020755,Alex,Lopez,M,M,2026-01-05
20756,AW00020756,Marcus,Griffin,M,M,2026-01-05
20757,AW00020757,Alexia,Powell,M,F,2026-01-05
20758,AW00020758,Jesse,Sanders,M,M,2026-01-05
20759,AW00020759,Teresa,Serrano,M,F,2026-01-05
20760,AW00020760,Thomas,Alexander,M,M,2026-01-05
20761,AW00020761,Jonathan,Washington,M,M,2026-01-05
20762,AW00020762,Jennifer,King,M,F,2026-01-05
20763,AW00020763,Lucas,Carter,M,M,2026-01-05
20764,AW00020764,Christian,Taylor,M,M,2026-01-05
20765,AW00020765,Wyatt,Lopez,M,M,2026-01-05
20766,AW00020766,Charles,Morgan,M,M,2026-01-05
20767,AW00020767,Rachel,Thomas,S,F,2026-01-05
20768,AW00020768,Marshall,Nara,S,M,2026-01-05
20769,AW00020769,Michelle,Sanders,M,F,2026-01-05
20770,AW00020770,Carlos,Mitchell,M,M,2026-01-05
20771,AW00020771,Madeline,Edwards,M,F,2026-01-05
20772,AW00020772,Samantha,Garcia,S,F,2026-01-05
20773,AW00020773,Natalie,Rodriguez,S,F,2026-01-05
20774,AW00020774,Anthony,Miller,S,M,2026-01-05
20775,AW00020775,Bruce,Alonso,M,M,2026-01-05
20776,AW00020776,Haley,Long,M,F,2026-01-05
20777,AW00020777,Carly,Sharma,M,F,2026-01-05
20778,AW00020778,Seth,Ramirez,M,M,2026-01-05
20779,AW00020779,Maria,Russell,M,F,2026-01-05
20780,AW00020780,Michael,White,M,M,2026-01-05
20781,AW00020781,Kayla,Lee,M,F,2026-01-05
20782,AW00020782,Alan,Ye,M,M,2026-01-05
20783,AW00020783,Amanda,Collins,M,F,2026-01-05
20784,AW00020784,Eduardo,Walker,M,M,2026-01-05
20785,AW00020785,Isabella,Taylor,S,F,2026-01-05
20786,AW00020786,Marcus,Perez,M,M,2026-01-05
20787,AW00020787,Bridget,Pal,M,F,2026-01-05
20788,AW00020788,Sara,Gonzalez,S,F,2026-01-05
20789,AW00020789,Miguel,Williams,M,M,2026-01-05
20790,AW00020790,Kayla,Harrison,M,F,2026-01-05
20791,AW00020791,Ryan,Patterson,M,M,2026-01-05
20792,AW00020792,Hailey,Rivera,M,F,2026-01-05
20793,AW00020793,Gary,Martin,S,M,2026-01-05
20794,AW00020794,Brenda,Rana,M,F,2026-01-05
20795,AW00020795,Emmanuel,Subram,S,M,2026-01-05
20796,AW00020796,Claudia,Guo,S,F,2026-01-05
20797,AW00020797,Dawn,Hu,M,F,2026-01-05
20798,AW00020798,Mathew,Munoz,M,M,2026-01-05
20799,AW00020799,Peter,Raje,M,M,2026-01-05
20800,AW00020800,Connor,Jenkins,M,M,2026-01-05
20801,AW00020801,Ronald,Chandra,S,M,2026-01-05
20802,AW00020802,Jon,Li,S,M,2026-01-05
20803,AW00020803,Nicole,Rodriguez,S,F,2026-01-05
20804,AW00020804,Katelyn,Torres,M,F,2026-01-05
20805,AW00020805,Brandon,Williams,M,M,2026-01-05
20806,AW00020806,James,Lopez,M,M,2026-01-05
20807,AW00020807,Jordan,Foster,M,M,2026-01-05
20808,AW00020808,Julie,Jai,M,F,2026-01-05
20809,AW00020809,Benjamin,Anderson,M,M,2026-01-05
20810,AW00020810,Brittney,He,M,F,2026-01-05
20811,AW00020811,Calvin,Shan,S,M,2026-01-05
20812,AW00020812,Preston,Prasad,S,M,2026-01-05
20813,AW00020813,Michael,Rothkugel,M,M,2026-01-05
20814,AW00020814,Margaret,Lu,S,F,2026-01-05
20815,AW00020815,Tracy,Andersen,S,F,2026-01-05
20816,AW00020816,Connor,Ross,M,M,2026-01-05
20817,AW00020817,Geoffrey,Rodriguez,S,M,2026-01-05
20818,AW00020818,Rachel,Powell,S,F,2026-01-05
20819,AW00020819,Raymond,Madan,S,M,2026-01-05
20820,AW00020820,Kathleen,Rubio,M,F,2026-01-05
20821,AW00020821,Hany,Morcos,M,M,2026-01-05
20822,AW00020822,Shannon,Ruiz,S,M,2026-01-05
20823,AW00020823,Troy,Martinez,M,M,2026-01-05
20824,AW00020824,Derek,Xu,S,M,2026-01-05
20825,AW00020825,Pamela,Kapoor,M,F,2026-01-05
20826,AW00020826,Jillian,Raman,S,F,2026-01-05
20827,AW00020827,Jillian,Perez,S,F,2026-01-05
20828,AW00020828,Jaclyn,Shan,M,F,2026-01-05
20829,AW00020829,Andy,Diaz,M,M,2026-01-05
20830,AW00020830,Whitney,Martinez,M,F,2026-01-05
20831,AW00020831,Drew,Xu,M,M,2026-01-05
20832,AW00020832,Kelvin,Tang,S,M,2026-01-05
20833,AW00020833,Douglas,Sai,S,M,2026-01-05
20834,AW00020834,Brenda,Kapoor,S,F,2026-01-05
20835,AW00020835,Ruben,Gutierrez,M,M,2026-01-05
20836,AW00020836,Stanley,Chandra,M,M,2026-01-05
20837,AW00020837,Jimmy,Rubio,M,M,2026-01-05
20838,AW00020838,Chloe,Jones,S,F,2026-01-05
20839,AW00020839,Courtney,Lopez,S,F,2026-01-05
20840,AW00020840,Alison,Xie,S,F,2026-01-05
20841,AW00020841,Jésus,Alonso,S,M,2026-01-05
20842,AW00020842,Tyrone,Moreno,S,M,2026-01-05
20843,AW00020843,Jose,Shan,M,M,2026-01-05
20844,AW00020844,Nicolas,Pal,M,M,2026-01-05
20845,AW00020845,Barry,Malhotra,M,M,2026-01-05
20846,AW00020846,Lee,Alonso,M,M,2026-01-05
20847,AW00020847,Kyle,Young,M,M,2026-01-05
20848,AW00020848,Vincent,Liu,M,M,2026-01-05
20849,AW00020849,Faith,Washington,S,F,2026-01-05
20850,AW00020850,Lance,Navarro,M,M,2026-01-05
20851,AW00020851,Frank,Sanz,S,M,2026-01-05
20852,AW00020852,Yolanda,Raje,M,F,2026-01-05
20853,AW00020853,Jarrod,Rana,M,M,2026-01-05
20854,AW00020854,Kara,Raji,S,F,2026-01-05
20855,AW00020855,Abigail,Ross,M,F,2026-01-05
20856,AW00020856,Tiffany,Hu,S,F,2026-01-05
20857,AW00020857,Jerry,Becker,S,M,2026-01-05
20858,AW00020858,Damien,Stone,M,M,2026-01-05
20859,AW00020859,Roy,Romero,S,M,2026-01-05
20860,AW00020860,Preston,Lopez,S,M,2026-01-05
20861,AW00020861,Nicolas,Nara,M,M,2026-01-05
20862,AW00020862,Marshall,Sutton,M,M,2026-01-05
20863,AW00020863,Erica,Xu,M,F,2026-01-05
20864,AW00020864,Grace,Howard,M,F,2026-01-05
20865,AW00020865,Luis,Ross,M,M,2026-01-05
20866,AW00020866,David,Jones,M,M,2026-01-05
20867,AW00020867,Noah,Johnson,M,M,2026-01-05
20868,AW00020868,Misty,Shan,M,F,2026-01-05
20869,AW00020869,David,Martinez,S,M,2026-01-05
20870,AW00020870,Jaime,Moreno,S,F,2026-01-05
20871,AW00020871,Adriana,Arthur,S,F,2026-01-05
20872,AW00020872,Theodore,Moreno,S,M,2026-01-05
20873,AW00020873,Joel,Subram,M,M,2026-01-05
20874,AW00020874,Edwin,Lal,S,M,2026-01-05
20875,AW00020875,Julia,Washington,M,F,2026-01-05
20876,AW00020876,Jackson,Alexander,S,M,2026-01-05
20877,AW00020877,Richard,Ross,S,M,2026-01-05
20878,AW00020878,Erika,Ortega,M,F,2026-01-05
20879,AW00020879,Pamela,Sanchez,M,F,2026-01-05
20880,AW00020880,Isabella,Washington,S,F,2026-01-05
20881,AW00020881,Wendy,Navarro,S,F,2026-01-05
20882,AW00020882,Sabrina,Suarez,M,F,2026-01-05
20883,AW00020883,Latoya,Rai,M,F,2026-01-05
20884,AW00020884,Darren,Schmidt,S,M,2026-01-05
20885,AW00020885,Terry,Xie,S,M,2026-01-05
20886,AW00020886,Bruce,Raman,M,M,2026-01-05
20887,AW00020887,Damien,Li,S,M,2026-01-05
20888,AW00020888,Clayton,Raje,S,M,2026-01-05
20889,AW00020889,Manuel,Patel,S,M,2026-01-05
20890,AW00020890,Clayton,Anand,S,M,2026-01-05
20891,AW00020891,Darrell,Anand,M,M,2026-01-05
20892,AW00020892,Henry,Sara,M,M,2026-01-05
20893,AW00020893,Robert,Hall,M,M,2026-01-05
20894,AW00020894,Alyssa,Thomas,S,F,2026-01-05
20895,AW00020895,Ruben,Jimenez,S,M,2026-01-05
20896,AW00020896,Arthur,Sai,M,M,2026-01-05
20897,AW00020897,Mayra,Sai,M,F,2026-01-05
20898,AW00020898,Grant,Ferrier,M,M,2026-01-05
20899,AW00020899,Angela,Cook,S,F,2026-01-05
20900,AW00020900,Natalie,Russell,S,F,2026-01-05
20901,AW00020901,Chad,Xu,S,M,2026-01-05
20902,AW00020902,Shane,Subram,M,M,2026-01-05
20903,AW00020903,Robyn,Diaz,M,F,2026-01-05
20904,AW00020904,Ebony,Gomez,M,F,2026-01-05
20905,AW00020905,Jessie,Munoz,S,F,2026-01-05
20906,AW00020906,Briana,Ruiz,S,F,2026-01-05
20907,AW00020907,Terrence,Shan,S,M,2026-01-05
20908,AW00020908,Wyatt,Foster,S,M,2026-01-05
20909,AW00020909,Kelly,Weadock,S,F,2026-01-05
20910,AW00020910,Carolyn,Malhotra,M,F,2026-01-05
20911,AW00020911,Katrina,Raje,M,F,2026-01-05
20912,AW00020912,Christy,Hu,M,F,2026-01-05
20913,AW00020913,Wesley,Liu,S,M,2026-01-05
20914,AW00020914,Gilbert,Zeng,M,M,2026-01-05
20915,AW00020915,Latasha,Carlson,S,F,2026-01-05
20916,AW00020916,Kathleen,Carlson,S,F,2026-01-05
20917,AW00020917,Tonya,Tang,M,F,2026-01-05
20918,AW00020918,Neil,Ramos,M,M,2026-01-05
20919,AW00020919,Gretchen,Rivas,S,F,2026-01-05
20920,AW00020920,Jaclyn,Rai,S,F,2026-01-05
20921,AW00020921,Melinda,Carlson,M,F,2026-01-05
20922,AW00020922,Clayton,Wagner,M,M,2026-01-05
20923,AW00020923,Isabella,Powell,M,F,2026-01-05
20924,AW00020924,Alberto,Sanz,S,M,2026-01-05
20925,AW00020925,Kristin,Xu,S,F,2026-01-05
20926,AW00020926,Jeffery,Guo,S,M,2026-01-05
20927,AW00020927,Tammy,Martinez,S,F,2026-01-05
20928,AW00020928,Raymond,Kapoor,S,M,2026-01-05
20929,AW00020929,Darryl,Zeng,S,M,2026-01-05
20930,AW00020930,Drew,Chande,M,M,2026-01-05
20931,AW00020931,Brian,Sanchez,M,M,2026-01-05
20932,AW00020932,Cole,Kelly,S,M,2026-01-05
20933,AW00020933,Laura,Li,S,F,2026-01-05
20934,AW00020934,Haley,Young,S,F,2026-01-05
20935,AW00020935,Desiree,Jimenez,S,F,2026-01-05
20936,AW00020936,Christy,Cai,S,F,2026-01-05
20937,AW00020937,Natalie,Williams,S,F,2026-01-05
20938,AW00020938,Carolyn,Rowe,S,F,2026-01-05
20939,AW00020939,Joshua,Johnson,S,M,2026-01-05
20940,AW00020940,Jillian,Rodriguez,S,F,2026-01-05
20941,AW00020941,Arturo,Guo,M,M,2026-01-05
20942,AW00020942,Tasha,Sharma,S,F,2026-01-05
20943,AW00020943,Brett,Rana,S,M,2026-01-05
20944,AW00020944,Rebecca,Hernandez,S,F,2026-01-05
20945,AW00020945,Roger,Tang,S,M,2026-01-05
20946,AW00020946,Abby,Chandra,S,F,2026-01-05
20947,AW00020947,Marie,Alvarez,S,F,2026-01-05
20948,AW00020948,Xavier,White,S,M,2026-01-05
20949,AW00020949,Sandra,Liang,S,F,2026-01-05
20950,AW00020950,Albert,Suarez,S,M,2026-01-05
20951,AW00020951,Darrell,Jai,S,M,2026-01-05
20952,AW00020952,Micah,Ye,S,M,2026-01-05
20953,AW00020953,Neil,Rubio,S,M,2026-01-05
20954,AW00020954,Nathan,Foster,S,M,2026-01-05
20955,AW00020955,Dawn,Pal,S,F,2026-01-05
20956,AW00020956,Kristy,Alonso,S,F,2026-01-05
20957,AW00020957,Darren,Kapoor,S,M,2026-01-05
20958,AW00020958,Gerald,Alonso,S,M,2026-01-05
20959,AW00020959,Ruben,Arun,M,M,2026-01-05
20960,AW00020960,Darrell,Beck,S,M,2026-01-05
20961,AW00020961,Keith,Goldberg,M,M,2026-01-05
20962,AW00020962,Sharon,Xie,M,F,2026-01-05
20963,AW00020963,Teresa,Dominguez,M,F,2026-01-05
20964,AW00020964,Emily,Butler,S,F,2026-01-05
20965,AW00020965,Cynthia,Subram,M,F,2026-01-05
20966,AW00020966,Virginia,Madan,M,F,2026-01-05
20967,AW00020967,Casey,Rowe,M,M,2026-01-05
20968,AW00020968,Arturo,Yuan,M,M,2026-01-05
20969,AW00020969,Ashley,Foster,M,F,2026-01-05
20970,AW00020970,Isaiah,Richardson,S,M,2026-01-05
20971,AW00020971,Preston,Suri,S,M,2026-01-05
20972,AW00020972,Francisco,Vance,M,M,2026-01-05
20973,AW00020973,April,Andersen,M,F,2026-01-05
20974,AW00020974,George,Subram,M,M,2026-01-05
20975,AW00020975,Jerry,Andersen,M,M,2026-01-05
20976,AW00020976,Jaclyn,Kumar,M,F,2026-01-05
20977,AW00020977,Mario,Andersen,M,M,2026-01-05
20978,AW00020978,Bruce,Srini,M,M,2026-01-05
20979,AW00020979,Diane,Jimenez,M,F,2026-01-05
20980,AW00020980,Matthew,Miller,S,M,2026-01-05
20981,AW00020981,Craig,Romero,M,M,2026-01-05
20982,AW00020982,Arthur,Jiménez,S,M,2026-01-05
20983,AW00020983,Meredith,Vance,S,F,2026-01-05
20984,AW00020984,Sabrina,Rubio,M,F,2026-01-05
20985,AW00020985,Autumn,Liu,M,F,2026-01-05
20986,AW00020986,Brandi,Blanco,M,F,2026-01-05
20987,AW00020987,Marshall,Zeng,S,M,2026-01-05
20988,AW00020988,Anna,Martin,M,F,2026-01-05
20989,AW00020989,Cassandra,Sara,M,F,2026-01-05
20990,AW00020990,Mayra,Raman,M,F,2026-01-05
20991,AW00020991,Frederick,Sai,M,M,2026-01-05
20992,AW00020992,Julio,Serrano,M,M,2026-01-05
20993,AW00020993,Mitchell,Xie,S,M,2026-01-05
20994,AW00020994,Autumn,Ma,M,F,2026-01-05
20995,AW00020995,Danny,Suarez,S,M,2026-01-05
20996,AW00020996,Keith,Shan,S,M,2026-01-05
20997,AW00020997,Joanna,Ashe,M,F,2026-01-05
20998,AW00020998,Eugene,She,M,M,2026-01-05
20999,AW00020999,Carolyn,Garcia,M,F,2026-01-05
21000,AW00021000,Geoffrey,Perez,M,M,2026-01-05
21001,AW00021001,Clinton,Gutierrez,S,M,2026-01-05
21002,AW00021002,Carolyn,Rodriguez,S,F,2026-01-05
21003,AW00021003,Jimmy,Hernandez,M,M,2026-01-05
21004,AW00021004,Kaitlyn,Campbell,M,F,2026-01-05
21005,AW00021005,Barbara,Zhu,M,F,2026-01-05
21006,AW00021006,Sydney,Young,S,F,2026-01-05
21007,AW00021007,Nuan,Ma,M,M,2026-01-05
21008,AW00021008,Melody,Carlson,S,F,2026-01-05
21009,AW00021009,Clinton,Sandberg,S,M,2026-01-05
21010,AW00021010,Ruben,Navarro,M,M,2026-01-05
21011,AW00021011,Aimee,Wang,S,F,2026-01-05
21012,AW00021012,Marie,Vance,M,F,2026-01-05
21013,AW00021013,Connor,Nelson,M,M,2026-01-05
21014,AW00021014,Diana,Carlson,M,F,2026-01-05
21015,AW00021015,Diane,Hernandez,M,F,2026-01-05
21016,AW00021016,Michele,Kapoor,M,F,2026-01-05
21017,AW00021017,Leslie,Romero,M,F,2026-01-05
21018,AW00021018,Sheila,Serrano,M,F,2026-01-05
21019,AW00021019,Monica,Prasad,S,F,2026-01-05
21020,AW00021020,Omar,Ye,M,M,2026-01-05
21021,AW00021021,Gary,Serrano,M,M,2026-01-05
21022,AW00021022,Bianca,Huang,M,F,2026-01-05
21023,AW00021023,Cara,Wang,M,F,2026-01-05
21024,AW00021024,Lori,Jimenez,S,F,2026-01-05
21025,AW00021025,Cedric,Wu,S,M,2026-01-05
21026,AW00021026,Clifford,Fernandez,S,M,2026-01-05
21027,AW00021027,Luke,Nelson,S,M,2026-01-05
21028,AW00021028,Joe,Suri,S,M,2026-01-05
21029,AW00021029,Kristi,Martin,S,F,2026-01-05
21030,AW00021030,Lindsay,Xu,S,F,2026-01-05
21031,AW00021031,Cassie,She,S,F,2026-01-05
21032,AW00021032,Brendan,Shan,S,M,2026-01-05
21033,AW00021033,Preston,Subram,S,M,2026-01-05
21034,AW00021034,Jacqueline,Kelly,S,F,2026-01-05
21035,AW00021035,Roy,Sanchez,M,M,2026-01-05
21036,AW00021036,Ruben,Hernandez,M,M,2026-01-05
21037,AW00021037,Bruce,Arun,M,M,2026-01-05
21038,AW00021038,Pedro,Lopez,M,M,2026-01-05
21039,AW00021039,Jill,Ramos,S,F,2026-01-05
21040,AW00021040,Chad,Luo,S,M,2026-01-05
21041,AW00021041,Eddie,Serrano,M,M,2026-01-05
21042,AW00021042,Jon,Liang,M,M,2026-01-05
21043,AW00021043,Johnathan,McDonald,M,M,2026-01-05
21044,AW00021044,Franklin,Zheng,M,M,2026-01-05
21045,AW00021045,Evelyn,Prasad,S,F,2026-01-05
21046,AW00021046,Terrance,Suri,M,M,2026-01-05
21047,AW00021047,Sheena,Andersen,S,F,2026-01-05
21048,AW00021048,Karen,Liang,M,F,2026-01-05
21049,AW00021049,James,Sharma,S,M,2026-01-05
21050,AW00021050,Alan,Cai,M,M,2026-01-05
21051,AW00021051,Sabrina,Alonso,M,F,2026-01-05
21052,AW00021052,Sheena,Xu,S,F,2026-01-05
21053,AW00021053,Jamie,Vazquez,M,M,2026-01-05
21054,AW00021054,Keith,Jai,M,M,2026-01-05
21055,AW00021055,Kristi,Carlson,M,F,2026-01-05
21056,AW00021056,Walter,Munoz,M,M,2026-01-05
21057,AW00021057,Elizabeth,Butler,M,F,2026-01-05
21058,AW00021058,Meredith,Suri,S,F,2026-01-05
21059,AW00021059,Misty,Chande,M,F,2026-01-05
21060,AW00021060,Jaclyn,Tang,S,F,2026-01-05
21061,AW00021061,Desiree,Suarez,M,F,2026-01-05
21062,AW00021062,Miranda,Barnes,S,F,2026-01-05
21063,AW00021063,Louis,Li,M,M,2026-01-05
21064,AW00021064,Colleen,Sun,S,F,2026-01-05
21065,AW00021065,Robert,Thompson,M,M,2026-01-05
21066,AW00021066,Ebony,Arun,M,F,2026-01-05
21067,AW00021067,Frank,Jimenez,S,M,2026-01-05
21068,AW00021068,Lawrence,Jimenez,S,M,2026-01-05
21069,AW00021069,Colin,Lu,M,M,2026-01-05
21070,AW00021070,Latoya,Yuan,M,F,2026-01-05
21071,AW00021071,Lindsey,Pal,S,F,2026-01-05
21072,AW00021072,Dominic,Sanchez,S,M,2026-01-05
21073,AW00021073,Catherine,Kelly,S,F,2026-01-05
21074,AW00021074,Diane,Carlson,M,F,2026-01-05
21075,AW00021075,Manuel,Rana,M,M,2026-01-05
21076,AW00021076,Terrence,Nath,S,M,2026-01-05
21077,AW00021077,Rachel,James,S,F,2026-01-05
21078,AW00021078,Grace,Gray,S,F,2026-01-05
21079,AW00021079,Lee,Carlson,S,M,2026-01-05
21080,AW00021080,Ebony,Lopez,M,F,2026-01-05
21081,AW00021081,Xavier,Smith,S,M,2026-01-05
21082,AW00021082,Jason,Edwards,S,M,2026-01-05
21083,AW00021083,Trisha,Chen,S,F,2026-01-05
21084,AW00021084,Clarence,Deng,M,M,2026-01-05
21085,AW00021085,Leslie,Vazquez,M,F,2026-01-05
21086,AW00021086,Katelyn,Bell,M,F,2026-01-05
21087,AW00021087,Rebecca,Scott,S,F,2026-01-05
21088,AW00021088,Alvin,Anand,S,M,2026-01-05
21089,AW00021089,Yiroyuki,Sato,S,F,2026-01-05
21090,AW00021090,Thomas,Garcia,S,M,2026-01-05
21091,AW00021091,Ashley,Jenkins,S,F,2026-01-05
21092,AW00021092,Gina,Gutierrez,M,F,2026-01-05
21093,AW00021093,Jacquelyn,Castro,M,F,2026-01-05
21094,AW00021094,Alison,Sharma,S,F,2026-01-05
21095,AW00021095,Lance,Munoz,S,M,2026-01-05
21096,AW00021096,Jon,Lin,S,M,2026-01-05
21097,AW00021097,Gary,Ruiz,M,M,2026-01-05
21098,AW00021098,Steve,Ma,M,M,2026-01-05
21099,AW00021099,Sandra,Liu,S,F,2026-01-05
21100,AW00021100,Sandra,Zhang,S,F,2026-01-05
21101,AW00021101,Meagan,Perez,S,F,2026-01-05
21102,AW00021102,Willie,Zheng,M,M,2026-01-05
21103,AW00021103,Francis,Hernandez,M,M,2026-01-05
21104,AW00021104,Robin,Gutierrez,M,F,2026-01-05
21105,AW00021105,Cory,Sara,M,M,2026-01-05
21106,AW00021106,Katie,Sharma,M,F,2026-01-05
21107,AW00021107,Kaitlin,Rodriguez,M,F,2026-01-05
21108,AW00021108,Kristine,Martin,M,F,2026-01-05
21109,AW00021109,Katie,Pal,S,F,2026-01-05
21110,AW00021110,Brent,Zeng,M,M,2026-01-05
21111,AW00021111,Ricardo,Deng,S,M,2026-01-05
21112,AW00021112,Johnathan,Prasad,M,M,2026-01-05
21113,AW00021113,Laura,Cai,S,F,2026-01-05
21114,AW00021114,Savannah,Murphy,M,F,2026-01-05
21115,AW00021115,Bobby,Raman,S,M,2026-01-05
21116,AW00021116,Carson,Russell,M,M,2026-01-05
21117,AW00021117,Bryant,Sara,S,M,2026-01-05
21118,AW00021118,Lisa,Hu,S,F,2026-01-05
21119,AW00021119,Edward,Campbell,S,M,2026-01-05
21120,AW00021120,Roger,Chen,M,M,2026-01-05
21121,AW00021121,Garrett,Reed,S,M,2026-01-05
21122,AW00021122,Julie,Xie,M,F,2026-01-05
21123,AW00021123,Carl,Luo,S,M,2026-01-05
21124,AW00021124,Mallory,Alvarez,S,F,2026-01-05
21125,AW00021125,Bruce,Rana,S,M,2026-01-05
21126,AW00021126,Kaitlin,Gonzalez,S,F,2026-01-05
21127,AW00021127,Crystal,Zheng,S,F,2026-01-05
21128,AW00021128,Kenneth,Andersen,S,M,2026-01-05
21129,AW00021129,Rafael,Wang,S,M,2026-01-05
21130,AW00021130,Mackenzie,Ward,M,F,2026-01-05
21131,AW00021131,Gilbert,Nath,S,M,2026-01-05
21132,AW00021132,Jeffery,Hu,S,M,2026-01-05
21133,AW00021133,April,Kumar,S,F,2026-01-05
21134,AW00021134,Bob,Chapman,S,M,2026-01-05
21135,AW00021135,Raul,Raji,M,M,2026-01-05
21136,AW00021136,Natasha,Carlson,M,F,2026-01-05
21137,AW00021137,Steve,Li,S,M,2026-01-05
21138,AW00021138,Kaylee,Phillips,M,F,2026-01-05
21139,AW00021139,Alex,Adams,M,M,2026-01-05
21140,AW00021140,Byron,Diaz,M,M,2026-01-05
21141,AW00021141,Omar,Li,S,M,2026-01-05
21142,AW00021142,Mason,Brooks,M,M,2026-01-05
21143,AW00021143,Allison,Campbell,M,F,2026-01-05
21144,AW00021144,Lucas,Richardson,M,M,2026-01-05
21145,AW00021145,Mindy,Lal,M,F,2026-01-05
21146,AW00021146,Robert,Taylor,M,M,2026-01-05
21147,AW00021147,Angel,Rogers,M,M,2026-01-05
21148,AW00021148,Brianna,Gonzales,S,F,2026-01-05
21149,AW00021149,Miguel,Diaz,S,M,2026-01-05
21150,AW00021150,Alyssa,Ramirez,S,F,2026-01-05
21151,AW00021151,Aaron,Campbell,S,M,2026-01-05
21152,AW00021152,Amanda,Hill,S,F,2026-01-05
21153,AW00021153,James,Thompson,M,M,2026-01-05
21154,AW00021154,Michael,Clark,M,M,2026-01-05
21155,AW00021155,Jeremiah,Flores,M,M,2026-01-05
21156,AW00021156,Maria,Lopez,M,F,2026-01-05
21157,AW00021157,Robert,Perry,M,M,2026-01-05
21158,AW00021158,Trevor,Patterson,S,M,2026-01-05
21159,AW00021159,Kaitlyn,Rodriguez,M,F,2026-01-05
21160,AW00021160,April,Xie,M,F,2026-01-05
21161,AW00021161,Megan,Johnson,M,F,2026-01-05
21162,AW00021162,Brooke,Sanchez,S,F,2026-01-05
21163,AW00021163,William,Williams,M,M,2026-01-05
21164,AW00021164,Troy,Raman,M,M,2026-01-05
21165,AW00021165,Sheila,Gomez,S,F,2026-01-05
21166,AW00021166,Tamara,Yuan,S,F,2026-01-05
21167,AW00021167,Kara,Becker,S,F,2026-01-05
21168,AW00021168,Clifford,Chapman,M,M,2026-01-05
21169,AW00021169,Nancy,Arun,M,F,2026-01-05
21170,AW00021170,Edwin,Sun,M,M,2026-01-05
21171,AW00021171,Christopher,Taylor,S,M,2026-01-05
21172,AW00021172,Francisco,Sanchez,M,M,2026-01-05
21173,AW00021173,Chad,Yuan,M,M,2026-01-05
21174,AW00021174,Andre,Smith,M,M,2026-01-05
21175,AW00021175,Armando,Gomez,S,M,2026-01-05
21176,AW00021176,Raul,Chande,M,M,2026-01-05
21177,AW00021177,Kara,Nath,M,F,2026-01-05
21178,AW00021178,Jillian,Saunders,M,F,2026-01-05
21179,AW00021179,Jaclyn,Zhou,M,F,2026-01-05
21180,AW00021180,Katherine,Flores,S,F,2026-01-05
21181,AW00021181,Summer,Sullivan,S,F,2026-01-05
21182,AW00021182,Lori,Navarro,M,F,2026-01-05
21183,AW00021183,Hector,Moreno,M,M,2026-01-05
21184,AW00021184,Harold,Rodriguez,S,M,2026-01-05
21185,AW00021185,Gilbert,Jai,M,M,2026-01-05
21186,AW00021186,Randall,Vazquez,S,M,2026-01-05
21187,AW00021187,Darrell,Luo,M,M,2026-01-05
21188,AW00021188,Clifford,Sanchez,M,M,2026-01-05
21189,AW00021189,Desiree,Rubio,M,F,2026-01-05
21190,AW00021190,Pablo,Rovira Diez,S,M,2026-01-05
21191,AW00021191,Willie,Lu,M,M,2026-01-05
21192,AW00021192,Regina,Sai,M,F,2026-01-05
21193,AW00021193,Philip,Hernandez,M,M,2026-01-05
21194,AW00021194,Tara,Nara,M,F,2026-01-05
21195,AW00021195,Rafael,Xu,M,M,2026-01-05
21196,AW00021196,Kathleen,Alonso,M,F,2026-01-05
21197,AW00021197,Sheena,Pal,S,F,2026-01-05
21198,AW00021198,Madison,Williams,M,F,2026-01-05
21199,AW00021199,Ruth,Raman,S,F,2026-01-05
21200,AW00021200,Alison,Kumar,S,F,2026-01-05
21201,AW00021201,Anna,Rogers,S,F,2026-01-05
21202,AW00021202,Theresa,Torres,S,F,2026-01-05
21203,AW00021203,Mary,Allen,M,F,2026-01-05
21204,AW00021204,Candice,Lu,S,F,2026-01-05
21205,AW00021205,Denise,Vance,S,F,2026-01-05
21206,AW00021206,Roberto,Moreno,S,M,2026-01-05
21207,AW00021207,Vincent,Li,M,M,2026-01-05
21208,AW00021208,Olivia,Griffin,S,F,2026-01-05
21209,AW00021209,Randall,Moreno,S,M,2026-01-05
21210,AW00021210,Colin,Luo,S,M,2026-01-05
21211,AW00021211,Louis,He,S,M,2026-01-05
21212,AW00021212,Nicolas,Lal,S,M,2026-01-05
21213,AW00021213,Peter,Black,S,M,2026-01-05
21214,AW00021214,Corey,She,S,M,2026-01-05
21215,AW00021215,Tiffany,Yang,S,F,2026-01-05
21216,AW00021216,Larry,Blanco,S,M,2026-01-05
21217,AW00021217,Casey,Xie,S,F,2026-01-05
21218,AW00021218,Wyatt,Rodriguez,S,M,2026-01-05
21219,AW00021219,Candice,Zhu,S,F,2026-01-05
21220,AW00021220,Meghan,Moyer,M,F,2026-01-05
21221,AW00021221,Martin,Sai,M,M,2026-01-05
21222,AW00021222,Kelvin,Xu,M,M,2026-01-05
21223,AW00021223,Evelyn,Suri,S,F,2026-01-05
21224,AW00021224,Jamie,Alan,M,M,2026-01-05
21225,AW00021225,Michele,Jai,S,F,2026-01-05
21226,AW00021226,Dale,Nara,S,M,2026-01-05
21227,AW00021227,Melanie,Morgan,M,F,2026-01-05
21228,AW00021228,Cassidy,Henderson,M,F,2026-01-05
21229,AW00021229,Latoya,Jai,S,F,2026-01-05
21230,AW00021230,Carla,Rodriguez,M,F,2026-01-05
21231,AW00021231,Christine,Goel,M,F,2026-01-05
21232,AW00021232,Levi,Garcia,M,M,2026-01-05
21233,AW00021233,Christopher,Smith,M,M,2026-01-05
21234,AW00021234,Brianna,Rivera,S,F,2026-01-05
21235,AW00021235,Stephanie,Hernandez,S,F,2026-01-05
21236,AW00021236,Adrian,Peterson,S,M,2026-01-05
21237,AW00021237,Luke,Washington,M,M,2026-01-05
21238,AW00021238,Carl,Tang,S,M,2026-01-05
21239,AW00021239,Christy,Liang,M,F,2026-01-05
21240,AW00021240,Aaron,Jenkins,S,M,2026-01-05
21241,AW00021241,Carson,Griffin,S,M,2026-01-05
21242,AW00021242,Morgan,Patterson,S,F,2026-01-05
21243,AW00021243,Juan,Bailey,M,M,2026-01-05
21244,AW00021244,Allison,Torres,M,F,2026-01-05
21245,AW00021245,Samantha,Rodriguez,M,F,2026-01-05
21246,AW00021246,Samuel,Nelson,S,M,2026-01-05
21247,AW00021247,Alex,Sanders,M,M,2026-01-05
21248,AW00021248,Ramon,Li,M,M,2026-01-05
21249,AW00021249,Alvin,Xu,S,M,2026-01-05
21250,AW00021250,Fernando,Coleman,M,M,2026-01-05
21251,AW00021251,Erika,Dominguez,S,F,2026-01-05
21252,AW00021252,Luis,Chen,S,M,2026-01-05
21253,AW00021253,Victoria,Williams,S,F,2026-01-05
21254,AW00021254,Tonya,Black,M,F,2026-01-05
21255,AW00021255,Martha,Lu,M,F,2026-01-05
21256,AW00021256,Meghan,Torres,M,F,2026-01-05
21257,AW00021257,Evelyn,Subram,M,F,2026-01-05
21258,AW00021258,Alfredo,Serrano,S,M,2026-01-05
21259,AW00021259,Curtis,Cai,S,M,2026-01-05
21260,AW00021260,Ariana,Howard,S,F,2026-01-05
21261,AW00021261,Jessica,Kelly,S,F,2026-01-05
21262,AW00021262,Sara,Edwards,S,F,2026-01-05
21263,AW00021263,Gail,Russell,S,F,2026-01-05
21264,AW00021264,Caleb,Butler,S,M,2026-01-05
21265,AW00021265,Richard,Stone,S,M,2026-01-05
21266,AW00021266,Taylor,Washington,S,F,2026-01-05
21267,AW00021267,Charles,Parker,M,M,2026-01-05
21268,AW00021268,Elizabeth,Lewis,M,F,2026-01-05
21269,AW00021269,Blake,Clark,S,M,2026-01-05
21270,AW00021270,Daniel,Jackson,S,M,2026-01-05
21271,AW00021271,Thomas,Wang,M,M,2026-01-05
21272,AW00021272,Nicole,Ward,S,F,2026-01-05
21273,AW00021273,Jennifer,Thomas,M,F,2026-01-05
21274,AW00021274,Seth,Scott,S,M,2026-01-05
21275,AW00021275,Abigail,Cox,M,F,2026-01-05
21276,AW00021276,Ian,Coleman,M,M,2026-01-05
21277,AW00021277,Lucas,Thompson,S,M,2026-01-05
21278,AW00021278,Julia,King,S,F,2026-01-05
21279,AW00021279,Linda,Rousey,M,F,2026-01-05
21280,AW00021280,Justin,Walker,S,M,2026-01-05
21281,AW00021281,Andrea,Hill,S,F,2026-01-05
21282,AW00021282,Julia,Smith,M,F,2026-01-05
21283,AW00021283,Orlando,Jiménez,M,M,2026-01-05
21284,AW00021284,Cody,Stewart,M,M,2026-01-05
21285,AW00021285,Mackenzie,Rivera,M,F,2026-01-05
21286,AW00021286,Luke,Roy,S,M,2026-01-05
21287,AW00021287,Kendra,Jimenez,M,F,2026-01-05
21288,AW00021288,Hunter,Hall,S,M,2026-01-05
21289,AW00021289,Warren,Wang,S,M,2026-01-05
21290,AW00021290,Angel,Torres,S,M,2026-01-05
21291,AW00021291,Rachel,Morris,M,F,2026-01-05
21292,AW00021292,Austin,Martinez,M,M,2026-01-05
21293,AW00021293,Ashley,Garcia,S,F,2026-01-05
21294,AW00021294,David,Foster,M,M,2026-01-05
21295,AW00021295,Benjamin,Thomas,M,M,2026-01-05
21296,AW00021296,Luis,Hall,M,M,2026-01-05
21297,AW00021297,Melanie,Murphy,S,F,2026-01-05
21298,AW00021298,Noah,Collins,M,M,2026-01-05
21299,AW00021299,Hannah,Gonzales,M,F,2026-01-05
21300,AW00021300,Kaylee,Morgan,M,F,2026-01-05
21301,AW00021301,Sierra,Gonzalez,S,F,2026-01-05
21302,AW00021302,Logan,Foster,M,M,2026-01-05
21303,AW00021303,Sydney,Jenkins,M,F,2026-01-05
21304,AW00021304,Jada,Cooper,M,F,2026-01-05
21305,AW00021305,Hunter,Garcia,M,M,2026-01-05
21306,AW00021306,Jackson,Perry,S,M,2026-01-05
21307,AW00021307,Olivia,Jones,M,F,2026-01-05
21308,AW00021308,Kayla,Garcia,M,F,2026-01-05
21309,AW00021309,Julia,Anderson,M,F,2026-01-05
21310,AW00021310,Mariah,Hayes,M,F,2026-01-05
21311,AW00021311,Jennifer,Ramirez,S,F,2026-01-05
21312,AW00021312,Connor,Scott,M,M,2026-01-05
21313,AW00021313,Beth,Diaz,M,F,2026-01-05
21314,AW00021314,Devin,Patterson,M,M,2026-01-05
21315,AW00021315,Audrey,Sanz,M,F,2026-01-05
21316,AW00021316,John,Thompson,M,M,2026-01-05
21317,AW00021317,Lauren,Rivera,M,F,2026-01-05
21318,AW00021318,Devin,Richardson,S,M,2026-01-05
21319,AW00021319,Zachary,Lee,M,M,2026-01-05
21320,AW00021320,Hannah,Coleman,M,F,2026-01-05
21321,AW00021321,Jon,Jai,S,M,2026-01-05
21322,AW00021322,Carlos,Ramirez,M,M,2026-01-05
21323,AW00021323,Robert,Jackson,M,M,2026-01-05
21324,AW00021324,Chloe,Baker,M,F,2026-01-05
21325,AW00021325,Angela,Hayes,M,F,2026-01-05
21326,AW00021326,Andrea,Green,M,F,2026-01-05
21327,AW00021327,Connor,Washington,S,M,2026-01-05
21328,AW00021328,Xavier,Nelson,S,M,2026-01-05
21329,AW00021329,Wyatt,Brown,M,M,2026-01-05
21330,AW00021330,Isabella,Clark,S,F,2026-01-05
21331,AW00021331,Timothy,James,S,M,2026-01-05
21332,AW00021332,Bailey,Carter,M,F,2026-01-05
21333,AW00021333,Mackenzie,Allen,M,F,2026-01-05
21334,AW00021334,Mason,Nelson,S,M,2026-01-05
21335,AW00021335,Ana,Coleman,M,F,2026-01-05
21336,AW00021336,Angel,Perez,M,M,2026-01-05
21337,AW00021337,Jennifer,Smith,S,F,2026-01-05
21338,AW00021338,Victoria,Price,M,F,2026-01-05
21339,AW00021339,Haley,Barnes,S,F,2026-01-05
21340,AW00021340,Adam,Wang,M,M,2026-01-05
21341,AW00021341,Louis,Liu,M,M,2026-01-05
21342,AW00021342,Tonya,Xie,M,F,2026-01-05
21343,AW00021343,Colin,Zeng,M,M,2026-01-05
21344,AW00021344,Trevor,Perry,M,M,2026-01-05
21345,AW00021345,Kristina,Martinez,M,F,2026-01-05
21346,AW00021346,Christian,Rodriguez,M,M,2026-01-05
21347,AW00021347,Alisha,Raji,S,F,2026-01-05
21348,AW00021348,Alexis,Patterson,M,F,2026-01-05
21349,AW00021349,Bryan,Kelly,M,M,2026-01-05
21350,AW00021350,Mindy,Sharma,M,F,2026-01-05
21351,AW00021351,James,Coleman,M,M,2026-01-05
21352,AW00021352,Morgan,Long,M,F,2026-01-05
21353,AW00021353,Karen,Wu,S,F,2026-01-05
21354,AW00021354,Morgan,Bailey,S,F,2026-01-05
21355,AW00021355,Mya,Diaz,M,F,2026-01-05
21356,AW00021356,Gabriella,Evans,S,F,2026-01-05
21357,AW00021357,Jada,Nelson,S,F,2026-01-05
21358,AW00021358,Cody,Reed,M,M,2026-01-05
21359,AW00021359,Johnny,Luo,M,M,2026-01-05
21360,AW00021360,Orlando,Gill,M,M,2026-01-05
21361,AW00021361,Ricky,Romero,M,M,2026-01-05
21362,AW00021362,Angel,Evans,M,M,2026-01-05
21363,AW00021363,Tammy,Arthur,M,F,2026-01-05
21364,AW00021364,Charles,Gray,S,M,2026-01-05
21365,AW00021365,Gloria,Ramos,M,F,2026-01-05
21366,AW00021366,Kelvin,Andersen,M,M,2026-01-05
21367,AW00021367,Cindy,Rana,M,F,2026-01-05
21368,AW00021368,Mason,Collins,M,M,2026-01-05
21369,AW00021369,Sarah,Rodriguez,M,F,2026-01-05
21370,AW00021370,Emmanuel,Martinez,M,M,2026-01-05
21371,AW00021371,Ann,Patel,M,F,2026-01-05
21372,AW00021372,Wayne,Raje,S,M,2026-01-05
21373,AW00021373,Clayton,Liu,M,M,2026-01-05
21374,AW00021374,Stacey,Zhou,M,F,2026-01-05
21375,AW00021375,Carl,Sharma,S,M,2026-01-05
21376,AW00021376,Paula,Ramos,M,F,2026-01-05
21377,AW00021377,Allison,Bailey,S,F,2026-01-05
21378,AW00021378,Rebekah,Diaz,M,F,2026-01-05
21379,AW00021379,Colleen,Huang,M,F,2026-01-05
21380,AW00021380,Candace,Sara,M,F,2026-01-05
21381,AW00021381,Francis,Ruiz,M,M,2026-01-05
21382,AW00021382,Brad,Chander,M,M,2026-01-05
21383,AW00021383,Ricardo,Anand,M,M,2026-01-05
21384,AW00021384,Ronnie,Lin,M,M,2026-01-05
21385,AW00021385,Nicole,Peterson,S,F,2026-01-05
21386,AW00021386,Abigail,Wood,S,F,2026-01-05
21387,AW00021387,Nelson,Diaz,S,M,2026-01-05
21388,AW00021388,Nicole,Lee,S,F,2026-01-05
21389,AW00021389,Jamie,Sun,M,F,2026-01-05
21390,AW00021390,Grant,Becker,M,M,2026-01-05
21391,AW00021391,Dawn,Xie,M,F,2026-01-05
21392,AW00021392,Kelli,Lin,M,F,2026-01-05
21393,AW00021393,Candace,Arun,S,F,2026-01-05
21394,AW00021394,Gabriella,Parker,S,F,2026-01-05
21395,AW00021395,Alexia,Hughes,M,F,2026-01-05
21396,AW00021396,Megan,Martinez,S,F,2026-01-05
21397,AW00021397,Mason,Howard,M,M,2026-01-05
21398,AW00021398,Ethan,Diaz,M,M,2026-01-05
21399,AW00021399,Ian,Hughes,M,M,2026-01-05
21400,AW00021400,Adam,Campbell,S,M,2026-01-05
21401,AW00021401,Eric,Powell,S,M,2026-01-05
21402,AW00021402,Kevin,King,M,M,2026-01-05
21403,AW00021403,Lisa,Roy,S,M,2026-01-05
21404,AW00021404,Julio,Sanz,S,M,2026-01-05
21405,AW00021405,Bonnie,Shen,M,F,2026-01-05
21406,AW00021406,Troy,Chandra,M,M,2026-01-05
21407,AW00021407,Wesley,Lin,M,M,2026-01-05
21408,AW00021408,Autumn,Chen,M,F,2026-01-05
21409,AW00021409,Johnny,Deng,M,M,2026-01-05
21410,AW00021410,Eric,Zhang,M,M,2026-01-05
21411,AW00021411,Maria,Kelly,S,F,2026-01-05
21412,AW00021412,Jordan,Alexander,M,M,2026-01-05
21413,AW00021413,Dalton,Robinson,M,M,2026-01-05
21414,AW00021414,Aaron,Butler,M,M,2026-01-05
21415,AW00021415,Sydney,Sanchez,S,F,2026-01-05
21416,AW00021416,Ryan,Butler,S,M,2026-01-05
21417,AW00021417,Gabrielle,Torres,S,F,2026-01-05
21418,AW00021418,Alicia,Chapman,M,F,2026-01-05
21419,AW00021419,Gilbert,Ma,M,M,2026-01-05
21420,AW00021420,Isabella,Carter,S,F,2026-01-05
21421,AW00021421,Ashley,Ross,M,F,2026-01-05
21422,AW00021422,Karen,Wood,M,F,2026-01-05
21423,AW00021423,Connor,Adams,S,M,2026-01-05
21424,AW00021424,Emily,Alexander,M,F,2026-01-05
21425,AW00021425,Carlos,Hall,M,M,2026-01-05
21426,AW00021426,Jon,Raje,M,M,2026-01-05
21427,AW00021427,Kelly,Foster,M,F,2026-01-05
21428,AW00021428,Jada,Brooks,M,F,2026-01-05
21429,AW00021429,Isabella,Sandberg,M,F,2026-01-05
21430,AW00021430,Savannah,Morgan,M,F,2026-01-05
21431,AW00021431,Preston,Kapoor,S,M,2026-01-05
21432,AW00021432,Melanie,Ward,M,F,2026-01-05
21433,AW00021433,Gerald,Martinez,M,M,2026-01-05
21434,AW00021434,Isabella,Smith,S,F,2026-01-05
21435,AW00021435,Connor,Alexander,S,M,2026-01-05
21436,AW00021436,Brandi,Serrano,S,F,2026-01-05
21437,AW00021437,Whitney,Sara,S,F,2026-01-05
21438,AW00021438,Edward,Price,S,M,2026-01-05
21439,AW00021439,Thomas,Clark,S,M,2026-01-05
21440,AW00021440,Ian,Morgan,S,M,2026-01-05
21441,AW00021441,Edward,Nelson,M,M,2026-01-05
21442,AW00021442,Savannah,Cook,S,F,2026-01-05
21443,AW00021443,Zoe,Morgan,M,F,2026-01-05
21444,AW00021444,Blake,Lopez,M,M,2026-01-05
21445,AW00021445,Madeline,Evans,M,F,2026-01-05
21446,AW00021446,Jeremy,Barnes,M,M,2026-01-05
21447,AW00021447,Anthony,Harris,M,M,2026-01-05
21448,AW00021448,Jenna,Nelson,M,F,2026-01-05
21449,AW00021449,Devon,Raheem,M,M,2026-01-05
21450,AW00021450,Nathan,Bryant,M,M,2026-01-05
21451,AW00021451,Jocelyn,Ross,M,F,2026-01-05
21452,AW00021452,Seth,Bailey,M,M,2026-01-05
21453,AW00021453,Wayne,Deng,M,M,2026-01-05
21454,AW00021454,Alvin,Goldstein,M,M,2026-01-05
21455,AW00021455,Samuel,Shan,M,M,2026-01-05
21456,AW00021456,Dalton,Gonzales,M,M,2026-01-05
21457,AW00021457,Jamie,Serrano,M,M,2026-01-05
21458,AW00021458,Carson,Price,M,M,2026-01-05
21459,AW00021459,Luis,Alexander,M,M,2026-01-05
21460,AW00021460,Jack,Carter,M,M,2026-01-05
21461,AW00021461,Elizabeth,Simmons,M,F,2026-01-05
21462,AW00021462,Katelyn,Nelson,S,F,2026-01-05
21463,AW00021463,Logan,Roberts,M,M,2026-01-05
21464,AW00021464,Miguel,Griffin,M,M,2026-01-05
21465,AW00021465,Austin,Shan,M,M,2026-01-05
21466,AW00021466,Austin,Jones,M,M,2026-01-05
21467,AW00021467,David,Harris,M,M,2026-01-05
21468,AW00021468,Ethan,Yang,M,M,2026-01-05
21469,AW00021469,Caitlin,Bell,S,F,2026-01-05
21470,AW00021470,Stephanie,Jenkins,S,F,2026-01-05
21471,AW00021471,Marcus,Carter,M,M,2026-01-05
21472,AW00021472,Patrick,Ward,M,M,2026-01-05
21473,AW00021473,Stacy,Rubio,M,F,2026-01-05
21474,AW00021474,Lucas,Gray,M,M,2026-01-05
21475,AW00021475,Cassidy,Alexander,M,F,2026-01-05
21476,AW00021476,Hunter,Jenkins,M,M,2026-01-05
21477,AW00021477,Katelyn,Watson,M,F,2026-01-05
21478,AW00021478,Abigail,Reed,M,F,2026-01-05
21479,AW00021479,Noah,Foster,M,M,2026-01-05
21480,AW00021480,Alfredo,Martin,M,M,2026-01-05
21481,AW00021481,Jose,Diaz,M,M,2026-01-05
21482,AW00021482,Haley,Flores,S,F,2026-01-05
21483,AW00021483,Michelle,Bailey,M,F,2026-01-05
21484,AW00021484,Abigail,Coleman,M,F,2026-01-05
21485,AW00021485,Brandon,Clark,M,M,2026-01-05
21486,AW00021486,Suzanne,Gao,S,F,2026-01-05
21487,AW00021487,Jacqueline,Ramirez,S,F,2026-01-05
21488,AW00021488,Madison,Henderson,M,F,2026-01-05
21489,AW00021489,Neil,Gutierrez,M,M,2026-01-05
21490,AW00021490,Cole,Ward,M,M,2026-01-05
21491,AW00021491,Joseph,Lewis,M,M,2026-01-05
21492,AW00021492,Robert,Jai,S,M,2026-01-05
21493,AW00021493,Carson,Coleman,S,M,2026-01-05
21494,AW00021494,Kayla,Gonzales,S,F,2026-01-05
21495,AW00021495,James,Hughes,M,M,2026-01-05
21496,AW00021496,Nichole,Rai,M,F,2026-01-05
21497,AW00021497,Patrick,Cox,M,M,2026-01-05
21498,AW00021498,Cameron,Wilson,M,M,2026-01-05
21499,AW00021499,Bailey,Ramirez,M,F,2026-01-05
21500,AW00021500,Devin,Long,M,M,2026-01-05
21501,AW00021501,Deb,Foster,S,M,2026-01-05
21502,AW00021502,Morgan,Clark,S,F,2026-01-05
21503,AW00021503,Melanie,Long,M,F,2026-01-05
21504,AW00021504,Chloe,Torres,M,F,2026-01-05
21505,AW00021505,Ronald,Gonzalez,S,M,2026-01-05
21506,AW00021506,Randall,Gutierrez,M,M,2026-01-05
21507,AW00021507,Hunter,Smith,M,M,2026-01-05
21508,AW00021508,Suzanne,Li,M,F,2026-01-05
21509,AW00021509,Michele,Lopez,M,F,2026-01-05
21510,AW00021510,Carol,Perry,M,F,2026-01-05
21511,AW00021511,Richard,Sanders,M,M,2026-01-05
21512,AW00021512,Emma,Russell,M,F,2026-01-05
21513,AW00021513,Stacey,Xu,M,F,2026-01-05
21514,AW00021514,Krystal,Zhu,M,F,2026-01-05
21515,AW00021515,Barbara,Yuan,M,F,2026-01-05
21516,AW00021516,Larry,Serrano,M,M,2026-01-05
21517,AW00021517,Gerald,Subram,M,M,2026-01-05
21518,AW00021518,Ruben,Madan,M,M,2026-01-05
21519,AW00021519,Franklin,Becker,S,M,2026-01-05
21520,AW00021520,Seth,Baker,M,M,2026-01-05
21521,AW00021521,Joanna,Romero,S,F,2026-01-05
21522,AW00021522,Morgan,Bryant,S,F,2026-01-05
21523,AW00021523,Timothy,Green,M,M,2026-01-05
21524,AW00021524,Faith,Wood,S,F,2026-01-05
21525,AW00021525,Victoria,Howard,M,F,2026-01-05
21526,AW00021526,Jonathon,Munoz,S,M,2026-01-05
21527,AW00021527,Sergio,Patel,S,M,2026-01-05
21528,AW00021528,Jay,Moreno,M,M,2026-01-05
21529,AW00021529,Kristi,Martinez,S,F,2026-01-05
21530,AW00021530,Toni,Raman,M,F,2026-01-05
21531,AW00021531,Kari,Vance,M,F,2026-01-05
21532,AW00021532,Sierra,Turner,M,F,2026-01-05
21533,AW00021533,Gilbert,Tang,M,M,2026-01-05
21534,AW00021534,Warren,Rai,S,M,2026-01-05
21535,AW00021535,Alfredo,Sandberg,S,M,2026-01-05
21536,AW00021536,Billy,Rubio,M,M,2026-01-05
21537,AW00021537,Gloria,Navarro,M,F,2026-01-05
21538,AW00021538,Tara,Luo,M,F,2026-01-05
21539,AW00021539,Phillip,Raman,M,M,2026-01-05
21540,AW00021540,Ross,Rubio,S,M,2026-01-05
21541,AW00021541,Daisy,Gutierrez,M,F,2026-01-05
21542,AW00021542,Patricia,Vance,M,F,2026-01-05
21543,AW00021543,Naomi,Romero,M,F,2026-01-05
21544,AW00021544,Gary,Moreno,M,M,2026-01-05
21545,AW00021545,Michele,Schmidt,M,F,2026-01-05
21546,AW00021546,Cory,Garcia,M,M,2026-01-05
21547,AW00021547,Brad,Raje,S,M,2026-01-05
21548,AW00021548,Christy,Chander,M,F,2026-01-05
21549,AW00021549,Jerome,Ruiz,S,M,2026-01-05
21550,AW00021550,Kara,Deng,M,F,2026-01-05
21551,AW00021551,Elijah,Butler,S,M,2026-01-05
21552,AW00021552,Francis,Alvarez,M,M,2026-01-05
21553,AW00021553,Allen,Suri,M,M,2026-01-05
21554,AW00021554,Molly,Rana,S,F,2026-01-05
21555,AW00021555,Jarrod,Madan,S,M,2026-01-05
21556,AW00021556,Gloria,Serrano,S,F,2026-01-05
21557,AW00021557,Kate,Lal,S,F,2026-01-05
21558,AW00021558,Nicole,Coleman,S,F,2026-01-05
21559,AW00021559,Pedro,Malhotra,M,M,2026-01-05
21560,AW00021560,Kristopher,Lopez,M,M,2026-01-05
21561,AW00021561,Albert,Navarro,S,M,2026-01-05
21562,AW00021562,Drew,Jai,S,M,2026-01-05
21563,AW00021563,Carla,Mehta,S,F,2026-01-05
21564,AW00021564,Erica,Liu,S,F,2026-01-05
21565,AW00021565,Sheena,Shan,M,F,2026-01-05
21566,AW00021566,Jermaine,Garcia,M,M,2026-01-05
21567,AW00021567,Candace,Sanchez,M,F,2026-01-05
21568,AW00021568,Jacquelyn,Hernandez,M,F,2026-01-05
21569,AW00021569,Brendan,Rai,S,M,2026-01-05
21570,AW00021570,Barry,Kovár,M,M,2026-01-05
21571,AW00021571,Darryl,Yang,M,M,2026-01-05
21572,AW00021572,Randall,Ramos,M,M,2026-01-05
21573,AW00021573,Jimmy,Munoz,S,M,2026-01-05
21574,AW00021574,Fernando,Lewis,M,M,2026-01-05
21575,AW00021575,Justin,Foster,M,M,2026-01-05
21576,AW00021576,Benjamin,Gonzales,M,M,2026-01-05
21577,AW00021577,Tiffany,Ma,M,F,2026-01-05
21578,AW00021578,Jordan,Green,M,M,2026-01-05
21579,AW00021579,Wyatt,Jackson,M,M,2026-01-05
21580,AW00021580,Mariah,Ward,S,F,2026-01-05
21581,AW00021581,Rachel,Russell,M,F,2026-01-05
21582,AW00021582,Amber,Roberts,M,F,2026-01-05
21583,AW00021583,Jaclyn,Lal,M,F,2026-01-05
21584,AW00021584,Gavin,Bryant,M,M,2026-01-05
21585,AW00021585,Trinity,Gray,M,F,2026-01-05
21586,AW00021586,Stephanie,Foster,M,F,2026-01-05
21587,AW00021587,Jenna,Roberts,M,F,2026-01-05
21588,AW00021588,Theodore,Martin,M,M,2026-01-05
21589,AW00021589,Vanessa,Coleman,M,F,2026-01-05
21590,AW00021590,Taylor,Gonzales,M,F,2026-01-05
21591,AW00021591,Clayton,Goel,M,M,2026-01-05
21592,AW00021592,Christina,Reed,M,F,2026-01-05
21593,AW00021593,Marcus,Roberts,S,M,2026-01-05
21594,AW00021594,Brianna,Moore,M,F,2026-01-05
21595,AW00021595,Juan,Ward,M,M,2026-01-05
21596,AW00021596,Luke,Wright,M,M,2026-01-05
21597,AW00021597,Jose,Jones,M,M,2026-01-05
21598,AW00021598,Chloe,Perez,M,F,2026-01-05
21599,AW00021599,Sara,Lopez,M,F,2026-01-05
21600,AW00021600,Alexa,Bell,M,F,2026-01-05
21601,AW00021601,Jacqueline,Bell,M,F,2026-01-05
21602,AW00021602,Manuel,Malhotra,M,M,2026-01-05
21603,AW00021603,Seth,Barnes,M,M,2026-01-05
21604,AW00021604,Melanie,Howard,S,F,2026-01-05
21605,AW00021605,Brittney,Ye,M,F,2026-01-05
21606,AW00021606,Connor,Roberts,M,M,2026-01-05
21607,AW00021607,Bryce,Torres,M,M,2026-01-05
21608,AW00021608,David,Griffin,M,M,2026-01-05
21609,AW00021609,Tabitha,Blanco,S,F,2026-01-05
21610,AW00021610,Caleb,Edwards,M,M,2026-01-05
21611,AW00021611,Ethan,Wilson,M,M,2026-01-05
21612,AW00021612,Spencer,Foster,S,M,2026-01-05
21613,AW00021613,Caleb,Powell,S,M,2026-01-05
21614,AW00021614,William,Thomas,M,M,2026-01-05
21615,AW00021615,Grace,Torres,S,F,2026-01-05
21616,AW00021616,Carson,Wood,M,M,2026-01-05
21617,AW00021617,Jennifer,Miller,S,F,2026-01-05
21618,AW00021618,Elijah,Carter,M,M,2026-01-05
21619,AW00021619,Angela,Patterson,S,F,2026-01-05
21620,AW00021620,Mariah,Brooks,M,F,2026-01-05
21621,AW00021621,Jordan,Parker,M,M,2026-01-05
21622,AW00021622,Ethan,Winston,M,M,2026-01-05
21623,AW00021623,Connor,Diaz,M,M,2026-01-05
21624,AW00021624,Faith,Price,S,F,2026-01-05
21625,AW00021625,Jennifer,Hall,M,F,2026-01-05
21626,AW00021626,Brianna,Garcia,M,F,2026-01-05
21627,AW00021627,Bailey,Roberts,M,F,2026-01-05
21628,AW00021628,Kelli,Xu,S,F,2026-01-05
21629,AW00021629,Thomas,Thomas,S,M,2026-01-05
21630,AW00021630,Faith,Jenkins,M,F,2026-01-05
21631,AW00021631,Martin,Sanchez,M,M,2026-01-05
21632,AW00021632,Jaclyn,Liang,M,F,2026-01-05
21633,AW00021633,Cameron,Zhang,M,M,2026-01-05
21634,AW00021634,Arianna,Cook,M,F,2026-01-05
21635,AW00021635,Christian,Lewis,M,M,2026-01-05
21636,AW00021636,Katherine,Rivera,M,F,2026-01-05
21637,AW00021637,Richard,Lewis,S,M,2026-01-05
21638,AW00021638,Olivia,Harris,S,F,2026-01-05
21639,AW00021639,Anthony,Wilson,M,M,2026-01-05
21640,AW00021640,Charles,Cooper,M,M,2026-01-05
21641,AW00021641,Kaylee,Perez,M,F,2026-01-05
21642,AW00021642,Alexandra,Rodriguez,M,F,2026-01-05
21643,AW00021643,Wyatt,Diaz,M,M,2026-01-05
21644,AW00021644,Sydney,Howard,M,F,2026-01-05
21645,AW00021645,Spencer,Alexander,M,M,2026-01-05
21646,AW00021646,Luis,Bryant,M,M,2026-01-05
21647,AW00021647,Blake,Brown,S,M,2026-01-05
21648,AW00021648,Ronnie,Sun,S,M,2026-01-05
21649,AW00021649,Keith,Nara,M,M,2026-01-05
21650,AW00021650,Cedric,Zeng,M,M,2026-01-05
21651,AW00021651,Sean,Cooper,M,M,2026-01-05
21652,AW00021652,Julia,Bell,M,F,2026-01-05
21653,AW00021653,Jose,Anderson,S,M,2026-01-05
21654,AW00021654,Aidan,Barnes,S,M,2026-01-05
21655,AW00021655,Zachary,Bryant,M,M,2026-01-05
21656,AW00021656,Hannah,Hayes,M,F,2026-01-05
21657,AW00021657,Sara,Green,S,F,2026-01-05
21658,AW00021658,Jocelyn,Powell,M,F,2026-01-05
21659,AW00021659,Gabrielle,Jenkins,M,F,2026-01-05
21660,AW00021660,Allison,Watson,M,F,2026-01-05
21661,AW00021661,Terry,Champion,S,M,2026-01-05
21662,AW00021662,Orlando,Muñoz,S,M,2026-01-05
21663,AW00021663,Kenneth,Goel,S,M,2026-01-05
21664,AW00021664,Edwin,Yuan,S,M,2026-01-05
21665,AW00021665,Karl,Jai,S,M,2026-01-05
21666,AW00021666,Leslie,Jimenez,M,F,2026-01-05
21667,AW00021667,Crystal,Zhang,M,F,2026-01-05
21668,AW00021668,Christina,Rogers,M,F,2026-01-05
21669,AW00021669,Jessica,Rodriguez,M,F,2026-01-05
21670,AW00021670,Benjamin,Lal,S,M,2026-01-05
21671,AW00021671,Nicolas,Jai,S,M,2026-01-05
21672,AW00021672,Craig,Gomez,S,M,2026-01-05
21673,AW00021673,Jésus,Gill,S,M,2026-01-05
21674,AW00021674,Jada,Morris,M,F,2026-01-05
21675,AW00021675,Adriana,Rana,S,F,2026-01-05
21676,AW00021676,Valerie,Guo,S,F,2026-01-05
21677,AW00021677,Cedric,Chander,S,M,2026-01-05
21678,AW00021678,Alvin,Tang,S,M,2026-01-05
21679,AW00021679,Drew,Yuan,S,M,2026-01-05
21680,AW00021680,Ricky,Torres,S,M,2026-01-05
21681,AW00021681,Casey,Ortega,S,M,2026-01-05
21682,AW00021682,Katrina,Goel,S,F,2026-01-05
21683,AW00021683,Henry,Suri,S,M,2026-01-05
21684,AW00021684,Mariah,Bennett,M,F,2026-01-05
21685,AW00021685,Bailey,Green,S,F,2026-01-05
21686,AW00021686,Albert,Ortega,M,M,2026-01-05
21687,AW00021687,Sarah,Brown,S,F,2026-01-05
21688,AW00021688,Jesse,Morris,S,M,2026-01-05
21689,AW00021689,Olivia,Simmons,M,F,2026-01-05
21690,AW00021690,Samantha,Thomas,S,F,2026-01-05
21691,AW00021691,Brandon,Martin,S,M,2026-01-05
21692,AW00021692,Savannah,Ward,S,F,2026-01-05
21693,AW00021693,Alyssa,Ashe,S,F,2026-01-05
21694,AW00021694,Bobby,Sai,S,M,2026-01-05
21695,AW00021695,Ethan,Rodriguez,M,M,2026-01-05
21696,AW00021696,Gabrielle,Watson,M,F,2026-01-05
21697,AW00021697,Dalton,Powell,M,M,2026-01-05
21698,AW00021698,Tracy,She,M,F,2026-01-05
21699,AW00021699,Logan,Sharma,M,M,2026-01-05
21700,AW00021700,Juan,Ramirez,M,M,2026-01-05
21701,AW00021701,Abigail,Sanders,M,F,2026-01-05
21702,AW00021702,Paige,Gonzales,M,F,2026-01-05
21703,AW00021703,Paige,Blue,M,F,2026-01-05
21704,AW00021704,Charles,Martinez,M,M,2026-01-05
21705,AW00021705,Warren,Sharma,M,M,2026-01-05
21706,AW00021706,Haley,Murphy,M,F,2026-01-05
21707,AW00021707,Cassidy,Simmons,M,F,2026-01-05
21708,AW00021708,Andrea,Brooks,M,F,2026-01-05
21709,AW00021709,Katherine,Torres,S,F,2026-01-05
21710,AW00021710,Brittany,Gonzales,M,F,2026-01-05
21711,AW00021711,Hailey,Gray,S,F,2026-01-05
21712,AW00021712,Megan,Ross,M,F,2026-01-05
21713,AW00021713,Jose,Parker,S,M,2026-01-05
21714,AW00021714,Carmen,Patel,S,F,2026-01-05
21715,AW00021715,Jonathan,Ross,M,M,2026-01-05
21716,AW00021716,Gerald,Sara,M,M,2026-01-05
21717,AW00021717,Angel,King,M,M,2026-01-05
21718,AW00021718,Devin,Roberts,S,M,2026-01-05
21719,AW00021719,Morgan,Torres,S,F,2026-01-05
21720,AW00021720,Raul,Jai,S,M,2026-01-05
21721,AW00021721,Sara,Campbell,S,F,2026-01-05
21722,AW00021722,Spencer,Wood,M,M,2026-01-05
21723,AW00021723,Tiffany,Huang,M,F,2026-01-05
21724,AW00021724,Mandy,Yang,S,F,2026-01-05
21725,AW00021725,Gabrielle,Cannata,S,F,2026-01-05
21726,AW00021726,Morgan,Hall,S,F,2026-01-05
21727,AW00021727,Arianna,Flores,M,F,2026-01-05
21728,AW00021728,Madison,Harris,S,F,2026-01-05
21729,AW00021729,Alexandria,Morgan,S,F,2026-01-05
21730,AW00021730,Noah,Campbell,M,M,2026-01-05
21731,AW00021731,Alexandra,Diaz,M,F,2026-01-05
21732,AW00021732,Ian,Johnson,S,M,2026-01-05
21733,AW00021733,Ian,Simmons,S,M,2026-01-05
21734,AW00021734,Grace,Garcia,M,F,2026-01-05
21735,AW00021735,Grace,Diaz,M,F,2026-01-05
21736,AW00021736,Thomas,Thompson,M,M,2026-01-05
21737,AW00021737,Timothy,Rivera,S,M,2026-01-05
21738,AW00021738,Francis,Alonso,M,M,2026-01-05
21739,AW00021739,Dale,Rai,S,M,2026-01-05
21740,AW00021740,Taylor,Walker,M,F,2026-01-05
21741,AW00021741,Alexa,Sanders,M,F,2026-01-05
21742,AW00021742,Katelyn,Cox,M,F,2026-01-05
21743,AW00021743,Theresa,Rubio,M,F,2026-01-05
21744,AW00021744,Emma,Perry,M,F,2026-01-05
21745,AW00021745,Isabel,Foster,S,F,2026-01-05
21746,AW00021746,Xavier,Hernandez,M,M,2026-01-05
21747,AW00021747,Derrick,Munoz,M,M,2026-01-05
21748,AW00021748,Wyatt,Harris,S,M,2026-01-05
21749,AW00021749,Ashley,Williams,S,F,2026-01-05
21750,AW00021750,Carlos,Reed,M,M,2026-01-05
21751,AW00021751,Logan,Jackson,M,M,2026-01-05
21752,AW00021752,Rafael,Li,M,M,2026-01-05
21753,AW00021753,Morgan,Robinson,M,F,2026-01-05
21754,AW00021754,Kaitlyn,Lopez,M,F,2026-01-05
21755,AW00021755,Lucas,White,M,M,2026-01-05
21756,AW00021756,Allison,Carter,M,F,2026-01-05
21757,AW00021757,Elijah,Wang,M,M,2026-01-05
21758,AW00021758,Patricia,Malhotra,M,F,2026-01-05
21759,AW00021759,Jennifer,Moore,M,F,2026-01-05
21760,AW00021760,Margaret,She,M,F,2026-01-05
21761,AW00021761,Makayla,Sanders,S,F,2026-01-05
21762,AW00021762,Andrea,Hernandez,M,F,2026-01-05
21763,AW00021763,Madison,Brown,M,F,2026-01-05
21764,AW00021764,Nathan,Smith,M,M,2026-01-05
21765,AW00021765,Nathaniel,Kelly,M,M,2026-01-05
21766,AW00021766,Jesse,Baker,M,M,2026-01-05
21767,AW00021767,Mariah,Ramirez,M,F,2026-01-05
21768,AW00021768,Cole,Watson,S,M,2026-01-05
21769,AW00021769,Michele,Rubio,S,F,2026-01-05
21770,AW00021770,Brandon,Thomas,M,M,2026-01-05
21771,AW00021771,Sheena,Shen,M,F,2026-01-05
21772,AW00021772,Sarah,Patterson,M,F,2026-01-05
21773,AW00021773,Alyssa,Rogers,M,F,2026-01-05
21774,AW00021774,Brian,James,M,M,2026-01-05
21775,AW00021775,Sean,Ramirez,S,M,2026-01-05
21776,AW00021776,Daniel,Thompson,M,M,2026-01-05
21777,AW00021777,Emily,Gonzales,M,F,2026-01-05
21778,AW00021778,Louis,Shen,M,M,2026-01-05
21779,AW00021779,Maurice,Black,S,M,2026-01-05
21780,AW00021780,Pedro,Gonzalez,M,M,2026-01-05
21781,AW00021781,Jared,Rivera,M,M,2026-01-05
21782,AW00021782,Blake,Martin,S,M,2026-01-05
21783,AW00021783,Kate,Goel,S,F,2026-01-05
21784,AW00021784,Mackenzie,Hernandez,S,F,2026-01-05
21785,AW00021785,Tabitha,Rodriguez,S,F,2026-01-05
21786,AW00021786,Alexis,Bennett,M,F,2026-01-05
21787,AW00021787,Rebecca,Allen,M,F,2026-01-05
21788,AW00021788,Spencer,Barnes,M,M,2026-01-05
21789,AW00021789,Lauren,Griffin,M,F,2026-01-05
21790,AW00021790,James,Diaz,M,M,2026-01-05
21791,AW00021791,Richard,Price,M,M,2026-01-05
21792,AW00021792,Cassidy,Butler,M,F,2026-01-05
21793,AW00021793,Kaylee,Scott,M,F,2026-01-05
21794,AW00021794,Alyssa,James,M,F,2026-01-05
21795,AW00021795,Tristan,Bennett,S,M,2026-01-05
21796,AW00021796,Emma,Ward,M,F,2026-01-05
21797,AW00021797,Kelvin,Gao,M,M,2026-01-05
21798,AW00021798,Jade,Sanders,M,F,2026-01-05
21799,AW00021799,Angel,Cook,M,M,2026-01-05
21800,AW00021800,Heidi,Raman,M,F,2026-01-05
21801,AW00021801,Kaylee,Cooper,M,F,2026-01-05
21802,AW00021802,Lucas,Roberts,M,M,2026-01-05
21803,AW00021803,Emily,Thomas,M,F,2026-01-05
21804,AW00021804,Brooke,Cook,M,F,2026-01-05
21805,AW00021805,Lucas,Russell,M,M,2026-01-05
21806,AW00021806,Kelvin,Xie,S,M,2026-01-05
21807,AW00021807,Amanda,Campbell,M,F,2026-01-05
21808,AW00021808,Amanda,Green,M,F,2026-01-05
21809,AW00021809,Sydney,Thompson,M,F,2026-01-05
21810,AW00021810,Justin,Miller,M,M,2026-01-05
21811,AW00021811,Olivia,Williams,M,F,2026-01-05
21812,AW00021812,Adrian,Bailey,M,M,2026-01-05
21813,AW00021813,Dalton,Brown,M,M,2026-01-05
21814,AW00021814,Noah,Edwards,M,M,2026-01-05
21815,AW00021815,Gabrielle,Green,S,F,2026-01-05
21816,AW00021816,Jackson,Roberts,S,M,2026-01-05
21817,AW00021817,Jerome,Carlson,M,M,2026-01-05
21818,AW00021818,Willie,Chander,M,M,2026-01-05
21819,AW00021819,Chloe,Howard,M,F,2026-01-05
21820,AW00021820,Priscilla,Nath,M,F,2026-01-05
21821,AW00021821,Clayton,Tang,S,M,2026-01-05
21822,AW00021822,Gregory,Yuan,S,M,2026-01-05
21823,AW00021823,Lacey,She,S,F,2026-01-05
21824,AW00021824,Warren,She,M,M,2026-01-05
21825,AW00021825,Randy,Zhou,M,M,2026-01-05
21826,AW00021826,Abigail,Russell,M,F,2026-01-05
21827,AW00021827,Mallory,Gutierrez,M,F,2026-01-05
21828,AW00021828,Megan,Gonzales,S,F,2026-01-05
21829,AW00021829,Carolyn,Rana,M,F,2026-01-05
21830,AW00021830,Briana,Alonso,M,F,2026-01-05
21831,AW00021831,Yolanda,Anand,M,F,2026-01-05
21832,AW00021832,Pedro,Gill,M,M,2026-01-05
21833,AW00021833,Terrance,Gonzalez,S,M,2026-01-05
21834,AW00021834,Jillian,Mehta,M,F,2026-01-05
21835,AW00021835,Susan,Sun,M,F,2026-01-05
21836,AW00021836,Kristi,Raman,M,F,2026-01-05
21837,AW00021837,Megan,Alexander,M,F,2026-01-05
21838,AW00021838,Gerald,Ruiz,M,M,2026-01-05
21839,AW00021839,Billy,Diaz,M,M,2026-01-05
21840,AW00021840,Stacey,Ma,M,F,2026-01-05
21841,AW00021841,Lindsay,Nath,M,F,2026-01-05
21842,AW00021842,Neil,Navarro,M,M,2026-01-05
21843,AW00021843,Erica,He,S,F,2026-01-05
21844,AW00021844,James,Long,M,M,2026-01-05
21845,AW00021845,Cameron,Miller,M,M,2026-01-05
21846,AW00021846,Kevin,Patterson,M,M,2026-01-05
21847,AW00021847,Dominic,Madan,S,M,2026-01-05
21848,AW00021848,Jerry,Raje,M,M,2026-01-05
21849,AW00021849,Todd,Chow,M,M,2026-01-05
21850,AW00021850,Bruce,Subram,M,M,2026-01-05
21851,AW00021851,Stuart,Railson,M,M,2026-01-05
21852,AW00021852,Eduardo,Johnson,M,M,2026-01-05
21853,AW00021853,Stacy,Gutierrez,M,F,2026-01-05
21854,AW00021854,Theresa,Schmidt,M,F,2026-01-05
21855,AW00021855,Paula,Martin,M,F,2026-01-05
21856,AW00021856,Emmanuel,Sanchez,M,M,2026-01-05
21857,AW00021857,Jay,Dominguez,S,M,2026-01-05
21858,AW00021858,Curtis,Lin,S,M,2026-01-05
21859,AW00021859,Monica,Kim,S,F,2026-01-05
21860,AW00021860,Jacquelyn,Gill,M,F,2026-01-05
21861,AW00021861,Kari,Romero,M,F,2026-01-05
21862,AW00021862,Michele,Prasad,M,F,2026-01-05
21863,AW00021863,Shawna,Anand,S,F,2026-01-05
21864,AW00021864,Martin,Lopez,S,M,2026-01-05
21865,AW00021865,Kathryn,Andersen,M,F,2026-01-05
21866,AW00021866,Shannon,Zhu,M,F,2026-01-05
21867,AW00021867,Michael,Ruggiero,M,M,2026-01-05
21868,AW00021868,Aimee,Ma,M,F,2026-01-05
21869,AW00021869,Tina,Prasad,M,F,2026-01-05
21870,AW00021870,Jenny,Raji,M,F,2026-01-05
21871,AW00021871,Devin,Adams,S,M,2026-01-05
21872,AW00021872,Alisha,Lal,S,F,2026-01-05
21873,AW00021873,Kellie,Navarro,M,F,2026-01-05
21874,AW00021874,Brandi,Suarez,M,F,2026-01-05
21875,AW00021875,Cedric,Nara,S,M,2026-01-05
21876,AW00021876,Philip,Rubio,S,M,2026-01-05
21877,AW00021877,Clarence,Xu,S,M,2026-01-05
21878,AW00021878,Bryant,Rana,M,M,2026-01-05
21879,AW00021879,Louis,Ma,S,M,2026-01-05
21880,AW00021880,Marc,Gomez,M,M,2026-01-05
21881,AW00021881,Nicole,Lewis,S,F,2026-01-05
21882,AW00021882,Jay,Ramos,S,M,2026-01-05
21883,AW00021883,Patricia,Kapoor,S,F,2026-01-05
21884,AW00021884,Tabitha,Gutierrez,M,F,2026-01-05
21885,AW00021885,Rafael,Xu,S,M,2026-01-05
21886,AW00021886,Jill,Carlson,S,F,2026-01-05
21887,AW00021887,Ashley,White,M,F,2026-01-05
21888,AW00021888,Evan,Edwards,S,M,2026-01-05
21889,AW00021889,Sheila,Navarro,M,F,2026-01-05
21890,AW00021890,Tiffany,Zeng,M,F,2026-01-05
21891,AW00021891,Dawn,Nara,M,F,2026-01-05
21892,AW00021892,Joan,Hernandez,M,F,2026-01-05
21893,AW00021893,Brandi,Hernandez,S,F,2026-01-05
21894,AW00021894,David,Li,S,M,2026-01-05
21895,AW00021895,Kaylee,Gonzalez,S,F,2026-01-05
21896,AW00021896,Roy,Subram,M,M,2026-01-05
21897,AW00021897,Francisco,Subram,M,M,2026-01-05
21898,AW00021898,Devon,Raji,M,M,2026-01-05
21899,AW00021899,Marie,Vazquez,M,F,2026-01-05
21900,AW00021900,Robert,Jones,S,M,2026-01-05
21901,AW00021901,Elizabeth,Taylor,M,F,2026-01-05
21902,AW00021902,Natalie,James,S,F,2026-01-05
21903,AW00021903,Fernando,Jenkins,S,M,2026-01-05
21904,AW00021904,Chase,Sandberg,M,M,2026-01-05
21905,AW00021905,Pedro,Hernandez,M,M,2026-01-05
21906,AW00021906,Miranda,Simmons,M,F,2026-01-05
21907,AW00021907,Jordan,Hall,M,F,2026-01-05
21908,AW00021908,Isabel,Hayes,M,F,2026-01-05
21909,AW00021909,Allison,Ward,M,F,2026-01-05
21910,AW00021910,Rebekah,Perez,S,F,2026-01-05
21911,AW00021911,Joan,Ross,S,F,2026-01-05
21912,AW00021912,Colleen,Kumar,S,F,2026-01-05
21913,AW00021913,Arthur,Blanco,S,M,2026-01-05
21914,AW00021914,Emily,Brown,S,F,2026-01-05
21915,AW00021915,Tristan,Wood,M,M,2026-01-05
21916,AW00021916,Jesse,Evans,M,M,2026-01-05
21917,AW00021917,Dalton,Johnson,M,M,2026-01-05
21918,AW00021918,Carol,Serrano,S,F,2026-01-05
21919,AW00021919,Melissa,Howard,M,F,2026-01-05
21920,AW00021920,Destiny,Bennett,M,F,2026-01-05
21921,AW00021921,Lucas,Collins,M,M,2026-01-05
21922,AW00021922,Bailey,Ward,M,F,2026-01-05
21923,AW00021923,Justin,Williams,M,M,2026-01-05
21924,AW00021924,Eduardo,Cook,M,M,2026-01-05
21925,AW00021925,Tabitha,Dominguez,S,F,2026-01-05
21926,AW00021926,Melanie,Henderson,S,F,2026-01-05
21927,AW00021927,Meredith,Browning,S,F,2026-01-05
21928,AW00021928,Karl,Luo,S,M,2026-01-05
21929,AW00021929,Karen,Perry,S,F,2026-01-05
21930,AW00021930,Marissa,Perry,S,F,2026-01-05
21931,AW00021931,Marcus,Wood,M,M,2026-01-05
21932,AW00021932,Leonard,Kumar,M,M,2026-01-05
21933,AW00021933,Nicole,Martin,M,F,2026-01-05
21934,AW00021934,Jennifer,Cox,M,F,2026-01-05
21935,AW00021935,Victoria,Simmons,M,F,2026-01-05
21936,AW00021936,Emma,Reed,M,F,2026-01-05
21937,AW00021937,Morgan,Ross,S,F,2026-01-05
21938,AW00021938,Savannah,Hall,M,F,2026-01-05
21939,AW00021939,Thomas,Roberts,M,M,2026-01-05
21940,AW00021940,Alejandro,Sharma,M,M,2026-01-05
21941,AW00021941,Gail,Moore,S,F,2026-01-05
21942,AW00021942,Julia,Roberts,M,F,2026-01-05
21943,AW00021943,Cindy,Mehta,S,F,2026-01-05
21944,AW00021944,Daisy,Jiménez,M,F,2026-01-05
21945,AW00021945,Pearlie,Rusek,S,F,2026-01-05
21946,AW00021946,Michele,Deng,M,F,2026-01-05
21947,AW00021947,Diane,Romero,M,F,2026-01-05
21948,AW00021948,Ann,Madan,M,F,2026-01-05
21949,AW00021949,Clayton,Chavez,S,M,2026-01-05
21950,AW00021950,Armando,Hernandez,S,M,2026-01-05
21951,AW00021951,Orlando,Hernandez,S,M,2026-01-05
21952,AW00021952,Latasha,Vazquez,S,F,2026-01-05
21953,AW00021953,Marvin,Vazquez,M,M,2026-01-05
21954,AW00021954,Yolanda,Andersen,S,F,2026-01-05
21955,AW00021955,Jenny,Ferrier,S,F,2026-01-05
21956,AW00021956,Jay,Kapoor,S,M,2026-01-05
21957,AW00021957,Kathryn,Shen,M,F,2026-01-05
21958,AW00021958,Mallory,Blanco,S,F,2026-01-05
21959,AW00021959,Jimmy,Dominguez,M,M,2026-01-05
21960,AW00021960,Dawn,Liu,M,F,2026-01-05
21961,AW00021961,Chelsea,Garcia,M,F,2026-01-05
21962,AW00021962,Kristi,Smith,S,F,2026-01-05
21963,AW00021963,Jacquelyn,Serrano,M,F,2026-01-05
21964,AW00021964,Devon,Nara,M,M,2026-01-05
21965,AW00021965,Bethany,Raheem,M,F,2026-01-05
21966,AW00021966,Ross,Sai,M,M,2026-01-05
21967,AW00021967,Charles,Sanders,M,M,2026-01-05
21968,AW00021968,Jaime,Deng,S,M,2026-01-05
21969,AW00021969,Latoya,Deng,S,F,2026-01-05
21970,AW00021970,Jada,Rivera,S,F,2026-01-05
21971,AW00021971,Warren,Shan,M,M,2026-01-05
21972,AW00021972,Mandy,She,M,F,2026-01-05
21973,AW00021973,Janet,Vazquez,M,F,2026-01-05
21974,AW00021974,Whitney,Suri,S,F,2026-01-05
21975,AW00021975,Alfredo,Ruiz,M,M,2026-01-05
21976,AW00021976,Jacqueline,Torres,S,F,2026-01-05
21977,AW00021977,Phillip,Malhotra,S,M,2026-01-05
21978,AW00021978,Tracy,Deng,M,F,2026-01-05
21979,AW00021979,Philip,Gutierrez,M,M,2026-01-05
21980,AW00021980,Beth,Moreno,S,F,2026-01-05
21981,AW00021981,Isabella,Henderson,M,F,2026-01-05
21982,AW00021982,Deborah,Lal,M,F,2026-01-05
21983,AW00021983,Glenn,Liang,M,M,2026-01-05
21984,AW00021984,Kristy,Suarez,S,F,2026-01-05
21985,AW00021985,Eddie,Torres,M,M,2026-01-05
21986,AW00021986,Kristi,Chapman,S,F,2026-01-05
21987,AW00021987,Theodore,Dominguez,S,M,2026-01-05
21988,AW00021988,Alisha,Zhao,M,F,2026-01-05
21989,AW00021989,Erik,Jimenez,M,M,2026-01-05
21990,AW00021990,Alejandro,Rai,S,M,2026-01-05
21991,AW00021991,Teresa,Gill,M,F,2026-01-05
21992,AW00021992,Alejandro,Zhang,S,M,2026-01-05
21993,AW00021993,Craig,Sanz,M,M,2026-01-05
21994,AW00021994,Natasha,Ruiz,S,F,2026-01-05
21995,AW00021995,Kathryn,Raji,S,F,2026-01-05
21996,AW00021996,Amy,Gao,M,F,2026-01-05
21997,AW00021997,Dennis,Xu,M,M,2026-01-05
21998,AW00021998,Erik,Hernandez,M,M,2026-01-05
21999,AW00021999,Julia,Barnes,M,F,2026-01-05
22000,AW00022000,Cynthia,Chandra,M,F,2026-01-05
22001,AW00022001,Gregory,Chander,S,M,2026-01-05
22002,AW00022002,Kristen,Chen,M,F,2026-01-05
22003,AW00022003,Jill,Navarro,M,F,2026-01-05
22004,AW00022004,Meghan,Ortega,M,F,2026-01-05
22005,AW00022005,Pamela,Mehta,M,F,2026-01-05
22006,AW00022006,Jon,Nara,M,M,2026-01-05
22007,AW00022007,Kaylee,Hernandez,S,F,2026-01-05
22008,AW00022008,Alisha,Ye,S,F,2026-01-05
22009,AW00022009,Ross,Alvarez,S,M,2026-01-05
22010,AW00022010,Henry,Lopez,S,M,2026-01-05
22011,AW00022011,Richard,Patterson,S,M,2026-01-05
22012,AW00022012,Regina,Malhotra,S,F,2026-01-05
22013,AW00022013,Marcus,Jenkins,S,M,2026-01-05
22014,AW00022014,Jose,Gonzales,S,M,2026-01-05
22015,AW00022015,Mary,Turner,M,F,2026-01-05
22016,AW00022016,Terrence,Andersen,S,M,2026-01-05
22017,AW00022017,Sharon,She,M,F,2026-01-05
22018,AW00022018,Todd,Sun,M,M,2026-01-05
22019,AW00022019,Rachel,Bryant,M,F,2026-01-05
22020,AW00022020,Jaime,Shan,M,M,2026-01-05
22021,AW00022021,Ethan,White,S,M,2026-01-05
22022,AW00022022,Christopher,Davis,S,M,2026-01-05
22023,AW00022023,Rafael,Chen,S,M,2026-01-05
22024,AW00022024,Samuel,Chen,S,M,2026-01-05
22025,AW00022025,Riley,Peterson,S,F,2026-01-05
22026,AW00022026,Bridget,Kennedy,M,F,2026-01-05
22027,AW00022027,Franklin,Luo,S,M,2026-01-05
22028,AW00022028,Jodi,Shen,M,F,2026-01-05
22029,AW00022029,Laura,Gao,M,F,2026-01-05
22030,AW00022030,Barbara,Shen,M,F,2026-01-05
22031,AW00022031,Jorge,Cai,M,M,2026-01-05
22032,AW00022032,Ivan,Fernandez,M,M,2026-01-05
22033,AW00022033,Marshall,Zhao,S,M,2026-01-05
22034,AW00022034,Seth,Clark,M,M,2026-01-05
22035,AW00022035,Ryan,Wilson,M,M,2026-01-05
22036,AW00022036,Gabriella,Hall,S,F,2026-01-05
22037,AW00022037,Angela,Gonzales,M,F,2026-01-05
22038,AW00022038,Isabella,Jackson,S,F,2026-01-05
22039,AW00022039,Marissa,Simmons,S,F,2026-01-05
22040,AW00022040,Devin,Brown,M,M,2026-01-05
22041,AW00022041,Paige,Morris,S,F,2026-01-05
22042,AW00022042,Abigail,Bryant,M,F,2026-01-05
22043,AW00022043,Trinity,Cox,S,F,2026-01-05
22044,AW00022044,Connor,Young,S,M,2026-01-05
22045,AW00022045,Cameron,Chen,S,M,2026-01-05
22046,AW00022046,Jasmine,Sanders,S,F,2026-01-05
22047,AW00022047,David,Gonzales,M,M,2026-01-05
22048,AW00022048,Grace,Washington,M,F,2026-01-05
22049,AW00022049,Allen,Patel,S,M,2026-01-05
22050,AW00022050,Richard,Bailey,S,M,2026-01-05
22051,AW00022051,Lauren,Rogers,S,F,2026-01-05
22052,AW00022052,Zachary,Butler,M,M,2026-01-05
22053,AW00022053,Jaime,Goel,S,M,2026-01-05
22054,AW00022054,Russell,Raji,S,M,2026-01-05
22055,AW00022055,Hannah,Clark,M,F,2026-01-05
22056,AW00022056,Alex,Howard,M,M,2026-01-05
22057,AW00022057,Kyle,Ross,S,M,2026-01-05
22058,AW00022058,Jake,Zukowski,S,M,2026-01-05
22059,AW00022059,Jonathan,Johnson,M,M,2026-01-05
22060,AW00022060,Evan,Hill,M,M,2026-01-05
22061,AW00022061,Jenny,Goel,S,F,2026-01-05
22062,AW00022062,Cameron,Flores,S,M,2026-01-05
22063,AW00022063,Joanna,Suarez,M,F,2026-01-05
22064,AW00022064,Lawrence,Carlson,M,M,2026-01-05
22065,AW00022065,Roy,Martin,M,M,2026-01-05
22066,AW00022066,Paula,Munoz,M,F,2026-01-05
22067,AW00022067,Julia,Jackson,M,F,2026-01-05
22068,AW00022068,Sean,James,S,M,2026-01-05
22069,AW00022069,Bailey,Reed,S,F,2026-01-05
22070,AW00022070,Eduardo,Brown,M,M,2026-01-05
22071,AW00022071,Gabriel,Carter,S,M,2026-01-05
22072,AW00022072,Devin,Russell,S,M,2026-01-05
22073,AW00022073,Timothy,Sanders,M,M,2026-01-05
22074,AW00022074,Richard,Washington,S,M,2026-01-05
22075,AW00022075,Pedro,Patel,M,M,2026-01-05
22076,AW00022076,Nelson,Vazquez,M,M,2026-01-05
22077,AW00022077,Marvin,Rubio,M,M,2026-01-05
22078,AW00022078,William,Martin,M,M,2026-01-05
22079,AW00022079,Katherine,Perez,M,F,2026-01-05
22080,AW00022080,Caitlin,Sanchez,M,F,2026-01-05
22081,AW00022081,Olivia,Clark,M,F,2026-01-05
22082,AW00022082,Lucas,Barnes,S,M,2026-01-05
22083,AW00022083,David,Flores,M,M,2026-01-05
22084,AW00022084,Francis,Gomez,M,M,2026-01-05
22085,AW00022085,Toni,Mehta,M,F,2026-01-05
22086,AW00022086,Chelsea,Sanchez,M,F,2026-01-05
22087,AW00022087,Joan,Coleman,M,F,2026-01-05
22088,AW00022088,Hannah,Diaz,M,F,2026-01-05
22089,AW00022089,Mason,Gray,M,M,2026-01-05
22090,AW00022090,Alexandra,Miller,M,F,2026-01-05
22091,AW00022091,Kayla,Griffin,M,F,2026-01-05
22092,AW00022092,Andrea,Young,M,F,2026-01-05
22093,AW00022093,Sydney,Baker,M,F,2026-01-05
22094,AW00022094,Jared,Watson,M,M,2026-01-05
22095,AW00022095,Brandon,Perry,S,M,2026-01-05
22096,AW00022096,Bryce,Cooper,S,M,2026-01-05
22097,AW00022097,David,Anderson,M,M,2026-01-05
22098,AW00022098,Katherine,Brooks,S,F,2026-01-05
22099,AW00022099,Joel,Schmidt,M,M,2026-01-05
22100,AW00022100,Fernando,Hall,M,M,2026-01-05
22101,AW00022101,Carol,White,S,F,2026-01-05
22102,AW00022102,Eduardo,Cox,M,M,2026-01-05
22103,AW00022103,Alexandra,Hernandez,M,F,2026-01-05
22104,AW00022104,Richard,Adams,S,M,2026-01-05
22105,AW00022105,Taylor,Cooper,M,F,2026-01-05
22106,AW00022106,Olivia,Long,M,F,2026-01-05
22107,AW00022107,Michael,Jones,S,M,2026-01-05
22108,AW00022108,Eduardo,Powell,S,M,2026-01-05
22109,AW00022109,Jonathan,Mitchell,M,M,2026-01-05
22110,AW00022110,Eduardo,King,M,M,2026-01-05
22111,AW00022111,Gabriella,King,M,F,2026-01-05
22112,AW00022112,Paige,Reed,M,F,2026-01-05
22113,AW00022113,Katherine,Garcia,S,F,2026-01-05
22114,AW00022114,Lucas,Martin,M,M,2026-01-05
22115,AW00022115,Dalton,Rogers,M,M,2026-01-05
22116,AW00022116,Robert,Lopez,S,M,2026-01-05
22117,AW00022117,Sydney,Perez,M,F,2026-01-05
22118,AW00022118,Jennifer,Parker,S,F,2026-01-05
22119,AW00022119,Hailey,Flores,M,F,2026-01-05
22120,AW00022120,Jennifer,Perry,M,F,2026-01-05
22121,AW00022121,Jackson,Henderson,M,M,2026-01-05
22122,AW00022122,Rachel,Butler,M,F,2026-01-05
22123,AW00022123,Isabella,Bailey,S,F,2026-01-05
22124,AW00022124,Desiree,Alonso,M,F,2026-01-05
22125,AW00022125,Zachary,Garcia,M,M,2026-01-05
22126,AW00022126,Rachel,Ward,M,F,2026-01-05
22127,AW00022127,Marcus,Thompson,M,M,2026-01-05
22128,AW00022128,Melissa,Perry,M,F,2026-01-05
22129,AW00022129,Chloe,Hall,M,F,2026-01-05
22130,AW00022130,Xavier,Bryant,M,M,2026-01-05
22131,AW00022131,Jessica,Cook,M,F,2026-01-05
22132,AW00022132,Rachael,Mehta,M,F,2026-01-05
22133,AW00022133,Xavier,Adams,M,M,2026-01-05
22134,AW00022134,Leonard,Raji,M,M,2026-01-05
22135,AW00022135,Julia,Hernandez,M,F,2026-01-05
22136,AW00022136,Devin,Evans,M,M,2026-01-05
22137,AW00022137,Elizabeth,Griffin,M,F,2026-01-05
22138,AW00022138,Alexandra,Brooks,M,F,2026-01-05
22139,AW00022139,Jaime,Pal,M,M,2026-01-05
22140,AW00022140,Makayla,Sanchez,M,F,2026-01-05
22141,AW00022141,Jesse,Carter,M,M,2026-01-05
22142,AW00022142,Nelson,Alonso,M,M,2026-01-05
22143,AW00022143,Summer,Prasad,M,F,2026-01-05
22144,AW00022144,Zachary,Wang,M,M,2026-01-05
22145,AW00022145,Eduardo,Kelly,M,M,2026-01-05
22146,AW00022146,Benjamin,Chen,S,M,2026-01-05
22147,AW00022147,Brett,Kapoor,M,M,2026-01-05
22148,AW00022148,Candace,Prasad,M,F,2026-01-05
22149,AW00022149,Gregory,Shen,M,M,2026-01-05
22150,AW00022150,Damien,Liang,M,M,2026-01-05
22151,AW00022151,Neil,Jimenez,M,M,2026-01-05
22152,AW00022152,Marcus,King,M,M,2026-01-05
22153,AW00022153,Alyssa,Kelly,M,F,2026-01-05
22154,AW00022154,Yolanda,Yuan,S,F,2026-01-05
22155,AW00022155,Steve,Cai,M,M,2026-01-05
22156,AW00022156,Jamie,Zheng,M,F,2026-01-05
22157,AW00022157,Maria,Richardson,S,F,2026-01-05
22158,AW00022158,Amber,Phillips,S,F,2026-01-05
22159,AW00022159,David,Davis,S,M,2026-01-05
22160,AW00022160,Alex,Richardson,S,M,2026-01-05
22161,AW00022161,Rachel,Clark,S,F,2026-01-05
22162,AW00022162,Brad,Yuan,M,M,2026-01-05
22163,AW00022163,Morgan,Scott,S,F,2026-01-05
22164,AW00022164,Destiny,Morris,S,F,2026-01-05
22165,AW00022165,Aaron,Perez,M,M,2026-01-05
22166,AW00022166,Katherine,Gray,S,F,2026-01-05
22167,AW00022167,Colleen,Yang,M,F,2026-01-05
22168,AW00022168,Erica,Wang,M,F,2026-01-05
22169,AW00022169,Jenny,Li,M,F,2026-01-05
22170,AW00022170,Cynthia,Martinez,M,F,2026-01-05
22171,AW00022171,Meredith,Gonzalez,M,F,2026-01-05
22172,AW00022172,Cesar,Sara,M,M,2026-01-05
22173,AW00022173,Bianca,Cai,M,F,2026-01-05
22174,AW00022174,Micah,Lu,M,M,2026-01-05
22175,AW00022175,Joy,Dominguez,M,F,2026-01-05
22176,AW00022176,Alejandro,Yang,M,M,2026-01-05
22177,AW00022177,Meghan,Suarez,M,F,2026-01-05
22178,AW00022178,Jessica,Bell,M,F,2026-01-05
22179,AW00022179,Abby,Mehta,M,F,2026-01-05
22180,AW00022180,Joe,Srini,S,M,2026-01-05
22181,AW00022181,Gary,Romero,S,M,2026-01-05
22182,AW00022182,Madeline,Parker,S,F,2026-01-05
22183,AW00022183,Benjamin,Jones,M,M,2026-01-05
22184,AW00022184,Jeremy,Carter,M,M,2026-01-05
22185,AW00022185,Connor,Henderson,M,M,2026-01-05
22186,AW00022186,Jonathan,Foster,S,M,2026-01-05
22187,AW00022187,Hannah,Russell,S,F,2026-01-05
22188,AW00022188,Sarah,Barnes,M,F,2026-01-05
22189,AW00022189,Linda,Hernandez,M,F,2026-01-05
22190,AW00022190,Carlos,Richardson,S,M,2026-01-05
22191,AW00022191,Jack,Adams,S,M,2026-01-05
22192,AW00022192,Henry,Zimmerman,S,M,2026-01-05
22193,AW00022193,Toni,Garcia,S,F,2026-01-05
22194,AW00022194,Bruce,Sai,S,M,2026-01-05
22195,AW00022195,Philip,Romero,M,M,2026-01-05
22196,AW00022196,Francis,Romero,S,M,2026-01-05
22197,AW00022197,Larry,Dominguez,S,M,2026-01-05
22198,AW00022198,Frank,Hernandez,M,M,2026-01-05
22199,AW00022199,David,Lee,S,M,2026-01-05
22200,AW00022200,Martha,Ye,S,F,2026-01-05
22201,AW00022201,Lindsey,Luo,M,F,2026-01-05
22202,AW00022202,Roberto,Diaz,M,M,2026-01-05
22203,AW00022203,Alisha,Zheng,M,F,2026-01-05
22204,AW00022204,Dustin,Xie,M,M,2026-01-05
22205,AW00022205,Bobby,Saunders,M,M,2026-01-05
22206,AW00022206,Cynthia,Rodriguez,S,F,2026-01-05
22207,AW00022207,Nancy,Sanchez,S,F,2026-01-05
22208,AW00022208,Candice,Liang,M,F,2026-01-05
22209,AW00022209,Cedric,Shen,M,M,2026-01-05
22210,AW00022210,Martha,Yang,M,F,2026-01-05
22211,AW00022211,Richard,Gray,M,M,2026-01-05
22212,AW00022212,Kara,Xu,M,F,2026-01-05
22213,AW00022213,Jay,Patel,S,M,2026-01-05
22214,AW00022214,Sabrina,Ruiz,M,F,2026-01-05
22215,AW00022215,Samuel,Lal,M,M,2026-01-05
22216,AW00022216,Marcus,Howard,S,M,2026-01-05
22217,AW00022217,Dylan,Powell,M,M,2026-01-05
22218,AW00022218,Christian,Bryant,M,M,2026-01-05
22219,AW00022219,Juha-Pekka,Posti,M,F,2026-01-05
22220,AW00022220,Brandon,Sharma,M,M,2026-01-05
22221,AW00022221,Benjamin,Kumar,M,M,2026-01-05
22222,AW00022222,Angel,Hill,M,M,2026-01-05
22223,AW00022223,Gabrielle,Parker,M,F,2026-01-05
22224,AW00022224,Katherine,Alexander,M,F,2026-01-05
22225,AW00022225,Jessica,Murphy,S,F,2026-01-05
22226,AW00022226,Morgan,Sanders,M,F,2026-01-05
22227,AW00022227,Barbara,Cai,M,F,2026-01-05
22228,AW00022228,Katelyn,Gonzalez,M,F,2026-01-05
22229,AW00022229,Wyatt,Perry,M,M,2026-01-05
22230,AW00022230,Jordyn,Bennett,M,F,2026-01-05
22231,AW00022231,Grace,Brooks,M,F,2026-01-05
22232,AW00022232,Paige,Brooks,M,F,2026-01-05
22233,AW00022233,Xavier,Martin,M,M,2026-01-05
22234,AW00022234,Katherine,Gonzalez,M,F,2026-01-05
22235,AW00022235,Sebastian,Peterson,M,M,2026-01-05
22236,AW00022236,Jose,Gonzalez,M,M,2026-01-05
22237,AW00022237,Angel,Morris,M,M,2026-01-05
22238,AW00022238,Alex,Murphy,M,M,2026-01-05
22239,AW00022239,Jesse,Cook,M,M,2026-01-05
22240,AW00022240,Miguel,Powell,M,M,2026-01-05
22241,AW00022241,Alexandria,Washington,M,F,2026-01-05
22242,AW00022242,Cameron,Walker,M,M,2026-01-05
22243,AW00022243,Emma,Lewis,M,F,2026-01-05
22244,AW00022244,Shelby,Howard,M,F,2026-01-05
22245,AW00022245,Evan,Lopez,S,M,2026-01-05
22246,AW00022246,Jacqueline,Cox,M,F,2026-01-05
22247,AW00022247,Ryan,Williams,M,M,2026-01-05
22248,AW00022248,Gary,Ramos,M,M,2026-01-05
22249,AW00022249,Kevin,Chen,M,M,2026-01-05
22250,AW00022250,Michael,Wilson,M,M,2026-01-05
22251,AW00022251,Martha,She,M,F,2026-01-05
22252,AW00022252,Makayla,Brooks,S,F,2026-01-05
22253,AW00022253,Stephanie,Reed,M,F,2026-01-05
22254,AW00022254,Fernando,Scott,M,M,2026-01-05
22255,AW00022255,Nicole,Rogers,M,F,2026-01-05
22256,AW00022256,Edwin,Lu,M,M,2026-01-05
22257,AW00022257,Carrie,Romero,M,F,2026-01-05
22258,AW00022258,Jessica,Reed,M,F,2026-01-05
22259,AW00022259,Dalton,Mitchell,S,M,2026-01-05
22260,AW00022260,Courtney,Allen,M,F,2026-01-05
22261,AW00022261,Isaac,Allen,S,M,2026-01-05
22262,AW00022262,Marcus,Collins,S,M,2026-01-05
22263,AW00022263,Patrick,Blue,M,M,2026-01-05
22264,AW00022264,Stephanie,Coleman,S,F,2026-01-05
22265,AW00022265,Jeremiah,Sanchez,M,M,2026-01-05
22266,AW00022266,Rachel,Sanders,M,F,2026-01-05
22267,AW00022267,Brianna,Rodriguez,M,F,2026-01-05
22268,AW00022268,Alexandra,Barnes,S,F,2026-01-05
22269,AW00022269,Caleb,Yang,M,M,2026-01-05
22270,AW00022270,Antonio,Gonzales,M,M,2026-01-05
22271,AW00022271,Connor,Mitchell,M,M,2026-01-05
22272,AW00022272,Isabella,Kelly,M,F,2026-01-05
22273,AW00022273,Patricia,Rodriguez,S,F,2026-01-05
22274,AW00022274,Adam,Chen,S,M,2026-01-05
22275,AW00022275,Ian,Bailey,S,M,2026-01-05
22276,AW00022276,Gabriella,Gray,S,F,2026-01-05
22277,AW00022277,Arianna,Torres,S,F,2026-01-05
22278,AW00022278,Mariah,Gray,S,F,2026-01-05
22279,AW00022279,Riley,Kelly,M,F,2026-01-05
22280,AW00022280,Luis,Scott,M,M,2026-01-05
22281,AW00022281,Alexia,Diaz,M,F,2026-01-05
22282,AW00022282,Jonathan,Hughes,S,M,2026-01-05
22283,AW00022283,Eduardo,Davis,S,M,2026-01-05
22284,AW00022284,Kristy,Sanz,S,F,2026-01-05
22285,AW00022285,Meredith,Moreno,M,F,2026-01-05
22286,AW00022286,Gabriel,Hughes,M,M,2026-01-05
22287,AW00022287,Megan,Griffin,S,F,2026-01-05
22288,AW00022288,Isabel,Patterson,S,F,2026-01-05
22289,AW00022289,Thomas,Long,M,M,2026-01-05
22290,AW00022290,Jocelyn,Jenkins,M,F,2026-01-05
22291,AW00022291,Carlos,Morris,M,M,2026-01-05
22292,AW00022292,Stacy,Gomez,M,F,2026-01-05
22293,AW00022293,Jasmine,Johnson,M,F,2026-01-05
22294,AW00022294,Rachel,Brown,S,F,2026-01-05
22295,AW00022295,Jade,Morgan,S,F,2026-01-05
22296,AW00022296,Benjamin,Johnson,M,M,2026-01-05
22297,AW00022297,Jasmine,Garcia,S,F,2026-01-05
22298,AW00022298,Marcus,Williams,S,M,2026-01-05
22299,AW00022299,Richard,Murphy,S,M,2026-01-05
22300,AW00022300,Kaitlyn,Price,S,F,2026-01-05
22301,AW00022301,Abigail,Rodriguez,M,F,2026-01-05
22302,AW00022302,Clayton,Guo,M,M,2026-01-05
22303,AW00022303,Philip,Alonso,S,M,2026-01-05
22304,AW00022304,Jaime,Vazquez,S,F,2026-01-05
22305,AW00022305,Anne,Carlson,S,F,2026-01-05
22306,AW00022306,Ivan,Kapoor,S,M,2026-01-05
22307,AW00022307,Sarah,Ross,M,F,2026-01-05
22308,AW00022308,Cassandra,Lopez,M,F,2026-01-05
22309,AW00022309,Leah,Zhou,M,F,2026-01-05
22310,AW00022310,Christina,Sanders,S,F,2026-01-05
22311,AW00022311,Bruce,Sara,S,M,2026-01-05
22312,AW00022312,Kristi,Mehta,M,F,2026-01-05
22313,AW00022313,Jarrod,Martinez,S,M,2026-01-05
22314,AW00022314,Brandy,Patel,M,F,2026-01-05
22315,AW00022315,Darren,Raman,S,M,2026-01-05
22316,AW00022316,Deanna,Sara,M,F,2026-01-05
22317,AW00022317,Karla,Nath,S,F,2026-01-05
22318,AW00022318,Ramon,Xu,S,M,2026-01-05
22319,AW00022319,Jorge,Zhou,S,M,2026-01-05
22320,AW00022320,Danny,Gill,M,M,2026-01-05
22321,AW00022321,Alan,Zeng,S,M,2026-01-05
22322,AW00022322,Roger,Zhao,S,M,2026-01-05
22323,AW00022323,Erica,Liang,S,F,2026-01-05
22324,AW00022324,Kari,Gill,M,F,2026-01-05
22325,AW00022325,Noah,Rodriguez,S,M,2026-01-05
22326,AW00022326,Riley,Howard,S,F,2026-01-05
22327,AW00022327,Jake,Cai,S,M,2026-01-05
22328,AW00022328,Grace,Anderson,S,F,2026-01-05
22329,AW00022329,Grace,Peterson,M,F,2026-01-05
22330,AW00022330,Jose,Walker,M,M,2026-01-05
22331,AW00022331,Michele,Yuan,M,F,2026-01-05
22332,AW00022332,Brittany,Bennett,M,F,2026-01-05
22333,AW00022333,Gabriella,Watson,M,F,2026-01-05
22334,AW00022334,Juan,Serrano,M,M,2026-01-05
22335,AW00022335,Anthony,Taylor,M,M,2026-01-05
22336,AW00022336,Frank,Moreno,M,M,2026-01-05
22337,AW00022337,Haley,Jenkins,M,F,2026-01-05
22338,AW00022338,Thomas,Russell,M,M,2026-01-05
22339,AW00022339,Richard,Nelson,M,M,2026-01-05
22340,AW00022340,Isaac,Young,M,M,2026-01-05
22341,AW00022341,Tristan,Washington,M,M,2026-01-05
22342,AW00022342,Jon,Lal,M,M,2026-01-05
22343,AW00022343,Brittany,Powell,M,F,2026-01-05
22344,AW00022344,Krystal,Yang,M,F,2026-01-05
22345,AW00022345,Amanda,James,M,F,2026-01-05
22346,AW00022346,Catherine,Howard,M,F,2026-01-05
22347,AW00022347,Abigail,Long,M,F,2026-01-05
22348,AW00022348,Zoe,Torres,M,F,2026-01-05
22349,AW00022349,Mason,Morris,M,M,2026-01-05
22350,AW00022350,Riley,Powell,M,F,2026-01-05
22351,AW00022351,Sarah,Davis,M,F,2026-01-05
22352,AW00022352,Elizabeth,Moore,M,F,2026-01-05
22353,AW00022353,Amanda,Allen,M,F,2026-01-05
22354,AW00022354,Sara,King,M,F,2026-01-05
22355,AW00022355,Logan,Jones,M,M,2026-01-05
22356,AW00022356,Charles,Ward,M,M,2026-01-05
22357,AW00022357,Justin,Lal,M,M,2026-01-05
22358,AW00022358,Sydney,Butler,M,F,2026-01-05
22359,AW00022359,Ethan,Lee,S,M,2026-01-05
22360,AW00022360,Caleb,Collins,S,M,2026-01-05
22361,AW00022361,Nathan,White,M,M,2026-01-05
22362,AW00022362,Austin,Russell,M,M,2026-01-05
22363,AW00022363,Faith,Diaz,S,F,2026-01-05
22364,AW00022364,Katherine,Jenkins,M,F,2026-01-05
22365,AW00022365,Sebastian,Richardson,M,M,2026-01-05
22366,AW00022366,Logan,Henderson,M,M,2026-01-05
22367,AW00022367,Jasmine,Griffin,S,F,2026-01-05
22368,AW00022368,Edward,Ross,S,M,2026-01-05
22369,AW00022369,Louis,Deng,M,M,2026-01-05
22370,AW00022370,Carol,Patterson,S,F,2026-01-05
22371,AW00022371,Blake,Powell,S,M,2026-01-05
22372,AW00022372,Melanie,Perry,S,F,2026-01-05
22373,AW00022373,Gabrielle,Bell,S,F,2026-01-05
22374,AW00022374,Luke,Patterson,M,M,2026-01-05
22375,AW00022375,Jasmine,Williams,S,F,2026-01-05
22376,AW00022376,Marcus,Martin,S,M,2026-01-05
22377,AW00022377,Roger,Zeng,S,M,2026-01-05
22378,AW00022378,Rebekah,Malhotra,S,F,2026-01-05
22379,AW00022379,Fernando,Hayes,S,M,2026-01-05
22380,AW00022380,Brendan,Nath,S,M,2026-01-05
22381,AW00022381,Hunter,Patterson,M,M,2026-01-05
22382,AW00022382,Bethany,Xu,S,F,2026-01-05
22383,AW00022383,Devin,Jenkins,M,M,2026-01-05
22384,AW00022384,Paige,Sanchez,S,F,2026-01-05
22385,AW00022385,Misty,Lal,M,F,2026-01-05
22386,AW00022386,Jerome,Gill,M,M,2026-01-05
22387,AW00022387,Audrey,Romero,M,F,2026-01-05
22388,AW00022388,Bradley,Beck,M,M,2026-01-05
22389,AW00022389,Edwin,Luo,M,M,2026-01-05
22390,AW00022390,Kelvin,Zheng,M,M,2026-01-05
22391,AW00022391,Angela,Watson,M,F,2026-01-05
22392,AW00022392,Bailey,Gray,M,F,2026-01-05
22393,AW00022393,Chelsea,Perez,S,F,2026-01-05
22394,AW00022394,Meagan,Suri,S,F,2026-01-05
22395,AW00022395,Jermaine,Patel,S,M,2026-01-05
22396,AW00022396,Rebekah,Patel,S,F,2026-01-05
22397,AW00022397,Marie,Patel,M,F,2026-01-05
22398,AW00022398,Sheila,Moreno,M,F,2026-01-05
22399,AW00022399,Arthur,Fernandez,S,M,2026-01-05
22400,AW00022400,Ruben,Martin,M,M,2026-01-05
22401,AW00022401,Ian,Price,M,M,2026-01-05
22402,AW00022402,Clarence,Xie,M,M,2026-01-05
22403,AW00022403,Cedric,Beck,M,M,2026-01-05
22404,AW00022404,Margaret,Xu,S,F,2026-01-05
22405,AW00022405,Leonard,Becker,M,M,2026-01-05
22406,AW00022406,Kelvin,Shen,M,M,2026-01-05
22407,AW00022407,Carolyn,Gonzalez,M,F,2026-01-05
22408,AW00022408,Clarence,Shan,S,M,2026-01-05
22409,AW00022409,Candace,Madan,S,F,2026-01-05
22410,AW00022410,Cassandra,Arthur,S,F,2026-01-05
22411,AW00022411,Amy,He,S,F,2026-01-05
22412,AW00022412,Drew,Andersen,M,M,2026-01-05
22413,AW00022413,Kristi,Diaz,M,F,2026-01-05
22414,AW00022414,Eugene,Wu,S,M,2026-01-05
22415,AW00022415,Natalie,Phillips,S,F,2026-01-05
22416,AW00022416,Tabitha,Romero,M,F,2026-01-05
22417,AW00022417,Shaun,Goel,M,M,2026-01-05
22418,AW00022418,Jacob,Smith,M,M,2026-01-05
22419,AW00022419,Damien,Xu,S,M,2026-01-05
22420,AW00022420,Richard,Moore,S,M,2026-01-05
22421,AW00022421,Barbara,Sharma,S,F,2026-01-05
22422,AW00022422,Nichole,Black,M,F,2026-01-05
22423,AW00022423,Byron,Hernandez,S,M,2026-01-05
22424,AW00022424,Edwin,Rai,S,M,2026-01-05
22425,AW00022425,Roy,Sullivan,S,M,2026-01-05
22426,AW00022426,Heather,Zhu,M,F,2026-01-05
22427,AW00022427,Willie,Sharma,S,M,2026-01-05
22428,AW00022428,Destiny,Smith,S,F,2026-01-05
22429,AW00022429,Jesse,Reed,M,M,2026-01-05
22430,AW00022430,Brad,Chande,S,M,2026-01-05
22431,AW00022431,Marie,Dominguez,S,F,2026-01-05
22432,AW00022432,Bridget,Xie,S,F,2026-01-05
22433,AW00022433,Miguel,Hill,S,M,2026-01-05
22434,AW00022434,Billy,Schmidt,S,M,2026-01-05
22435,AW00022435,Ross,Navarro,S,M,2026-01-05
22436,AW00022436,Roger,Raji,S,M,2026-01-05
22437,AW00022437,Trisha,Zheng,S,F,2026-01-05
22438,AW00022438,Casey,Jiménez,S,M,2026-01-05
22439,AW00022439,Tracy,Raji,M,F,2026-01-05
22440,AW00022440,Robyn,Sanz,S,F,2026-01-05
22441,AW00022441,Andrea,Torres,S,F,2026-01-05
22442,AW00022442,Trisha,Sun,S,F,2026-01-05
22443,AW00022443,Marvin,Suarez,S,M,2026-01-05
22444,AW00022444,Colin,Xie,S,M,2026-01-05
22445,AW00022445,Diane,Suarez,S,F,2026-01-05
22446,AW00022446,Jake,Wu,S,M,2026-01-05
22447,AW00022447,Tara,Shan,M,F,2026-01-05
22448,AW00022448,Cindy,Weber,S,F,2026-01-05
22449,AW00022449,Heather,He,M,F,2026-01-05
22450,AW00022450,Audrey,Alvarez,M,F,2026-01-05
22451,AW00022451,Barbara,Rai,S,F,2026-01-05
22452,AW00022452,Carly,Deng,S,F,2026-01-05
22453,AW00022453,Dakota,Long,M,M,2026-01-05
22454,AW00022454,Rebekah,Raman,M,F,2026-01-05
22455,AW00022455,Roy,Kapoor,M,M,2026-01-05
22456,AW00022456,Brittney,Guo,S,F,2026-01-05
22457,AW00022457,Kimberly,Cooper,M,F,2026-01-05
22458,AW00022458,Kendra,Vazquez,S,F,2026-01-05
22459,AW00022459,Johnny,Xu,M,M,2026-01-05
22460,AW00022460,Julio,Torres,S,M,2026-01-05
22461,AW00022461,Arturo,Luo,S,M,2026-01-05
22462,AW00022462,Lydia,Chandra,S,F,2026-01-05
22463,AW00022463,Raymond,Chandra,M,M,2026-01-05
22464,AW00022464,Erik,Sanz,M,M,2026-01-05
22465,AW00022465,Arturo,Shan,S,M,2026-01-05
22466,AW00022466,Raul,Tang,S,M,2026-01-05
22467,AW00022467,Neil,Alvarez,S,M,2026-01-05
22468,AW00022468,Ruben,Gonzalez,M,M,2026-01-05
22469,AW00022469,Sabrina,Moreno,M,F,2026-01-05
22470,AW00022470,Carly,Tang,M,F,2026-01-05
22471,AW00022471,Joel,Martinez,S,M,2026-01-05
22472,AW00022472,Bridget,Sharma,S,F,2026-01-05
22473,AW00022473,Clifford,Patel,S,M,2026-01-05
22474,AW00022474,Leah,Zhu,S,F,2026-01-05
22475,AW00022475,Heidi,Rana,S,F,2026-01-05
22476,AW00022476,Shane,Martinez,S,M,2026-01-05
22477,AW00022477,Kevin,Diaz,S,M,2026-01-05
22478,AW00022478,Carolyn,Browning,S,F,2026-01-05
22479,AW00022479,Tammy,Malhotra,M,F,2026-01-05
22480,AW00022480,Abby,Gonzalez,M,F,2026-01-05
22481,AW00022481,Erik,Ortega,M,M,2026-01-05
22482,AW00022482,Cassidy,Jenkins,S,F,2026-01-05
22483,AW00022483,Lee,Ramos,S,M,2026-01-05
22484,AW00022484,Kristy,Ruiz,S,F,2026-01-05
22485,AW00022485,Andy,Suarez,S,M,2026-01-05
22486,AW00022486,Jimmy,Ruiz,S,M,2026-01-05
22487,AW00022487,Jonathon,Gill,S,M,2026-01-05
22488,AW00022488,Frederick,Patel,M,M,2026-01-05
22489,AW00022489,Roger,Xie,M,M,2026-01-05
22490,AW00022490,Desiree,Vazquez,S,F,2026-01-05
22491,AW00022491,Jerry,Nara,S,M,2026-01-05
22492,AW00022492,Jorge,She,S,M,2026-01-05
22493,AW00022493,Dwayne,Sanz,S,M,2026-01-05
22494,AW00022494,Jon,Andersen,S,M,2026-01-05
22495,AW00022495,Andy,Serrano,S,M,2026-01-05
22496,AW00022496,Christina,Brooks,M,F,2026-01-05
22497,AW00022497,Casey,Gomez,S,M,2026-01-05
22498,AW00022498,Pedro,Jimenez,S,M,2026-01-05
22499,AW00022499,Dawn,Zhou,M,F,2026-01-05
22500,AW00022500,Brent,Zhao,S,M,2026-01-05
22501,AW00022501,Colin,Ye,S,M,2026-01-05
22502,AW00022502,Grace,Miller,S,F,2026-01-05
22503,AW00022503,Sandra,Zhao,M,F,2026-01-05
22504,AW00022504,Arturo,Rai,S,M,2026-01-05
22505,AW00022505,Julie,Shen,M,F,2026-01-05
22506,AW00022506,Brenda,Prasad,S,F,2026-01-05
22507,AW00022507,Louis,Wang,S,M,2026-01-05
22508,AW00022508,Jon,Huang,M,M,2026-01-05
22509,AW00022509,Lacey,Nara,M,F,2026-01-05
22510,AW00022510,Lori,Gill,M,F,2026-01-05
22511,AW00022511,Wendy,Suarez,S,F,2026-01-05
22512,AW00022512,Meagan,Mehta,S,F,2026-01-05
22513,AW00022513,Kenneth,Anand,S,M,2026-01-05
22514,AW00022514,Marvin,Johnsen,S,M,2026-01-05
22515,AW00022515,Alexa,Morris,S,F,2026-01-05
22516,AW00022516,Adrienne,Ortega,S,F,2026-01-05
22517,AW00022517,Luis,Adams,S,M,2026-01-05
22518,AW00022518,Jillian,Sai,S,F,2026-01-05
22519,AW00022519,Logan,Hughes,M,M,2026-01-05
22520,AW00022520,Rodney,Torres,M,M,2026-01-05
22521,AW00022521,Christina,Rivera,S,F,2026-01-05
22522,AW00022522,Benjamin,Hayes,S,M,2026-01-05
22523,AW00022523,Jon,Xu,M,M,2026-01-05
22524,AW00022524,Michele,Hernandez,M,F,2026-01-05
22525,AW00022525,Julio,Gutierrez,S,M,2026-01-05
22526,AW00022526,Jamie,Moreno,S,M,2026-01-05
22527,AW00022527,Rachel,Flores,S,F,2026-01-05
22528,AW00022528,Jaime,Blanco,S,F,2026-01-05
22529,AW00022529,Ross,Raman,S,M,2026-01-05
22530,AW00022530,Kelli,Jai,S,F,2026-01-05
22531,AW00022531,Tiffany,Zhou,S,F,2026-01-05
22532,AW00022532,Ryan,Thomas,S,M,2026-01-05
22533,AW00022533,Jake,Liu,M,M,2026-01-05
22534,AW00022534,Suzanne,Liang,S,F,2026-01-05
22535,AW00022535,Rachael,Prasad,M,F,2026-01-05
22536,AW00022536,Brianna,Rogers,M,F,2026-01-05
22537,AW00022537,Xavier,Jenkins,S,M,2026-01-05
22538,AW00022538,Bianca,Wang,S,F,2026-01-05
22539,AW00022539,Randall,Sanz,S,M,2026-01-05
22540,AW00022540,Latasha,Ramos,S,F,2026-01-05
22541,AW00022541,Stefanie,Martinez,S,F,2026-01-05
22542,AW00022542,Teresa,Alvarez,S,F,2026-01-05
22543,AW00022543,Jeremy,Campbell,S,M,2026-01-05
22544,AW00022544,Maria,Evans,M,F,2026-01-05
22545,AW00022545,Brittany,Bryant,M,F,2026-01-05
22546,AW00022546,Nicholas,Jones,M,M,2026-01-05
22547,AW00022547,Elijah,Flores,S,M,2026-01-05
22548,AW00022548,Angela,Brooks,M,F,2026-01-05
22549,AW00022549,Isabel,Russell,M,F,2026-01-05
22550,AW00022550,Kristopher,Rana,M,M,2026-01-05
22551,AW00022551,Andy,Rubio,S,M,2026-01-05
22552,AW00022552,Andrea,Rusko,S,F,2026-01-05
22553,AW00022553,Melinda,Vazquez,M,F,2026-01-05
22554,AW00022554,Gilbert,Xu,M,M,2026-01-05
22555,AW00022555,Ethan,Taylor,M,M,2026-01-05
22556,AW00022556,Oscar,Griffin,S,M,2026-01-05
22557,AW00022557,Jason,Scott,S,M,2026-01-05
22558,AW00022558,Ernest,Ye,M,M,2026-01-05
22559,AW00022559,Stacy,Vazquez,S,F,2026-01-05
22560,AW00022560,Casey,Jai,S,F,2026-01-05
22561,AW00022561,Katie,Nara,S,F,2026-01-05
22562,AW00022562,Kelli,Li,S,F,2026-01-05
22563,AW00022563,Darren,Weber,S,M,2026-01-05
22564,AW00022564,Autumn,Sun,M,F,2026-01-05
22565,AW00022565,Brenda,Subram,S,F,2026-01-05
22566,AW00022566,Damien,Pal,S,M,2026-01-05
22567,AW00022567,Glenn,Zhu,M,M,2026-01-05
22568,AW00022568,Autumn,Wu,S,F,2026-01-05
22569,AW00022569,Johnny,Goel,M,M,2026-01-05
22570,AW00022570,Jackson,Yang,S,M,2026-01-05
22571,AW00022571,Armando,Vazquez,M,M,2026-01-05
22572,AW00022572,Karen,Cai,M,F,2026-01-05
22573,AW00022573,Lance,Sanz,S,M,2026-01-05
22574,AW00022574,Randy,Zheng,M,M,2026-01-05
22575,AW00022575,Orlando,Blanco,S,M,2026-01-05
22576,AW00022576,Tony,Xu,S,M,2026-01-05
22577,AW00022577,Bryant,Sai,M,M,2026-01-05
22578,AW00022578,Juan,Vazquez,S,M,2026-01-05
22579,AW00022579,Kara,Lal,S,F,2026-01-05
22580,AW00022580,Alexis,Long,S,F,2026-01-05
22581,AW00022581,Theresa,Vazquez,M,F,2026-01-05
22582,AW00022582,Evelyn,Madan,S,F,2026-01-05
22583,AW00022583,Troy,Sara,S,M,2026-01-05
22584,AW00022584,Meagan,Lopez,S,F,2026-01-05
22585,AW00022585,Kelvin,He,S,M,2026-01-05
22586,AW00022586,Derek,Shen,M,M,2026-01-05
22587,AW00022587,Gina,Alonso,S,F,2026-01-05
22588,AW00022588,Teresa,Martin,S,F,2026-01-05
22589,AW00022589,Cynthia,Suri,S,F,2026-01-05
22590,AW00022590,Oscar,Hughes,M,M,2026-01-05
22591,AW00022591,Jon,Becker,S,M,2026-01-05
22592,AW00022592,Lindsey,Anand,S,F,2026-01-05
22593,AW00022593,Thomas,Johnson,S,M,2026-01-05
22594,AW00022594,Gabriella,James,M,F,2026-01-05
22595,AW00022595,Nicolas,Xie,M,M,2026-01-05
22596,AW00022596,Omar,Xu,M,M,2026-01-05
22597,AW00022597,Rachael,Chandra,M,F,2026-01-05
22598,AW00022598,Donald,Sanchez,S,M,2026-01-05
22599,AW00022599,Philip,Gill,M,M,2026-01-05
22600,AW00022600,Maurice,Kumar,S,M,2026-01-05
22601,AW00022601,Aimee,Gao,M,F,2026-01-05
22602,AW00022602,Kelli,Andersen,S,F,2026-01-05
22603,AW00022603,Autumn,He,S,F,2026-01-05
22604,AW00022604,Wyatt,Simmons,S,M,2026-01-05
22605,AW00022605,Derrick,Schmidt,S,M,2026-01-05
22606,AW00022606,Alfredo,Hernandez,S,M,2026-01-05
22607,AW00022607,Whitney,Gonzalez,S,F,2026-01-05
22608,AW00022608,Arthur,Munoz,S,M,2026-01-05
22609,AW00022609,Clarence,Cai,M,M,2026-01-05
22610,AW00022610,Brent,Chen,M,M,2026-01-05
22611,AW00022611,Chad,Deng,M,M,2026-01-05
22612,AW00022612,Franklin,Huang,S,M,2026-01-05
22613,AW00022613,Dale,Luo,S,M,2026-01-05
22614,AW00022614,Tommy,Shan,S,M,2026-01-05
22615,AW00022615,Misty,Xu,S,F,2026-01-05
22616,AW00022616,Jake,Zhang,S,M,2026-01-05
22617,AW00022617,Andres,Nath,M,M,2026-01-05
22618,AW00022618,Rosa,Cai,M,F,2026-01-05
22619,AW00022619,Robin,Hernandez,S,F,2026-01-05
22620,AW00022620,Stefanie,Suri,S,F,2026-01-05
22621,AW00022621,Xavier,Davis,M,M,2026-01-05
22622,AW00022622,Neil,Sanz,M,M,2026-01-05
22623,AW00022623,Jamie,Suarez,S,M,2026-01-05
22624,AW00022624,Sandra,Wu,M,F,2026-01-05
22625,AW00022625,Meagan,Patel,S,F,2026-01-05
22626,AW00022626,Arturo,Anand,S,M,2026-01-05
22627,AW00022627,Shawna,Sharma,S,F,2026-01-05
22628,AW00022628,Marshall,Lu,M,M,2026-01-05
22629,AW00022629,Matthew,Rodriguez,M,M,2026-01-05
22630,AW00022630,Roger,Wu,M,M,2026-01-05
22631,AW00022631,Theodore,Serrano,S,M,2026-01-05
22632,AW00022632,Tabitha,Perez,M,F,2026-01-05
22633,AW00022633,Claudia,Zhao,S,F,2026-01-05
22634,AW00022634,Giraldo,Sandoval,S,F,2026-01-05
22635,AW00022635,Kristi,Hernandez,S,F,2026-01-05
22636,AW00022636,Stacey,Zhu,S,F,2026-01-05
22637,AW00022637,Ana,Alexander,M,F,2026-01-05
22638,AW00022638,Kristi,Gutierrez,S,F,2026-01-05
22639,AW00022639,Lori,Munoz,S,F,2026-01-05
22640,AW00022640,Caleb,Li,M,M,2026-01-05
22641,AW00022641,Abigail,Diaz,S,F,2026-01-05
22642,AW00022642,Garrett,Rivera,S,M,2026-01-05
22643,AW00022643,Brenda,Suri,S,F,2026-01-05
22644,AW00022644,Marc,Ortega,S,M,2026-01-05
22645,AW00022645,Isabella,Murphy,S,F,2026-01-05
22646,AW00022646,Cara,She,S,F,2026-01-05
22647,AW00022647,Taylor,Martinez,S,F,2026-01-05
22648,AW00022648,Kaitlin,Srini,S,F,2026-01-05
22649,AW00022649,Corey,Tang,S,M,2026-01-05
22650,AW00022650,Kristina,Suri,S,F,2026-01-05
22651,AW00022651,Frederick,Sara,S,M,2026-01-05
22652,AW00022652,Gilbert,Shan,S,M,2026-01-05
22653,AW00022653,Carolyn,Dominguez,S,F,2026-01-05
22654,AW00022654,Orlando,Romero,S,M,2026-01-05
22655,AW00022655,Lucas,Young,S,M,2026-01-05
22656,AW00022656,Willie,Goel,S,M,2026-01-05
22657,AW00022657,Clinton,Suarez,S,M,2026-01-05
22658,AW00022658,Devin,Rodriguez,S,M,2026-01-05
22659,AW00022659,Shawna,Luo,S,F,2026-01-05
22660,AW00022660,Monica,Lopez,S,F,2026-01-05
22661,AW00022661,Tracy,Shan,M,F,2026-01-05
22662,AW00022662,Tyrone,Carlson,M,M,2026-01-05
22663,AW00022663,Terrence,Deng,S,M,2026-01-05
22664,AW00022664,Dawn,Yang,M,F,2026-01-05
22665,AW00022665,Orlando,Diaz,S,M,2026-01-05
22666,AW00022666,Mayra,Srini,M,F,2026-01-05
22667,AW00022667,Roy,Rana,S,M,2026-01-05
22668,AW00022668,Adrienne,Hernandez,M,F,2026-01-05
22669,AW00022669,Lindsay,Raji,S,F,2026-01-05
22670,AW00022670,Erika,Sanz,M,F,2026-01-05
22671,AW00022671,Wyatt,King,S,M,2026-01-05
22672,AW00022672,Crystal,Wu,S,F,2026-01-05
22673,AW00022673,Andy,Gill,S,M,2026-01-05
22674,AW00022674,Troy,Prasad,S,M,2026-01-05
22675,AW00022675,Alexandra,Winston,S,F,2026-01-05
22676,AW00022676,Stefanie,Jordan,S,F,2026-01-05
22677,AW00022677,Reginald,Carlson,S,M,2026-01-05
22678,AW00022678,Sydney,Lee,M,F,2026-01-05
22679,AW00022679,Derrick,Dominguez,M,M,2026-01-05
22680,AW00022680,Lee,Suarez,M,M,2026-01-05
22681,AW00022681,Tristan,Barnes,S,M,2026-01-05
22682,AW00022682,Willie,Luo,S,M,2026-01-05
22683,AW00022683,David,Garcia,S,M,2026-01-05
22684,AW00022684,Lauren,Cooper,M,F,2026-01-05
22685,AW00022685,Barbara,Ma,S,F,2026-01-05
22686,AW00022686,Wayne,Anand,S,M,2026-01-05
22687,AW00022687,Javier,Jiménez,M,M,2026-01-05
22688,AW00022688,Seth,Perez,S,M,2026-01-05
22689,AW00022689,Gilbert,Zheng,S,M,2026-01-05
22690,AW00022690,Kurt,Luo,M,M,2026-01-05
22691,AW00022691,Gerald,Raman,M,M,2026-01-05
22692,AW00022692,Paula,Alonso,M,F,2026-01-05
22693,AW00022693,Darryl,Gao,M,M,2026-01-05
22694,AW00022694,Molly,Kapoor,S,F,2026-01-05
22695,AW00022695,Darren,Martin,S,M,2026-01-05
22696,AW00022696,Kari,Vazquez,S,F,2026-01-05
22697,AW00022697,Harold,Sara,S,M,2026-01-05
22698,AW00022698,Bradley,Andersen,M,M,2026-01-05
22699,AW00022699,Clarence,Chande,M,M,2026-01-05
22700,AW00022700,Gina,Serrano,M,F,2026-01-05
22701,AW00022701,Anne,Navarro,S,F,2026-01-05
22702,AW00022702,Patricia,Gonzalez,S,F,2026-01-05
22703,AW00022703,Melvin,Raji,S,M,2026-01-05
22704,AW00022704,Bethany,Raje,S,F,2026-01-05
22705,AW00022705,Adriana,Kapoor,S,F,2026-01-05
22706,AW00022706,Andy,Ruth,S,F,2026-01-05
22707,AW00022707,Haley,Russell,S,F,2026-01-05
22708,AW00022708,Anne,Ruiz,S,F,2026-01-05
22709,AW00022709,Tamara,Gao,S,F,2026-01-05
22710,AW00022710,Trisha,Zhao,M,F,2026-01-05
22711,AW00022711,Isaiah,Hernandez,S,M,2026-01-05
22712,AW00022712,Monique,Romero,S,F,2026-01-05
22713,AW00022713,Joseph,Miller,S,M,2026-01-05
22714,AW00022714,Angelica,Alexander,M,F,2026-01-05
22715,AW00022715,Marcus,Watson,M,M,2026-01-05
22716,AW00022716,Caleb,Nelson,S,M,2026-01-05
22717,AW00022717,Nicole,Watson,M,F,2026-01-05
22718,AW00022718,Zachary,Simmons,M,M,2026-01-05
22719,AW00022719,Jesse,Brooks,S,M,2026-01-05
22720,AW00022720,Jonathan,Alexander,M,M,2026-01-05
22721,AW00022721,Colleen,Lin,M,F,2026-01-05
22722,AW00022722,Tina,Fernandez,S,F,2026-01-05
22723,AW00022723,Alexander,Anderson,M,M,2026-01-05
22724,AW00022724,Noah,Evans,M,M,2026-01-05
22725,AW00022725,Richard,Gonzales,M,M,2026-01-05
22726,AW00022726,Anna,Morris,M,F,2026-01-05
22727,AW00022727,Jodi,She,M,F,2026-01-05
22728,AW00022728,Arianna,Russell,M,F,2026-01-05
22729,AW00022729,Seth,Nelson,M,M,2026-01-05
22730,AW00022730,Timothy,Perez,M,M,2026-01-05
22731,AW00022731,Brandon,Henderson,M,M,2026-01-05
22732,AW00022732,Sean,Turner,M,M,2026-01-05
22733,AW00022733,Alexandria,Powell,M,F,2026-01-05
22734,AW00022734,Maria,Adams,S,F,2026-01-05
22735,AW00022735,Katherine,Jones,M,F,2026-01-05
22736,AW00022736,Katherine,Morgan,M,F,2026-01-05
22737,AW00022737,Heidi,Sai,M,F,2026-01-05
22738,AW00022738,Haley,Diaz,M,F,2026-01-05
22739,AW00022739,Destiny,Rodriguez,M,F,2026-01-05
22740,AW00022740,Kimberly,Rogers,S,F,2026-01-05
22741,AW00022741,Darryl,He,M,M,2026-01-05
22742,AW00022742,Nathan,Nelson,S,M,2026-01-05
22743,AW00022743,Kaylee,Murphy,M,F,2026-01-05
22744,AW00022744,Edward,Wright,S,M,2026-01-05
22745,AW00022745,Alexandria,Patterson,M,F,2026-01-05
22746,AW00022746,Erica,Zhang,M,F,2026-01-05
22747,AW00022747,Brianna,Martinez,M,F,2026-01-05
22748,AW00022748,Adam,Phillips,S,M,2026-01-05
22749,AW00022749,Miranda,Patterson,M,F,2026-01-05
22750,AW00022750,Jesse,Gonzalez,M,M,2026-01-05
22751,AW00022751,Samuel,Rodriguez,M,M,2026-01-05
22752,AW00022752,Daniel,Brown,M,M,2026-01-05
22753,AW00022753,Hailey,Morgan,S,F,2026-01-05
22754,AW00022754,Robert,Foster,M,M,2026-01-05
22755,AW00022755,Christian,Brown,M,M,2026-01-05
22756,AW00022756,Jon,Nath,M,M,2026-01-05
22757,AW00022757,Savannah,Peterson,M,F,2026-01-05
22758,AW00022758,Katherine,Jackson,S,F,2026-01-05
22759,AW00022759,Julia,Ramirez,M,F,2026-01-05
22760,AW00022760,Hunter,Chen,M,M,2026-01-05
22761,AW00022761,Eduardo,Price,S,M,2026-01-05
22762,AW00022762,Melissa,Diaz,M,F,2026-01-05
22763,AW00022763,Rebecca,Gonzalez,S,F,2026-01-05
22764,AW00022764,Chase,Brooks,M,M,2026-01-05
22765,AW00022765,Luis,Collins,M,M,2026-01-05
22766,AW00022766,Cassidy,Hayes,M,F,2026-01-05
22767,AW00022767,Luis,Hernandez,M,M,2026-01-05
22768,AW00022768,Aaron,Zhang,M,M,2026-01-05
22769,AW00022769,Benjamin,Martin,M,M,2026-01-05
22770,AW00022770,Chloe,Morgan,M,F,2026-01-05
22771,AW00022771,Mason,King,M,M,2026-01-05
22772,AW00022772,Erin,Watson,M,F,2026-01-05
22773,AW00022773,Autumn,Zhang,M,F,2026-01-05
22774,AW00022774,Caleb,Alexander,M,M,2026-01-05
22775,AW00022775,Madison,Martinez,M,F,2026-01-05
22776,AW00022776,Julia,Perry,M,F,2026-01-05
22777,AW00022777,Tyler,Garcia,M,M,2026-01-05
22778,AW00022778,Monique,Dominguez,M,F,2026-01-05
22779,AW00022779,Lance,Ruiz,M,M,2026-01-05
22780,AW00022780,Jennifer,Rogers,M,F,2026-01-05
22781,AW00022781,Hunter,Powell,M,M,2026-01-05
22782,AW00022782,Dakota,Wood,S,M,2026-01-05
22783,AW00022783,Isaac,Green,M,M,2026-01-05
22784,AW00022784,Nicholas,Jackson,M,M,2026-01-05
22785,AW00022785,Oscar,Perry,M,M,2026-01-05
22786,AW00022786,Wyatt,Goldstein,M,M,2026-01-05
22787,AW00022787,Andrea,Sanchez,M,F,2026-01-05
22788,AW00022788,Jordan,Jenkins,M,M,2026-01-05
22789,AW00022789,Richard,Taylor,M,M,2026-01-05
22790,AW00022790,Luke,Phillips,S,M,2026-01-05
22791,AW00022791,Taylor,Jenkins,M,F,2026-01-05
22792,AW00022792,Thomas,Carter,M,M,2026-01-05
22793,AW00022793,Antonio,Jenkins,S,M,2026-01-05
22794,AW00022794,Kelli,Deng,M,F,2026-01-05
22795,AW00022795,Tara,Yuan,M,F,2026-01-05
22796,AW00022796,Brad,Nath,M,M,2026-01-05
22797,AW00022797,Leonard,She,M,M,2026-01-05
22798,AW00022798,Heidi,Fernandez,M,F,2026-01-05
22799,AW00022799,Riley,Alexander,M,F,2026-01-05
22800,AW00022800,Dwayne,Alvarez,M,M,2026-01-05
22801,AW00022801,Alicia,Raje,M,F,2026-01-05
22802,AW00022802,Ann,Van,S,F,2026-01-05
22803,AW00022803,Marshall,Shan,S,M,2026-01-05
22804,AW00022804,Kelly,Butler,M,F,2026-01-05
22805,AW00022805,Cristina,Goel,M,F,2026-01-05
22806,AW00022806,Crystal,Sun,M,F,2026-01-05
22807,AW00022807,Cindy,Garcia,M,F,2026-01-05
22808,AW00022808,Ebony,Suri,S,F,2026-01-05
22809,AW00022809,Martin,Sara,M,M,2026-01-05
22810,AW00022810,Nathaniel,Sanchez,M,M,2026-01-05
22811,AW00022811,Brent,Stone,M,M,2026-01-05
22812,AW00022812,Destiny,Washington,M,F,2026-01-05
22813,AW00022813,Jerry,Deng,M,M,2026-01-05
22814,AW00022814,Edwin,Kumar,M,M,2026-01-05
22815,AW00022815,Margaret,Wang,M,F,2026-01-05
22816,AW00022816,Erica,Cai,M,F,2026-01-05
22817,AW00022817,Calvin,Nath,S,M,2026-01-05
22818,AW00022818,Janet,Ruiz,M,F,2026-01-05
22819,AW00022819,Daisy,Alvarez,M,F,2026-01-05
22820,AW00022820,Alex,Nelson,M,M,2026-01-05
22821,AW00022821,Wendy,Munoz,M,F,2026-01-05
22822,AW00022822,Devin,Anderson,M,M,2026-01-05
22823,AW00022823,Isabel,Alexander,M,F,2026-01-05
22824,AW00022824,April,Nath,M,F,2026-01-05
22825,AW00022825,Kelli,Zeng,S,F,2026-01-05
22826,AW00022826,Christian,Russell,M,M,2026-01-05
22827,AW00022827,Clayton,Gao,M,M,2026-01-05
22828,AW00022828,Francisco,Suri,M,M,2026-01-05
22829,AW00022829,Chelsea,Chandra,M,F,2026-01-05
22830,AW00022830,Lee,Travers,M,M,2026-01-05
22831,AW00022831,Victor,Ruiz,S,M,2026-01-05
22832,AW00022832,Martin,Gonzalez,M,M,2026-01-05
22833,AW00022833,Bruce,Prasad,M,M,2026-01-05
22834,AW00022834,Darryl,Zhou,M,M,2026-01-05
22835,AW00022835,Alan,Zhang,M,M,2026-01-05
22836,AW00022836,Michele,Sai,S,F,2026-01-05
22837,AW00022837,Sergio,Chandra,M,M,2026-01-05
22838,AW00022838,Cedric,Rai,M,M,2026-01-05
22839,AW00022839,Brandy,Mehta,S,F,2026-01-05
22840,AW00022840,Dominic,Sullivan,S,M,2026-01-05
22841,AW00022841,Douglas,Martinez,S,M,2026-01-05
22842,AW00022842,Michele,Nara,S,F,2026-01-05
22843,AW00022843,Tiffany,Lu,S,F,2026-01-05
22844,AW00022844,Marie,Arun,M,F,2026-01-05
22845,AW00022845,Jake,Chen,M,M,2026-01-05
22846,AW00022846,Frank,Gutierrez,S,M,2026-01-05
22847,AW00022847,Jaclyn,Chen,S,F,2026-01-05
22848,AW00022848,Peter,Pal,S,M,2026-01-05
22849,AW00022849,Kristopher,Suri,M,M,2026-01-05
22850,AW00022850,Devon,Luo,M,M,2026-01-05
22851,AW00022851,Kaylee,Edwards,S,F,2026-01-05
22852,AW00022852,Billy,Alonso,M,M,2026-01-05
22853,AW00022853,Tasha,Pal,S,F,2026-01-05
22854,AW00022854,Ebony,Mehta,S,F,2026-01-05
22855,AW00022855,Summer,Sai,M,F,2026-01-05
22856,AW00022856,Lance,Carlson,M,M,2026-01-05
22857,AW00022857,Julio,Romero,M,M,2026-01-05
22858,AW00022858,Deborah,Tang,M,F,2026-01-05
22859,AW00022859,Arianna,Sanders,M,F,2026-01-05
22860,AW00022860,Cedric,Kumar,M,M,2026-01-05
22861,AW00022861,Devin,Hughes,M,M,2026-01-05
22862,AW00022862,Derrick,Navarro,M,M,2026-01-05
22863,AW00022863,Hunter,Thomas,M,M,2026-01-05
22864,AW00022864,Mason,Hall,M,M,2026-01-05
22865,AW00022865,Stephanie,Hall,M,F,2026-01-05
22866,AW00022866,William,Thompson,S,M,2026-01-05
22867,AW00022867,Max,Ruiz,S,M,2026-01-05
22868,AW00022868,Ernest,Sun,S,M,2026-01-05
22869,AW00022869,Rafael,Lu,S,M,2026-01-05
22870,AW00022870,Barbara,Chen,S,F,2026-01-05
22871,AW00022871,David,Coleman,M,M,2026-01-05
22872,AW00022872,Sara,Bailey,M,F,2026-01-05
22873,AW00022873,Robert,Williams,M,M,2026-01-05
22874,AW00022874,Drew,Anand,S,M,2026-01-05
22875,AW00022875,Robert,Russell,S,M,2026-01-05
22876,AW00022876,Jenna,Campbell,M,F,2026-01-05
22877,AW00022877,Xavier,Griffin,M,M,2026-01-05
22878,AW00022878,Angelica,Ross,M,F,2026-01-05
22879,AW00022879,Jocelyn,Russell,M,F,2026-01-05
22880,AW00022880,Ashley,Harris,M,F,2026-01-05
22881,AW00022881,Wyatt,Martinez,M,M,2026-01-05
22882,AW00022882,Charles,Jones,S,M,2026-01-05
22883,AW00022883,Xavier,Morgan,S,M,2026-01-05
22884,AW00022884,Danielle,Richardson,S,F,2026-01-05
22885,AW00022885,Caleb,Henderson,S,M,2026-01-05
22886,AW00022886,Andrea,King,S,F,2026-01-05
22887,AW00022887,Mason,Richardson,M,M,2026-01-05
22888,AW00022888,Abigail,Long,M,F,2026-01-05
22889,AW00022889,Julia,Long,M,F,2026-01-05
22890,AW00022890,Alexis,Hall,M,F,2026-01-05
22891,AW00022891,Andrea,Gonzalez,M,F,2026-01-05
22892,AW00022892,Timothy,Mitchell,S,M,2026-01-05
22893,AW00022893,Chloe,Miller,S,F,2026-01-05
22894,AW00022894,Danielle,Ramirez,M,F,2026-01-05
22895,AW00022895,Eduardo,Perez,S,M,2026-01-05
22896,AW00022896,Logan,Miller,M,M,2026-01-05
22897,AW00022897,Arianna,Ramirez,M,F,2026-01-05
22898,AW00022898,Melanie,Washington,M,F,2026-01-05
22899,AW00022899,Charles,Carter,M,M,2026-01-05
22900,AW00022900,Hunter,Li,S,M,2026-01-05
22901,AW00022901,Katherine,Stewart,S,F,2026-01-05
22902,AW00022902,Pedro,Madan,M,M,2026-01-05
22903,AW00022903,Hailey,Stewart,S,F,2026-01-05
22904,AW00022904,Mitchell,Shen,S,M,2026-01-05
22905,AW00022905,Joe,Schmidt,M,M,2026-01-05
22906,AW00022906,Jessie,Moreno,M,F,2026-01-05
22907,AW00022907,Barry,Sai,M,M,2026-01-05
22908,AW00022908,Eddie,Ortega,M,M,2026-01-05
22909,AW00022909,Tommy,Goel,S,M,2026-01-05
22910,AW00022910,Latoya,Tang,M,F,2026-01-05
22911,AW00022911,Gregory,Raje,M,M,2026-01-05
22912,AW00022912,Mallory,Moreno,S,F,2026-01-05
22913,AW00022913,Valerie,Lu,S,F,2026-01-05
22914,AW00022914,Faith,Gray,S,F,2026-01-05
22915,AW00022915,Carly,Shen,M,F,2026-01-05
22916,AW00022916,Raquel,Romero,M,F,2026-01-05
22917,AW00022917,Maurice,She,S,M,2026-01-05
22918,AW00022918,Calvin,Jai,S,M,2026-01-05
22919,AW00022919,Stanley,Rana,M,M,2026-01-05
22920,AW00022920,Calvin,Andersen,M,M,2026-01-05
22921,AW00022921,Kelsey,Shen,S,F,2026-01-05
22922,AW00022922,Heidi,Martinez,S,F,2026-01-05
22923,AW00022923,Mason,Lopez,M,M,2026-01-05
22924,AW00022924,Marie,Sanchez,S,F,2026-01-05
22925,AW00022925,Karla,Shen,M,F,2026-01-05
22926,AW00022926,Keith,Yuan,S,M,2026-01-05
22927,AW00022927,Jon,Guo,S,M,2026-01-05
22928,AW00022928,Natalie,Nelson,S,F,2026-01-05
22929,AW00022929,Isabella,Davis,S,F,2026-01-05
22930,AW00022930,Brett,Raman,M,M,2026-01-05
22931,AW00022931,Logan,Johnson,M,M,2026-01-05
22932,AW00022932,Maurice,Jai,S,M,2026-01-05
22933,AW00022933,Kelli,Chande,S,F,2026-01-05
22934,AW00022934,Tonya,Kumar,M,F,2026-01-05
22935,AW00022935,Tamara,Shen,S,F,2026-01-05
22936,AW00022936,Jill,Diaz,S,F,2026-01-05
22937,AW00022937,Jose,Baker,S,M,2026-01-05
22938,AW00022938,Hector,Blanco,M,M,2026-01-05
22939,AW00022939,Rebekah,Arthur,S,F,2026-01-05
22940,AW00022940,Briana,Ashe,S,F,2026-01-05
22941,AW00022941,Destiny,Bailey,S,F,2026-01-05
22942,AW00022942,Brittney,She,M,F,2026-01-05
22943,AW00022943,Timothy,Parker,S,M,2026-01-05
22944,AW00022944,Jodi,Lal,M,F,2026-01-05
22945,AW00022945,Linda,Sanz,M,F,2026-01-05
22946,AW00022946,Bryant,Kapoor,S,M,2026-01-05
22947,AW00022947,Danielle,Torres,S,F,2026-01-05
22948,AW00022948,Lucas,Turner,S,M,2026-01-05
22949,AW00022949,Gavin,Butler,S,M,2026-01-05
22950,AW00022950,Nicole,Cox,S,F,2026-01-05
22951,AW00022951,Chelsea,Mehta,S,F,2026-01-05
22952,AW00022952,Luke,Baker,M,M,2026-01-05
22953,AW00022953,Barbara,Liang,S,F,2026-01-05
22954,AW00022954,Justin,Thompson,S,M,2026-01-05
22955,AW00022955,Leslie,Suarez,M,F,2026-01-05
22956,AW00022956,Randy,Guo,M,M,2026-01-05
22957,AW00022957,Nicole,Davis,M,F,2026-01-05
22958,AW00022958,Brandy,Fernandez,S,F,2026-01-05
22959,AW00022959,Julie,Yuan,S,F,2026-01-05
22960,AW00022960,Douglas,Malhotra,M,M,2026-01-05
22961,AW00022961,Nina,She,M,F,2026-01-05
22962,AW00022962,Casey,Martin,M,M,2026-01-05
22963,AW00022963,Willie,Ye,M,M,2026-01-05
22964,AW00022964,Eric,Hayes,S,M,2026-01-05
22965,AW00022965,Carrie,Gomez,S,F,2026-01-05
22966,AW00022966,Jodi,Chapman,S,F,2026-01-05
22967,AW00022967,Rachel,Smith,M,F,2026-01-05
22968,AW00022968,Logan,Perez,S,M,2026-01-05
22969,AW00022969,Taylor,Martin,S,F,2026-01-05
22970,AW00022970,Mary,Phillips,S,F,2026-01-05
22971,AW00022971,Morgan,Howard,S,F,2026-01-05
22972,AW00022972,Bailey,James,S,F,2026-01-05
22973,AW00022973,Alan,Lin,S,M,2026-01-05
22974,AW00022974,Erika,Vazquez,M,F,2026-01-05
22975,AW00022975,Courtney,Turner,S,F,2026-01-05
22976,AW00022976,Eric,Foster,S,M,2026-01-05
22977,AW00022977,Ian,Patterson,M,M,2026-01-05
22978,AW00022978,Devon,Jai,M,M,2026-01-05
22979,AW00022979,Theodore,Hernandez,S,M,2026-01-05
22980,AW00022980,Oscar,Washington,M,M,2026-01-05
22981,AW00022981,Amanda,Flores,S,F,2026-01-05
22982,AW00022982,Madison,Miller,M,F,2026-01-05
22983,AW00022983,Maria,Bennett,S,F,2026-01-05
22984,AW00022984,Cameron,Robinson,M,M,2026-01-05
22985,AW00022985,Hailey,Phillips,M,F,2026-01-05
22986,AW00022986,Carly,Jai,S,F,2026-01-05
22987,AW00022987,Jerome,Dominguez,M,M,2026-01-05
22988,AW00022988,Patricia,Madan,M,F,2026-01-05
22989,AW00022989,Megan,Butler,M,F,2026-01-05
22990,AW00022990,Alyssa,Stewart,S,F,2026-01-05
22991,AW00022991,Morgan,Jenkins,S,F,2026-01-05
22992,AW00022992,Austin,Yang,S,M,2026-01-05
22993,AW00022993,Xavier,Sanchez,S,M,2026-01-05
22994,AW00022994,Chloe,Allen,M,F,2026-01-05
22995,AW00022995,Isabella,Bryant,S,F,2026-01-05
22996,AW00022996,Jordan,Henderson,M,M,2026-01-05
22997,AW00022997,Lucas,Williams,M,M,2026-01-05
22998,AW00022998,Lauren,Washington,M,F,2026-01-05
22999,AW00022999,Jackson,Hill,M,M,2026-01-05
23000,AW00023000,Victoria,Henderson,M,F,2026-01-05
23001,AW00023001,Julio,Munoz,S,M,2026-01-05
23002,AW00023002,Arthur,Hernandez,S,M,2026-01-05
23003,AW00023003,Ashley,Robinson,S,F,2026-01-05
23004,AW00023004,Raymond,Fernandez,M,M,2026-01-05
23005,AW00023005,Luke,Sharma,M,M,2026-01-05
23006,AW00023006,Seth,Lee,M,M,2026-01-05
23007,AW00023007,Isaac,Sanchez,S,M,2026-01-05
23008,AW00023008,Sheena,She,M,F,2026-01-05
23009,AW00023009,Dalton,Thomas,M,M,2026-01-05
23010,AW00023010,Seth,Cook,S,M,2026-01-05
23011,AW00023011,Isaiah,Rivera,M,M,2026-01-05
23012,AW00023012,Mathew,Carlson,M,M,2026-01-05
23013,AW00023013,Louis,Yang,M,M,2026-01-05
23014,AW00023014,Cassandra,Mehta,M,F,2026-01-05
23015,AW00023015,Juan,Rivera,M,M,2026-01-05
23016,AW00023016,Victoria,Powell,M,F,2026-01-05
23017,AW00023017,Alison,Rai,M,F,2026-01-05
23018,AW00023018,Richard,White,M,M,2026-01-05
23019,AW00023019,Emma,Garcia,M,F,2026-01-05
23020,AW00023020,Hannah,Jones,M,F,2026-01-05
23021,AW00023021,Stefanie,Mehta,M,F,2026-01-05
23022,AW00023022,Jocelyn,Bradley,S,F,2026-01-05
23023,AW00023023,Naomi,Vazquez,M,F,2026-01-05
23024,AW00023024,Emma,Davis,M,F,2026-01-05
23025,AW00023025,Richard,Richardson,M,M,2026-01-05
23026,AW00023026,Jessica,Rogers,S,F,2026-01-05
23027,AW00023027,Fernando,Griffin,S,M,2026-01-05
23028,AW00023028,Anna,Taylor,M,F,2026-01-05
23029,AW00023029,Ian,Ross,M,M,2026-01-05
23030,AW00023030,Aidan,Jenkins,M,M,2026-01-05
23031,AW00023031,Brooke,Morgan,S,F,2026-01-05
23032,AW00023032,Jesse,Parker,M,M,2026-01-05
23033,AW00023033,Alex,Turner,M,M,2026-01-05
23034,AW00023034,Melanie,Cooper,S,F,2026-01-05
23035,AW00023035,Maria,Howard,M,F,2026-01-05
23036,AW00023036,Caleb,Green,S,M,2026-01-05
23037,AW00023037,Lucas,Wood,S,M,2026-01-05
23038,AW00023038,Sydney,Reed,S,F,2026-01-05
23039,AW00023039,Wyatt,Scott,M,M,2026-01-05
23040,AW00023040,Seth,Morgan,M,M,2026-01-05
23041,AW00023041,Natalie,Garcia,S,F,2026-01-05
23042,AW00023042,Riley,Blue,S,F,2026-01-05
23043,AW00023043,Katherine,Moore,M,F,2026-01-05
23044,AW00023044,Aidan,Patterson,M,M,2026-01-05
23045,AW00023045,Gabriel,Patterson,M,M,2026-01-05
23046,AW00023046,Pamela,Malhotra,M,F,2026-01-05
23047,AW00023047,Valerie,Xu,M,F,2026-01-05
23048,AW00023048,Isabella,Hughes,M,F,2026-01-05
23049,AW00023049,Gina,Moreno,S,F,2026-01-05
23050,AW00023050,Jack,Hall,M,M,2026-01-05
23051,AW00023051,Jesse,Green,M,M,2026-01-05
23052,AW00023052,Steven,Stewart,M,M,2026-01-05
23053,AW00023053,Anna,Bailey,M,F,2026-01-05
23054,AW00023054,David,Moore,M,M,2026-01-05
23055,AW00023055,Seth,Diaz,M,M,2026-01-05
23056,AW00023056,Alyssa,Perry,M,F,2026-01-05
23057,AW00023057,Caitlin,Richardson,M,F,2026-01-05
23058,AW00023058,Michelle,Rivera,S,F,2026-01-05
23059,AW00023059,Spencer,Price,M,M,2026-01-05
23060,AW00023060,Isabella,Long,M,F,2026-01-05
23061,AW00023061,Jeremiah,Sanders,M,M,2026-01-05
23062,AW00023062,Natalie,Reed,M,F,2026-01-05
23063,AW00023063,Jennifer,Thompson,M,F,2026-01-05
23064,AW00023064,Alexander,Rodriguez,S,M,2026-01-05
23065,AW00023065,Derek,Nath,M,M,2026-01-05
23066,AW00023066,Austin,Lal,M,M,2026-01-05
23067,AW00023067,Kelli,Pal,M,F,2026-01-05
23068,AW00023068,Ryan,Shan,M,M,2026-01-05
23069,AW00023069,Anna,Gray,M,F,2026-01-05
23070,AW00023070,Natalie,Hall,M,F,2026-01-05
23071,AW00023071,Haley,Gonzales,M,F,2026-01-05
23072,AW00023072,Toni,Srini,M,F,2026-01-05
23073,AW00023073,Christian,Griffin,M,M,2026-01-05
23074,AW00023074,Megan,Flores,S,F,2026-01-05
23075,AW00023075,Rebekah,Sandberg,M,F,2026-01-05
23076,AW00023076,Adrian,Brooks,M,M,2026-01-05
23077,AW00023077,Marvin,Hernandez,M,M,2026-01-05
23078,AW00023078,Julio,Hernandez,M,M,2026-01-05
23079,AW00023079,Justine,Ryan,S,F,2026-01-05
23080,AW00023080,Jocelyn,Barnes,S,F,2026-01-05
23081,AW00023081,Brandon,Powell,M,M,2026-01-05
23082,AW00023082,Jonathan,Williams,M,M,2026-01-05
23083,AW00023083,Samuel,Smith,S,M,2026-01-05
23084,AW00023084,Christian,Shan,S,M,2026-01-05
23085,AW00023085,Ross,Subram,M,M,2026-01-05
23086,AW00023086,Tracy,Lal,M,F,2026-01-05
23087,AW00023087,Clifford,Martinez,M,M,2026-01-05
23088,AW00023088,Wesley,Hu,S,M,2026-01-05
23089,AW00023089,Lucas,Walker,M,M,2026-01-05
23090,AW00023090,Christopher,Lee,S,M,2026-01-05
23091,AW00023091,Richard,Peterson,S,M,2026-01-05
23092,AW00023092,Gabrielle,Brooks,S,F,2026-01-05
23093,AW00023093,Nathan,Parker,M,M,2026-01-05
23094,AW00023094,Carolyn,Gill,M,F,2026-01-05
23095,AW00023095,Gerald,Patel,M,M,2026-01-05
23096,AW00023096,Ashlee,Chande,M,F,2026-01-05
23097,AW00023097,Tony,Natsuhara,S,M,2026-01-05
23098,AW00023098,Pedro,Rubio,S,M,2026-01-05
23099,AW00023099,Kristi,Suarez,S,F,2026-01-05
23100,AW00023100,Christy,Raje,M,F,2026-01-05
23101,AW00023101,Barbara,Lal,M,F,2026-01-05
23102,AW00023102,Barbara,Zeng,M,F,2026-01-05
23103,AW00023103,Dwayne,Moreno,M,M,2026-01-05
23104,AW00023104,Isabelle,Long,M,F,2026-01-05
23105,AW00023105,Karl,Andersen,S,M,2026-01-05
23106,AW00023106,Kathryn,Yuan,M,F,2026-01-05
23107,AW00023107,Michele,Kumar,M,F,2026-01-05
23108,AW00023108,Savannah,Wright,S,F,2026-01-05
23109,AW00023109,Lauren,Hughes,S,F,2026-01-05
23110,AW00023110,Mackenzie,Gonzalez,S,F,2026-01-05
23111,AW00023111,Sara,Wright,S,F,2026-01-05
23112,AW00023112,James,Butler,S,M,2026-01-05
23113,AW00023113,Elijah,Powell,S,M,2026-01-05
23114,AW00023114,Caroline,Washington,S,F,2026-01-05
23115,AW00023115,Stephanie,Nicholls,S,F,2026-01-05
23116,AW00023116,Jerome,Vazquez,S,M,2026-01-05
23117,AW00023117,Bruce,Sanz,M,M,2026-01-05
23118,AW00023118,Monique,Moreno,M,F,2026-01-05
23119,AW00023119,Gilbert,Zhao,S,M,2026-01-05
23120,AW00023120,Javier,Browning,S,M,2026-01-05
23121,AW00023121,Danny,Ramos,M,M,2026-01-05
23122,AW00023122,Colleen,Zhou,S,F,2026-01-05
23123,AW00023123,Zoe,Kelly,S,F,2026-01-05
23124,AW00023124,Cameron,Wang,S,M,2026-01-05
23125,AW00023125,Madeline,Scott,S,F,2026-01-05
23126,AW00023126,Carolyn,Van,M,F,2026-01-05
23127,AW00023127,Haley,Hughes,M,F,2026-01-05
23128,AW00023128,Dylan,Jai,M,M,2026-01-05
23129,AW00023129,Misty,Ashe,M,F,2026-01-05
23130,AW00023130,Lauren,Russell,S,F,2026-01-05
23131,AW00023131,Caitlin,Peterson,M,F,2026-01-05
23132,AW00023132,Anthony,Lee,M,M,2026-01-05
23133,AW00023133,Alexis,White,M,F,2026-01-05
23134,AW00023134,Alyssa,Robinson,M,F,2026-01-05
23135,AW00023135,Dylan,Clark,M,M,2026-01-05
23136,AW00023136,Stephanie,Peterson,S,F,2026-01-05
23137,AW00023137,Chloe,Sanders,M,F,2026-01-05
23138,AW00023138,Angela,Peterson,S,F,2026-01-05
23139,AW00023139,Christian,Yang,S,M,2026-01-05
23140,AW00023140,Tyler,Lee,M,M,2026-01-05
23141,AW00023141,Katherine,Long,M,F,2026-01-05
23142,AW00023142,Cara,Wu,S,F,2026-01-05
23143,AW00023143,Jada,Phillips,M,F,2026-01-05
23144,AW00023144,Zachary,Alexander,M,M,2026-01-05
23145,AW00023145,Nichole,Xie,M,F,2026-01-05
23146,AW00023146,Sarah,Clark,S,F,2026-01-05
23147,AW00023147,Wyatt,Smith,M,M,2026-01-05
23148,AW00023148,Nathan,Ross,M,M,2026-01-05
23149,AW00023149,Brandi,Rubio,M,F,2026-01-05
23150,AW00023150,Gabriella,Allen,M,F,2026-01-05
23151,AW00023151,Michael,Brown,M,M,2026-01-05
23152,AW00023152,Michelle,Howard,M,F,2026-01-05
23153,AW00023153,Jenna,Hill,M,F,2026-01-05
23154,AW00023154,Connor,Phillips,M,M,2026-01-05
23155,AW00023155,Victoria,Hall,M,F,2026-01-05
23156,AW00023156,Samantha,Barnes,M,F,2026-01-05
23157,AW00023157,Valerie,Gao,M,F,2026-01-05
23158,AW00023158,Ana,Patterson,M,F,2026-01-05
23159,AW00023159,Dalton,Phillips,M,M,2026-01-05
23160,AW00023160,Aimee,Huang,M,F,2026-01-05
23161,AW00023161,Samuel,Scott,M,M,2026-01-05
23162,AW00023162,Sarah,Flores,S,F,2026-01-05
23163,AW00023163,Madison,Ross,M,F,2026-01-05
23164,AW00023164,Kyle,Bryant,S,M,2026-01-05
23165,AW00023165,Natalie,Mitchell,M,F,2026-01-05
23166,AW00023166,Cody,Ward,S,M,2026-01-05
23167,AW00023167,Hailey,Jenkins,S,F,2026-01-05
23168,AW00023168,Mya,Hayes,M,F,2026-01-05
23169,AW00023169,Corey,Andersen,S,M,2026-01-05
23170,AW00023170,Aaron,Jai,S,M,2026-01-05
23171,AW00023171,Ethan,Griffin,M,M,2026-01-05
23172,AW00023172,Alexandra,Thomas,M,F,2026-01-05
23173,AW00023173,Nathan,Rodriguez,S,M,2026-01-05
23174,AW00023174,Gloria,Gonzales,S,F,2026-01-05
23175,AW00023175,Melanie,Flores,M,F,2026-01-05
23176,AW00023176,Jesse,Ward,M,M,2026-01-05
23177,AW00023177,Savannah,Richardson,S,F,2026-01-05
23178,AW00023178,Dalton,Morris,S,M,2026-01-05
23179,AW00023179,Jordan,Phillips,M,M,2026-01-05
23180,AW00023180,Olivia,Cook,S,F,2026-01-05
23181,AW00023181,Evan,Evans,S,M,2026-01-05
23182,AW00023182,Savannah,Rivera,M,F,2026-01-05
23183,AW00023183,Megan,Davis,S,F,2026-01-05
23184,AW00023184,Hailey,Carter,S,F,2026-01-05
23185,AW00023185,Fernando,Edwards,M,M,2026-01-05
23186,AW00023186,Jordan,Young,M,M,2026-01-05
23187,AW00023187,Andy,Munoz,M,M,2026-01-05
23188,AW00023188,Austin,Jai,S,M,2026-01-05
23189,AW00023189,Megan,Moore,M,F,2026-01-05
23190,AW00023190,Nathaniel,Ramirez,S,M,2026-01-05
23191,AW00023191,Gilbert,Raji,S,M,2026-01-05
23192,AW00023192,Emily,Garcia,M,F,2026-01-05
23193,AW00023193,Alexis,Flores,M,F,2026-01-05
23194,AW00023194,Shelby,Cook,M,F,2026-01-05
23195,AW00023195,Xavier,Mohamed,S,M,2026-01-05
23196,AW00023196,Carlos,Roberts,S,M,2026-01-05
23197,AW00023197,Cole,Cook,M,M,2026-01-05
23198,AW00023198,Jacqueline,Sanders,S,F,2026-01-05
23199,AW00023199,Brandon,Hayes,M,M,2026-01-05
23200,AW00023200,Grace,Rodriguez,M,F,2026-01-05
23201,AW00023201,Alyssa,Butler,S,F,2026-01-05
23202,AW00023202,Terrance,Chandra,M,M,2026-01-05
23203,AW00023203,Dalton,Jenkins,S,M,2026-01-05
23204,AW00023204,Katherine,Mitchell,S,F,2026-01-05
23205,AW00023205,Katherine,Sanders,S,F,2026-01-05
23206,AW00023206,Jackson,Lal,S,M,2026-01-05
23207,AW00023207,Dalton,Baker,M,M,2026-01-05
23208,AW00023208,Janet,Watson,S,F,2026-01-05
23209,AW00023209,Lucas,Lewis,S,M,2026-01-05
23210,AW00023210,Timothy,Gray,M,M,2026-01-05
23211,AW00023211,Rebekah,Kovár,M,F,2026-01-05
23212,AW00023212,James,Jones,S,M,2026-01-05
23213,AW00023213,Noah,Green,S,M,2026-01-05
23214,AW00023214,Kaylee,James,M,F,2026-01-05
23215,AW00023215,Juan,Richardson,M,M,2026-01-05
23216,AW00023216,Kevin,Hall,S,M,2026-01-05
23217,AW00023217,Michelle,Morgan,S,F,2026-01-05
23218,AW00023218,Alisha,Gao,S,F,2026-01-05
23219,AW00023219,Alyssa,West,S,F,2026-01-05
23220,AW00023220,Roy,Malhotra,S,M,2026-01-05
23221,AW00023221,Leonard,Rai,S,M,2026-01-05
23222,AW00023222,Kristen,Wu,S,F,2026-01-05
23223,AW00023223,Angel,Howard,M,M,2026-01-05
23224,AW00023224,Jonathan,Scott,M,M,2026-01-05
23225,AW00023225,Heidi,Patel,S,F,2026-01-05
23226,AW00023226,Leonard,Xie,S,M,2026-01-05
23227,AW00023227,Anne,Alonso,S,F,2026-01-05
23228,AW00023228,Candice,Guo,S,F,2026-01-05
23229,AW00023229,Deborah,Raje,S,F,2026-01-05
23230,AW00023230,Mya,Foster,S,F,2026-01-05
23231,AW00023231,Dylan,Moore,S,M,2026-01-05
23232,AW00023232,Frank,Serrano,S,M,2026-01-05
23233,AW00023233,Bradley,Sharma,S,M,2026-01-05
23234,AW00023234,Brent,Lu,S,M,2026-01-05
23235,AW00023235,Cedric,Pal,S,M,2026-01-05
23236,AW00023236,Nichole,Kumar,S,F,2026-01-05
23237,AW00023237,Caleb,Young,S,M,2026-01-05
23238,AW00023238,Thomas,Lee,S,M,2026-01-05
23239,AW00023239,Curtis,Wu,S,M,2026-01-05
23240,AW00023240,Phillip,Chapman,S,M,2026-01-05
23241,AW00023241,Armando,Torres,S,M,2026-01-05
23242,AW00023242,Andrew,Garcia,S,M,2026-01-05
23243,AW00023243,Jasmine,Rogers,M,F,2026-01-05
23244,AW00023244,Alexandra,Wagner,S,F,2026-01-05
23245,AW00023245,Morgan,James,S,F,2026-01-05
23246,AW00023246,Renee,Gill,S,F,2026-01-05
23247,AW00023247,Alexander,Garcia,S,M,2026-01-05
23248,AW00023248,Bailey,Peterson,M,F,2026-01-05
23249,AW00023249,Tasha,Nara,S,F,2026-01-05
23250,AW00023250,Ashley,Lee,M,F,2026-01-05
23251,AW00023251,Evan,Scott,M,M,2026-01-05
23252,AW00023252,Alexia,Wood,S,F,2026-01-05
23253,AW00023253,Brooke,Bell,S,F,2026-01-05
23254,AW00023254,Jack,Gonzalez,S,M,2026-01-05
23255,AW00023255,Xavier,Johnson,S,M,2026-01-05
23256,AW00023256,Mario,Chande,S,M,2026-01-05
23257,AW00023257,Charles,Stewart,M,M,2026-01-05
23258,AW00023258,Megan,Watson,S,F,2026-01-05
23259,AW00023259,John,Taylor,M,M,2026-01-05
23260,AW00023260,Edwin,Goel,M,M,2026-01-05
23261,AW00023261,Jada,Peterson,S,F,2026-01-05
23262,AW00023262,Sydney,Kelly,S,F,2026-01-05
23263,AW00023263,Angel,Lopez,S,M,2026-01-05
23264,AW00023264,Warren,Hu,M,M,2026-01-05
23265,AW00023265,Savannah,James,M,F,2026-01-05
23266,AW00023266,Jessica,Watson,M,F,2026-01-05
23267,AW00023267,Juan,James,M,M,2026-01-05
23268,AW00023268,Katelyn,Morris,M,F,2026-01-05
23269,AW00023269,Taylor,Griffin,M,F,2026-01-05
23270,AW00023270,Anna,Anderson,M,F,2026-01-05
23271,AW00023271,Alexandra,Clark,M,F,2026-01-05
23272,AW00023272,Tristan,Hayes,M,M,2026-01-05
23273,AW00023273,Benjamin,Long,M,M,2026-01-05
23274,AW00023274,Ethan,Jackson,M,M,2026-01-05
23275,AW00023275,Miguel,Jackson,M,M,2026-01-05
23276,AW00023276,Vincent,Zhou,M,M,2026-01-05
23277,AW00023277,Isaiah,Torres,M,M,2026-01-05
23278,AW00023278,Chloe,Flores,S,F,2026-01-05
23279,AW00023279,Edward,Johnson,S,M,2026-01-05
23280,AW00023280,Hannah,Alexander,M,F,2026-01-05
23281,AW00023281,Megan,Harris,M,F,2026-01-05
23282,AW00023282,Ariana,James,M,F,2026-01-05
23283,AW00023283,Haley,Torres,S,F,2026-01-05
23284,AW00023284,Wyatt,Coleman,S,M,2026-01-05
23285,AW00023285,Latoya,Luo,S,F,2026-01-05
23286,AW00023286,Taylor,Bell,M,F,2026-01-05
23287,AW00023287,Juan,Kelly,S,M,2026-01-05
23288,AW00023288,Eduardo,Evans,S,M,2026-01-05
23289,AW00023289,Justin,Robinson,M,M,2026-01-05
23290,AW00023290,Angelica,Bennett,M,F,2026-01-05
23291,AW00023291,Timothy,Evans,M,M,2026-01-05
23292,AW00023292,Jose,Russell,S,M,2026-01-05
23293,AW00023293,Kaylee,Peterson,S,F,2026-01-05
23294,AW00023294,Suzanne,Chen,M,F,2026-01-05
23295,AW00023295,Jaime,Torres,S,F,2026-01-05
23296,AW00023296,Molly,Mehta,S,F,2026-01-05
23297,AW00023297,Tyrone,Gomez,S,M,2026-01-05
23298,AW00023298,Robert,Martinez,S,M,2026-01-05
23299,AW00023299,Kristy,Jimenez,M,F,2026-01-05
23300,AW00023300,Julia,Henderson,S,F,2026-01-05
23301,AW00023301,Noah,Anderson,M,M,2026-01-05
23302,AW00023302,Fernando,Walker,S,M,2026-01-05
23303,AW00023303,Connor,Lal,M,M,2026-01-05
23304,AW00023304,Jordan,Simmons,S,M,2026-01-05
23305,AW00023305,Robyn,Dominguez,M,F,2026-01-05
23306,AW00023306,Byron,Ortega,S,M,2026-01-05
23307,AW00023307,Meredith,Ramos,M,F,2026-01-05
23308,AW00023308,Madison,Perry,M,F,2026-01-05
23309,AW00023309,Latoya,Chande,M,F,2026-01-05
23310,AW00023310,Sydney,Wood,M,F,2026-01-05
23311,AW00023311,Veronica,Gonzalez,M,F,2026-01-05
23312,AW00023312,Sheena,Lal,S,F,2026-01-05
23313,AW00023313,Corey,Lal,M,M,2026-01-05
23314,AW00023314,Alfredo,Munoz,M,M,2026-01-05
23315,AW00023315,Carmen,Chandra,M,F,2026-01-05
23316,AW00023316,Billy,Blanco,S,M,2026-01-05
23317,AW00023317,Beth,Martin,M,F,2026-01-05
23318,AW00023318,Patrick,Morgan,S,M,2026-01-05
23319,AW00023319,Luis,Green,M,M,2026-01-05
23320,AW00023320,Kendra,Gomez,M,F,2026-01-05
23321,AW00023321,Karl,Xu,M,M,2026-01-05
23322,AW00023322,Wesley,Li,M,M,2026-01-05
23323,AW00023323,Alfredo,Alonso,M,M,2026-01-05
23324,AW00023324,Deborah,Deng,M,F,2026-01-05
23325,AW00023325,Tiffany,Zimmerman,M,F,2026-01-05
23326,AW00023326,Tiffany,Ye,S,F,2026-01-05
23327,AW00023327,Madison,Moore,S,F,2026-01-05
23328,AW00023328,Julian,Butler,M,M,2026-01-05
23329,AW00023329,Sharon,Raji,M,F,2026-01-05
23330,AW00023330,Julian,Washington,S,M,2026-01-05
23331,AW00023331,Jeremiah,Gray,M,M,2026-01-05
23332,AW00023332,Martin,Garcia,S,M,2026-01-05
23333,AW00023333,Steve,Sun,M,M,2026-01-05
23334,AW00023334,Brandon,Wilson,S,M,2026-01-05
23335,AW00023335,James,Robinson,S,M,2026-01-05
23336,AW00023336,Jocelyn,Bryant,M,F,2026-01-05
23337,AW00023337,Isaiah,Green,M,M,2026-01-05
23338,AW00023338,Lucas,Jenkins,M,M,2026-01-05
23339,AW00023339,Zoe,Reed,S,F,2026-01-05
23340,AW00023340,Mackenzie,Collins,M,F,2026-01-05
23341,AW00023341,Kelvin,Chen,S,M,2026-01-05
23342,AW00023342,Cristina,She,S,F,2026-01-05
23343,AW00023343,Bruce,Rubio,S,M,2026-01-05
23344,AW00023344,Sharon,Xu,S,F,2026-01-05
23345,AW00023345,Mario,Lal,S,M,2026-01-05
23346,AW00023346,Carly,Raji,S,F,2026-01-05
23347,AW00023347,Eddie,Carlson,M,M,2026-01-05
23348,AW00023348,Tiffany,Chen,S,F,2026-01-05
23349,AW00023349,Lauren,Johnson,S,F,2026-01-05
23350,AW00023350,Natalie,Thomas,S,F,2026-01-05
23351,AW00023351,Lucas,Sanchez,S,M,2026-01-05
23352,AW00023352,Kevin,Mitchell,S,M,2026-01-05
23353,AW00023353,Sophia,Scott,M,F,2026-01-05
23354,AW00023354,Eddie,Gomez,S,M,2026-01-05
23355,AW00023355,Lance,Serrano,S,M,2026-01-05
23356,AW00023356,Grace,Ward,S,F,2026-01-05
23357,AW00023357,Micah,Yang,S,M,2026-01-05
23358,AW00023358,Alberto,Alvarez,M,M,2026-01-05
23359,AW00023359,Dalton,Alexander,S,M,2026-01-05
23360,AW00023360,Marcus,Moore,S,M,2026-01-05
23361,AW00023361,Chloe,Lopez,S,F,2026-01-05
23362,AW00023362,Nicholas,Martin,S,M,2026-01-05
23363,AW00023363,David,Russell,M,M,2026-01-05
23364,AW00023364,Natalie,Young,S,F,2026-01-05
23365,AW00023365,Vanessa,Flores,S,F,2026-01-05
23366,AW00023366,Fernando,Campbell,S,M,2026-01-05
23367,AW00023367,Haley,Ramirez,M,F,2026-01-05
23368,AW00023368,Cassidy,Flores,M,F,2026-01-05
23369,AW00023369,Morgan,Washington,S,F,2026-01-05
23370,AW00023370,Mya,Alexander,S,F,2026-01-05
23371,AW00023371,Katherine,Roberts,S,F,2026-01-05
23372,AW00023372,Jack,Diaz,M,M,2026-01-05
23373,AW00023373,Gabrielle,Murphy,S,F,2026-01-05
23374,AW00023374,Emma,Gray,M,F,2026-01-05
23375,AW00023375,Christian,Zhang,M,M,2026-01-05
23376,AW00023376,Zachary,Flores,M,M,2026-01-05
23377,AW00023377,Samantha,Hayes,M,F,2026-01-05
23378,AW00023378,Jackson,Phillips,M,M,2026-01-05
23379,AW00023379,Riley,Richardson,S,F,2026-01-05
23380,AW00023380,Gabriel,Campbell,M,M,2026-01-05
23381,AW00023381,Bianca,Hu,M,F,2026-01-05
23382,AW00023382,Xavier,Barnes,M,M,2026-01-05
23383,AW00023383,Caleb,Allen,M,M,2026-01-05
23384,AW00023384,Taylor,Wilson,M,F,2026-01-05
23385,AW00023385,Isaac,Brooks,M,M,2026-01-05
23386,AW00023386,Jose,Smith,S,M,2026-01-05
23387,AW00023387,Xavier,Perry,S,M,2026-01-05
23388,AW00023388,Ana,Henderson,S,F,2026-01-05
23389,AW00023389,Jack,Perry,M,M,2026-01-05
23390,AW00023390,Dakota,Flores,S,M,2026-01-05
23391,AW00023391,Joanna,Moreno,S,F,2026-01-05
23392,AW00023392,Adrienne,Dominguez,S,F,2026-01-05
23393,AW00023393,Jennifer,Anderson,S,F,2026-01-05
23394,AW00023394,Anna,Bell,S,F,2026-01-05
23395,AW00023395,Ryan,Martinez,S,M,2026-01-05
23396,AW00023396,Kaitlyn,Long,M,F,2026-01-05
23397,AW00023397,Isabelle,Bryant,M,F,2026-01-05
23398,AW00023398,Karl,Chander,M,M,2026-01-05
23399,AW00023399,Keith,Pal,M,M,2026-01-05
23400,AW00023400,Andrew,Lee,M,M,2026-01-05
23401,AW00023401,Evan,Brooks,M,M,2026-01-05
23402,AW00023402,Melissa,Cox,M,F,2026-01-05
23403,AW00023403,Justin,Powell,S,M,2026-01-05
23404,AW00023404,Amanda,Peterson,S,F,2026-01-05
23405,AW00023405,Kari,Madan,S,F,2026-01-05
23406,AW00023406,Frederick,Sanchez,M,M,2026-01-05
23407,AW00023407,Lauren,Garcia,S,F,2026-01-05
23408,AW00023408,Ivan,Perez,S,M,2026-01-05
23409,AW00023409,Brad,Raji,S,M,2026-01-05
23410,AW00023410,Carrie,Alvarez,M,F,2026-01-05
23411,AW00023411,Cesar,Prasad,S,M,2026-01-05
23412,AW00023412,Dalton,Coleman,S,M,2026-01-05
23413,AW00023413,Max,Ortega,M,M,2026-01-05
23414,AW00023414,Damien,Lin,S,M,2026-01-05
23415,AW00023415,Kristi,Moreno,S,F,2026-01-05
23416,AW00023416,Kristin,Shan,M,F,2026-01-05
23417,AW00023417,Emmanuel,Sai,S,M,2026-01-05
23418,AW00023418,Brittney,Wu,M,F,2026-01-05
23419,AW00023419,Shawna,Xu,S,F,2026-01-05
23420,AW00023420,Mario,Moyer,S,M,2026-01-05
23421,AW00023421,Willie,Yuan,S,M,2026-01-05
23422,AW00023422,Casey,Alonso,S,M,2026-01-05
23423,AW00023423,Adam,Powell,M,M,2026-01-05
23424,AW00023424,Adriana,Subram,M,F,2026-01-05
23425,AW00023425,Rachael,Lopez,M,F,2026-01-05
23426,AW00023426,Mathew,Ferrier,S,M,2026-01-05
23427,AW00023427,Jay,Sai,M,M,2026-01-05
23428,AW00023428,Savannah,Bailey,M,F,2026-01-05
23429,AW00023429,Jenny,Kumar,S,F,2026-01-05
23430,AW00023430,Savannah,Turner,S,F,2026-01-05
23431,AW00023431,Margaret,Guo,M,F,2026-01-05
23432,AW00023432,Jordan,Roberts,S,M,2026-01-05
23433,AW00023433,Pedro,Muñoz,S,M,2026-01-05
23434,AW00023434,Katie,Nath,S,F,2026-01-05
23435,AW00023435,Rosa,Chen,S,F,2026-01-05
23436,AW00023436,Tanya,Munoz,S,F,2026-01-05
23437,AW00023437,Briana,Munoz,S,F,2026-01-05
23438,AW00023438,Toni,Vance,S,F,2026-01-05
23439,AW00023439,Ramon,Hu,S,M,2026-01-05
23440,AW00023440,Nancy,Sai,S,F,2026-01-05
23441,AW00023441,Rafael,Zhang,S,M,2026-01-05
23442,AW00023442,Todd,She,S,M,2026-01-05
23443,AW00023443,Elijah,Jai,S,M,2026-01-05
23444,AW00023444,Aidan,Washington,S,M,2026-01-05
23445,AW00023445,Andy,Carlson,S,M,2026-01-05
23446,AW00023446,Nina,Chander,S,F,2026-01-05
23447,AW00023447,Jermaine,Weber,S,M,2026-01-05
23448,AW00023448,Abigail,Peterson,M,F,2026-01-05
23449,AW00023449,Steven,Peterson,M,M,2026-01-05
23450,AW00023450,Alex,Rogers,S,M,2026-01-05
23451,AW00023451,Taylor,James,M,F,2026-01-05
23452,AW00023452,Eduardo,Watson,M,M,2026-01-05
23453,AW00023453,Maurice,Deng,M,M,2026-01-05
23454,AW00023454,Ryan,Wang,S,M,2026-01-05
23455,AW00023455,Jonathan,Perez,S,M,2026-01-05
23456,AW00023456,Aidan,Simmons,M,M,2026-01-05
23457,AW00023457,Nicole,Rivera,S,F,2026-01-05
23458,AW00023458,Mackenzie,Edwards,S,F,2026-01-05
23459,AW00023459,Mason,Sanders,M,M,2026-01-05
23460,AW00023460,Javier,Ramos,S,M,2026-01-05
23461,AW00023461,Rachael,Smith,M,F,2026-01-05
23462,AW00023462,Seth,Jones,M,M,2026-01-05
23463,AW00023463,Sean,Hill,S,M,2026-01-05
23464,AW00023464,Devin,Turner,M,M,2026-01-05
23465,AW00023465,Grace,Russell,S,F,2026-01-05
23466,AW00023466,Alyssa,Miller,S,F,2026-01-05
23467,AW00023467,Nicole,Bennett,S,F,2026-01-05
23468,AW00023468,Sean,Roberts,S,M,2026-01-05
23469,AW00023469,Christina,Gray,S,F,2026-01-05
23470,AW00023470,Samuel,Young,S,M,2026-01-05
23471,AW00023471,Jeremy,Baker,M,M,2026-01-05
23472,AW00023472,Alyssa,Rodriguez,M,F,2026-01-05
23473,AW00023473,Jesse,James,M,M,2026-01-05
23474,AW00023474,Julia,Williams,M,F,2026-01-05
23475,AW00023475,Richard,Martin,M,M,2026-01-05
23476,AW00023476,Charles,Hall,S,M,2026-01-05
23477,AW00023477,Marcus,Phillips,M,M,2026-01-05
23478,AW00023478,Hailey,Cooper,S,F,2026-01-05
23479,AW00023479,Fernando,Robinson,S,M,2026-01-05
23480,AW00023480,Sydney,Coleman,S,F,2026-01-05
23481,AW00023481,Dustin,Xu,S,M,2026-01-05
23482,AW00023482,Zoe,Gray,M,F,2026-01-05
23483,AW00023483,David,Jai,M,M,2026-01-05
23484,AW00023484,Jenna,Allen,M,F,2026-01-05
23485,AW00023485,Isabella,Lee,M,F,2026-01-05
23486,AW00023486,Benjamin,Coleman,S,M,2026-01-05
23487,AW00023487,Gabriel,Evans,M,M,2026-01-05
23488,AW00023488,Luis,Nelson,M,M,2026-01-05
23489,AW00023489,Autumn,Huang,M,F,2026-01-05
23490,AW00023490,Nicholas,Wilson,M,M,2026-01-05
23491,AW00023491,Miguel,Taylor,S,M,2026-01-05
23492,AW00023492,Jamie,Blanco,S,M,2026-01-05
23493,AW00023493,Thomas,Taylor,M,M,2026-01-05
23494,AW00023494,Nicole,Foster,M,F,2026-01-05
23495,AW00023495,James,Shan,M,M,2026-01-05
23496,AW00023496,Nicholas,Harris,S,M,2026-01-05
23497,AW00023497,Olivia,Bryant,M,F,2026-01-05
23498,AW00023498,James,Johnson,M,M,2026-01-05
23499,AW00023499,Spencer,Washington,M,M,2026-01-05
23500,AW00023500,Adriana,Garcia,M,F,2026-01-05
23501,AW00023501,Isabelle,Perry,M,F,2026-01-05
23502,AW00023502,Logan,Lopez,M,M,2026-01-05
23503,AW00023503,Dalton,Torres,M,M,2026-01-05
23504,AW00023504,George,Rana,M,M,2026-01-05
23505,AW00023505,Connor,Sharma,S,M,2026-01-05
23506,AW00023506,Jesse,Campbell,S,M,2026-01-05
23507,AW00023507,Rachel,Henderson,M,F,2026-01-05
23508,AW00023508,Blake,Jones,M,M,2026-01-05
23509,AW00023509,Faith,Powell,S,F,2026-01-05
23510,AW00023510,Morgan,Cooper,M,F,2026-01-05
23511,AW00023511,Joshua,Rodriguez,M,M,2026-01-05
23512,AW00023512,Zachary,Henderson,M,M,2026-01-05
23513,AW00023513,Erin,Kelly,M,F,2026-01-05
23514,AW00023514,Chloe,Bell,M,F,2026-01-05
23515,AW00023515,Zachary,Walker,S,M,2026-01-05
23516,AW00023516,Ashley,Miller,S,F,2026-01-05
23517,AW00023517,Ronald,Martinez,M,M,2026-01-05
23518,AW00023518,Katherine,Adams,S,F,2026-01-05
23519,AW00023519,Jacqueline,Long,S,F,2026-01-05
23520,AW00023520,Richard,Wilson,M,M,2026-01-05
23521,AW00023521,Alexis,Gonzales,M,F,2026-01-05
23522,AW00023522,Sydney,Green,M,F,2026-01-05
23523,AW00023523,Steve,Liu,S,M,2026-01-05
23524,AW00023524,Ronnie,Yang,S,M,2026-01-05
23525,AW00023525,Derrick,Rubio,M,M,2026-01-05
23526,AW00023526,Cara,Xu,S,F,2026-01-05
23527,AW00023527,Alison,Luo,S,F,2026-01-05
23528,AW00023528,Jaime,Ferrier,M,M,2026-01-05
23529,AW00023529,Kendra,Munoz,S,F,2026-01-05
23530,AW00023530,Ivan,Prasad,S,M,2026-01-05
23531,AW00023531,Alexis,Powell,S,F,2026-01-05
23532,AW00023532,Brett,Martinez,M,M,2026-01-05
23533,AW00023533,Rafael,Nath,S,M,2026-01-05
23534,AW00023534,Ashlee,Luo,S,F,2026-01-05
23535,AW00023535,Dawn,Goel,S,F,2026-01-05
23536,AW00023536,Savannah,Adams,S,F,2026-01-05
23537,AW00023537,Victor,Hernandez,M,M,2026-01-05
23538,AW00023538,Carlos,Evans,S,M,2026-01-05
23539,AW00023539,Darren,Munoz,S,M,2026-01-05
23540,AW00023540,Bruce,Lopez,S,M,2026-01-05
23541,AW00023541,Dana,Suarez,S,F,2026-01-05
23542,AW00023542,Justin,Martin,S,M,2026-01-05
23543,AW00023543,Michele,Sanchez,M,F,2026-01-05
23544,AW00023544,Misty,Raje,S,F,2026-01-05
23545,AW00023545,Lacey,Liu,S,F,2026-01-05
23546,AW00023546,Kathryn,Jai,M,F,2026-01-05
23547,AW00023547,Francis,Serrano,S,M,2026-01-05
23548,AW00023548,Haley,Morris,S,F,2026-01-05
23549,AW00023549,George,Sai,S,M,2026-01-05
23550,AW00023550,Jennifer,Cook,M,F,2026-01-05
23551,AW00023551,Mason,Scott,S,M,2026-01-05
23552,AW00023552,Caleb,Russell,S,M,2026-01-05
23553,AW00023553,Jasmine,Anderson,M,F,2026-01-05
23554,AW00023554,Joan,Cook,M,F,2026-01-05
23555,AW00023555,Andres,Chavez,S,M,2026-01-05
23556,AW00023556,Kristi,Munoz,S,F,2026-01-05
23557,AW00023557,Victoria,Washington,M,F,2026-01-05
23558,AW00023558,Dakota,Barnes,M,M,2026-01-05
23559,AW00023559,Jocelyn,Patterson,S,F,2026-01-05
23560,AW00023560,Jacqueline,Flores,S,F,2026-01-05
23561,AW00023561,Jose,Williams,S,M,2026-01-05
23562,AW00023562,Warren,Luo,S,M,2026-01-05
23563,AW00023563,Kurt,Chavez,M,M,2026-01-05
23564,AW00023564,Jessica,Howard,S,F,2026-01-05
23565,AW00023565,Julia,Torres,S,F,2026-01-05
23566,AW00023566,Benjamin,Shan,S,M,2026-01-05
23567,AW00023567,Xavier,Green,S,M,2026-01-05
23568,AW00023568,Paige,Diaz,S,F,2026-01-05
23569,AW00023569,Vanessa,Price,S,F,2026-01-05
23570,AW00023570,Deanna,Romero,M,F,2026-01-05
23571,AW00023571,Alisha,Guo,M,F,2026-01-05
23572,AW00023572,Donna,Pal,M,F,2026-01-05
23573,AW00023573,Jorge,Gao,M,M,2026-01-05
23574,AW00023574,Ebony,Hernandez,M,F,2026-01-05
23575,AW00023575,Bobby,Ray,M,M,2026-01-05
23576,AW00023576,Ann,Sara,M,F,2026-01-05
23577,AW00023577,Julia,Bennett,M,F,2026-01-05
23578,AW00023578,Eric,Lal,M,M,2026-01-05
23579,AW00023579,Jared,Richardson,S,M,2026-01-05
23580,AW00023580,Ryan,Jones,S,M,2026-01-05
23581,AW00023581,Jan,Hill,S,F,2026-01-05
23582,AW00023582,Stephanie,Simmons,M,F,2026-01-05
23583,AW00023583,Brianna,Martin,M,F,2026-01-05
23584,AW00023584,Jason,Evans,M,M,2026-01-05
23585,AW00023585,Kaitlyn,Moore,S,F,2026-01-05
23586,AW00023586,Madison,Coleman,M,F,2026-01-05
23587,AW00023587,Hailey,Gonzalez,S,F,2026-01-05
23588,AW00023588,Ryan,Hughes,M,M,2026-01-05
23589,AW00023589,Amanda,Baker,M,F,2026-01-05
23590,AW00023590,Austin,Brown,S,M,2026-01-05
23591,AW00023591,Justin,Henderson,M,M,2026-01-05
23592,AW00023592,Joseph,Jackson,S,M,2026-01-05
23593,AW00023593,Krystal,Zhou,S,F,2026-01-05
23594,AW00023594,Paula,Diaz,S,F,2026-01-05
23595,AW00023595,Carrie,Rubio,S,F,2026-01-05
23596,AW00023596,Katherine,Bradley,S,F,2026-01-05
23597,AW00023597,Meredith,Perez,S,F,2026-01-05
23598,AW00023598,Linda,Ramos,S,F,2026-01-05
23599,AW00023599,Mackenzie,Roberts,S,F,2026-01-05
23600,AW00023600,Peter,Sharma,M,M,2026-01-05
23601,AW00023601,Kari,Alan,S,F,2026-01-05
23602,AW00023602,Andrea,Lopez,M,F,2026-01-05
23603,AW00023603,Shane,Malhotra,M,M,2026-01-05
23604,AW00023604,Troy,Kovar,S,M,2026-01-05
23605,AW00023605,Deanna,Sabella,M,M,2026-01-05
23606,AW00023606,Kenneth,Raje,M,M,2026-01-05
23607,AW00023607,Wayne,She,M,M,2026-01-05
23608,AW00023608,Jessie,Blanco,M,F,2026-01-05
23609,AW00023609,Clarence,Li,S,M,2026-01-05
23610,AW00023610,Cory,Perez,M,M,2026-01-05
23611,AW00023611,Dave,Natsuhara,M,M,2026-01-05
23612,AW00023612,Rosa,Liu,S,F,2026-01-05
23613,AW00023613,Clayton,Lu,M,M,2026-01-05
23614,AW00023614,Rachel,Cook,S,F,2026-01-05
23615,AW00023615,Kendra,Suarez,M,F,2026-01-05
23616,AW00023616,Karen,Roberts,S,F,2026-01-05
23617,AW00023617,Kara,She,S,F,2026-01-05
23618,AW00023618,Dale,Holt,M,M,2026-01-05
23619,AW00023619,Ricardo,Tang,M,M,2026-01-05
23620,AW00023620,Roy,Arun,M,M,2026-01-05
23621,AW00023621,Felicia,Townsend,M,F,2026-01-05
23622,AW00023622,Darren,Moreno,M,M,2026-01-05
23623,AW00023623,Jocelyn,Griffin,M,F,2026-01-05
23624,AW00023624,Jillian,Malhotra,S,F,2026-01-05
23625,AW00023625,Micheal,Navarro,M,M,2026-01-05
23626,AW00023626,Ross,Mehta,S,M,2026-01-05
23627,AW00023627,Adrienne,Navarro,S,F,2026-01-05
23628,AW00023628,Kara,Shen,S,F,2026-01-05
23629,AW00023629,Alfredo,Gill,M,M,2026-01-05
23630,AW00023630,Dominic,Fernandez,S,M,2026-01-05
23631,AW00023631,Colin,Wang,S,M,2026-01-05
23632,AW00023632,Kristen,Zhou,S,F,2026-01-05
23633,AW00023633,Deborah,Chande,S,F,2026-01-05
23634,AW00023634,Ernest,Li,M,M,2026-01-05
23635,AW00023635,Alvin,Luo,M,M,2026-01-05
23636,AW00023636,Rachael,Gonzalez,M,F,2026-01-05
23637,AW00023637,Yolanda,Jai,M,F,2026-01-05
23638,AW00023638,Nelson,Ruiz,M,M,2026-01-05
23639,AW00023639,Christy,Guo,M,F,2026-01-05
23640,AW00023640,Bruce,Jiménez,M,M,2026-01-05
23641,AW00023641,Megan,Morris,M,F,2026-01-05
23642,AW00023642,Anne,Gutierrez,M,F,2026-01-05
23643,AW00023643,Erica,Zheng,S,F,2026-01-05
23644,AW00023644,Allison,Young,M,F,2026-01-05
23645,AW00023645,Curtis,Zheng,S,M,2026-01-05
23646,AW00023646,Jamie,Lu,S,F,2026-01-05
23647,AW00023647,Wayne,Shen,S,M,2026-01-05
23648,AW00023648,Karla,Chander,S,F,2026-01-05
23649,AW00023649,Naomi,Ruiz,S,F,2026-01-05
23650,AW00023650,Carolyn,Vazquez,M,F,2026-01-05
23651,AW00023651,Marvin,Alvarez,M,M,2026-01-05
23652,AW00023652,Roger,Goel,S,M,2026-01-05
23653,AW00023653,Devin,Campbell,S,M,2026-01-05
23654,AW00023654,Alisha,Wu,M,F,2026-01-05
23655,AW00023655,Grace,Murphy,S,F,2026-01-05
23656,AW00023656,Naomi,Ramos,S,F,2026-01-05
23657,AW00023657,Alison,Jai,S,F,2026-01-05
23658,AW00023658,Ross,Arun,M,M,2026-01-05
23659,AW00023659,Drew,Shan,S,M,2026-01-05
23660,AW00023660,Christy,Tang,S,F,2026-01-05
23661,AW00023661,Abigail,Washington,S,F,2026-01-05
23662,AW00023662,Cynthia,Sanchez,S,F,2026-01-05
23663,AW00023663,Neil,Dominguez,M,M,2026-01-05
23664,AW00023664,Sandra,Guo,S,F,2026-01-05
23665,AW00023665,Crystal,Yang,S,F,2026-01-05
23666,AW00023666,Olivia,Anderson,M,F,2026-01-05
23667,AW00023667,Harold,Arun,M,M,2026-01-05
23668,AW00023668,Jessica,Hughes,M,F,2026-01-05
23669,AW00023669,Sean,Torres,S,M,2026-01-05
23670,AW00023670,Mya,Henderson,M,F,2026-01-05
23671,AW00023671,Fernando,Thomas,M,M,2026-01-05
23672,AW00023672,Abigail,Flores,M,F,2026-01-05
23673,AW00023673,Kayla,Miller,M,F,2026-01-05
23674,AW00023674,Jeremiah,Walker,M,M,2026-01-05
23675,AW00023675,Emmanuel,Prasad,S,M,2026-01-05
23676,AW00023676,Brandon,Diaz,S,M,2026-01-05
23677,AW00023677,Charles,Lewis,M,M,2026-01-05
23678,AW00023678,Kelly,Diaz,S,F,2026-01-05
23679,AW00023679,Jacob,Harris,S,M,2026-01-05
23680,AW00023680,Anna,Powell,M,F,2026-01-05
23681,AW00023681,Jordan,Gonzales,S,M,2026-01-05
23682,AW00023682,Natalie,Harris,M,F,2026-01-05
23683,AW00023683,Dana,Alonso,M,F,2026-01-05
23684,AW00023684,Jasmine,Rodriguez,S,F,2026-01-05
23685,AW00023685,Alexa,Reed,S,F,2026-01-05
23686,AW00023686,Rachel,Murphy,S,F,2026-01-05
23687,AW00023687,Melissa,Flores,S,F,2026-01-05
23688,AW00023688,Olivia,Thomas,M,F,2026-01-05
23689,AW00023689,Kayla,Hall,M,F,2026-01-05
23690,AW00023690,Angel,James,M,M,2026-01-05
23691,AW00023691,Karen,Hu,S,F,2026-01-05
23692,AW00023692,Isaac,King,S,M,2026-01-05
23693,AW00023693,Jacqueline,Jenkins,S,F,2026-01-05
23694,AW00023694,Brian,Brooks,M,M,2026-01-05
23695,AW00023695,Elijah,Coleman,S,M,2026-01-05
23696,AW00023696,Autumn,Li,S,F,2026-01-05
23697,AW00023697,Cody,Kelly,M,M,2026-01-05
23698,AW00023698,Melissa,Coleman,M,F,2026-01-05
23699,AW00023699,Nicholas,Walker,M,M,2026-01-05
23700,AW00023700,Katelyn,Young,M,F,2026-01-05
23701,AW00023701,Marissa,Barnes,M,F,2026-01-05
23702,AW00023702,Eduardo,James,M,M,2026-01-05
23703,AW00023703,Jacqueline,Sanchez,M,F,2026-01-05
23704,AW00023704,Christopher,Moore,S,M,2026-01-05
23705,AW00023705,Jeremy,Bryant,M,M,2026-01-05
23706,AW00023706,Mackenzie,Cooper,S,F,2026-01-05
23707,AW00023707,William,Anderson,S,M,2026-01-05
23708,AW00023708,Victoria,Coleman,M,F,2026-01-05
23709,AW00023709,Devin,Perry,S,M,2026-01-05
23710,AW00023710,Anna,Sanchez,M,F,2026-01-05
23711,AW00023711,Fernando,Diaz,S,M,2026-01-05
23712,AW00023712,Riley,Murphy,S,F,2026-01-05
23713,AW00023713,Arianna,Butler,M,F,2026-01-05
23714,AW00023714,Joseph,Williams,M,M,2026-01-05
23715,AW00023715,Isabel,Flores,S,F,2026-01-05
23716,AW00023716,Kyle,Wright,M,M,2026-01-05
23717,AW00023717,Aidan,Griffin,M,M,2026-01-05
23718,AW00023718,Nelson,Blanco,M,M,2026-01-05
23719,AW00023719,Marcus,James,M,M,2026-01-05
23720,AW00023720,Anna,Davis,M,F,2026-01-05
23721,AW00023721,John,Clark,M,M,2026-01-05
23722,AW00023722,Andrea,Perez,M,F,2026-01-05
23723,AW00023723,Jose,Phillips,M,M,2026-01-05
23724,AW00023724,Gabrielle,Hughes,S,F,2026-01-05
23725,AW00023725,Dennis,Ware,M,M,2026-01-05
23726,AW00023726,Darrell,Xie,M,M,2026-01-05
23727,AW00023727,Bruce,Serrano,M,M,2026-01-05
23728,AW00023728,Paige,Kelly,S,F,2026-01-05
23729,AW00023729,Marcus,Allen,M,M,2026-01-05
23730,AW00023730,Morgan,Rodriguez,M,F,2026-01-05
23731,AW00023731,Jose,Thompson,M,M,2026-01-05
23732,AW00023732,Xavier,Wood,S,M,2026-01-05
23733,AW00023733,Natasha,Gomez,M,F,2026-01-05
23734,AW00023734,Melanie,Wood,M,F,2026-01-05
23735,AW00023735,Amanda,Washington,M,F,2026-01-05
23736,AW00023736,Sydney,Rivera,M,F,2026-01-05
23737,AW00023737,Elena,Velez Amezaga,M,F,2026-01-05
23738,AW00023738,Julian,Bennett,S,M,2026-01-05
23739,AW00023739,Virginia,Kapoor,M,F,2026-01-05
23740,AW00023740,Noah,Jackson,M,M,2026-01-05
23741,AW00023741,Dana,Romero,S,F,2026-01-05
23742,AW00023742,Morgan,Cox,M,F,2026-01-05
23743,AW00023743,Terrence,Xu,S,M,2026-01-05
23744,AW00023744,Barry,Prasad,S,M,2026-01-05
23745,AW00023745,Dana,Vazquez,S,F,2026-01-05
23746,AW00023746,Lane,Sacksteder,S,F,2026-01-05
23747,AW00023747,Theodore,Romero,S,M,2026-01-05
23748,AW00023748,Yolanda,Pal,S,F,2026-01-05
23749,AW00023749,Brandi,Ashe,S,F,2026-01-05
23750,AW00023750,Tanya,Serrano,M,F,2026-01-05
23751,AW00023751,Lacey,Lal,M,F,2026-01-05
23752,AW00023752,Devin,Torres,M,M,2026-01-05
23753,AW00023753,Arthur,Sara,S,M,2026-01-05
23754,AW00023754,Cassie,Goel,S,F,2026-01-05
23755,AW00023755,Louis,Wu,S,M,2026-01-05
23756,AW00023756,Omar,Jai,S,M,2026-01-05
23757,AW00023757,James,Roberts,S,M,2026-01-05
23758,AW00023758,Virginia,Malhotra,M,F,2026-01-05
23759,AW00023759,Clinton,Alonso,M,M,2026-01-05
23760,AW00023760,Nina,Sharma,M,F,2026-01-05
23761,AW00023761,Tonya,Pal,M,F,2026-01-05
23762,AW00023762,Ruben,Ramos,S,M,2026-01-05
23763,AW00023763,Micheal,Romero,M,M,2026-01-05
23764,AW00023764,Alisha,Liu,S,F,2026-01-05
23765,AW00023765,Kelly,Price,S,F,2026-01-05
23766,AW00023766,Cassandra,Martinez,S,F,2026-01-05
23767,AW00023767,Arianna,Bennett,S,F,2026-01-05
23768,AW00023768,Joshua,Garcia,S,M,2026-01-05
23769,AW00023769,Natasha,Dominguez,S,F,2026-01-05
23770,AW00023770,Jamie,Carlson,S,M,2026-01-05
23771,AW00023771,Julio,Gomez,S,M,2026-01-05
23772,AW00023772,Cory,Raman,M,M,2026-01-05
23773,AW00023773,Jon,Cai,M,M,2026-01-05
23774,AW00023774,Reginald,Harrison,S,M,2026-01-05
23775,AW00023775,Cedric,Shan,S,M,2026-01-05
23776,AW00023776,Cristina,Yuan,S,F,2026-01-05
23777,AW00023777,Candice,Zhang,S,F,2026-01-05
23778,AW00023778,Louis,Huang,M,M,2026-01-05
23779,AW00023779,Deanna,Dominguez,S,F,2026-01-05
23780,AW00023780,Mason,Stewart,S,M,2026-01-05
23781,AW00023781,Jordyn,Ross,S,F,2026-01-05
23782,AW00023782,Edward,Bryant,S,M,2026-01-05
23783,AW00023783,Zachary,Smith,M,M,2026-01-05
23784,AW00023784,Preston,Arun,S,M,2026-01-05
23785,AW00023785,Taylor,Harris,S,F,2026-01-05
23786,AW00023786,Carrie,Serrano,M,F,2026-01-05
23787,AW00023787,Adrian,Ward,S,M,2026-01-05
23788,AW00023788,Michael,Smith,M,M,2026-01-05
23789,AW00023789,Ryan,Walker,M,M,2026-01-05
23790,AW00023790,Isabella,Williams,M,F,2026-01-05
23791,AW00023791,Aaron,Griffin,S,M,2026-01-05
23792,AW00023792,Jessie,Wu,S,M,2026-01-05
23793,AW00023793,Ryan,Kumar,S,M,2026-01-05
23794,AW00023794,Abigail,Powell,M,F,2026-01-05
23795,AW00023795,Lauren,Moore,S,F,2026-01-05
23796,AW00023796,Miguel,Young,S,M,2026-01-05
23797,AW00023797,Nathan,Perez,S,M,2026-01-05
23798,AW00023798,Julia,Kelly,M,F,2026-01-05
23799,AW00023799,Carolyn,Chandra,M,F,2026-01-05
23800,AW00023800,Kaylee,Cox,M,F,2026-01-05
23801,AW00023801,Taylor,Wood,M,F,2026-01-05
23802,AW00023802,Emily,Diaz,M,F,2026-01-05
23803,AW00023803,Bernard,Thames,M,M,2026-01-05
23804,AW00023804,Kristen,Ma,M,F,2026-01-05
23805,AW00023805,Luke,Hayes,M,M,2026-01-05
23806,AW00023806,Olivia,Foster,M,F,2026-01-05
23807,AW00023807,Carson,Hughes,M,M,2026-01-05
23808,AW00023808,Spencer,Perry,M,M,2026-01-05
23809,AW00023809,Danielle,Sanchez,M,F,2026-01-05
23810,AW00023810,Sarah,Lee,M,F,2026-01-05
23811,AW00023811,Ethan,Powell,S,M,2026-01-05
23812,AW00023812,Cameron,Butler,S,M,2026-01-05
23813,AW00023813,Hannah,Bennett,S,F,2026-01-05
23814,AW00023814,Angela,Foster,M,F,2026-01-05
23815,AW00023815,Julia,Ward,S,F,2026-01-05
23816,AW00023816,Natalie,Johnson,S,F,2026-01-05
23817,AW00023817,Kaitlyn,Murphy,M,F,2026-01-05
23818,AW00023818,Cassidy,Gonzales,M,F,2026-01-05
23819,AW00023819,Vanessa,Washington,M,F,2026-01-05
23820,AW00023820,Isabelle,Diaz,M,F,2026-01-05
23821,AW00023821,Jordan,Lal,S,M,2026-01-05
23822,AW00023822,Sierra,Campbell,M,F,2026-01-05
23823,AW00023823,Samuel,Davis,M,M,2026-01-05
23824,AW00023824,Edward,Carter,M,M,2026-01-05
23825,AW00023825,Katherine,Coleman,M,F,2026-01-05
23826,AW00023826,Dalton,Ross,S,M,2026-01-05
23827,AW00023827,Wyatt,Hall,S,M,2026-01-05
23828,AW00023828,Carolyn,Carlson,M,F,2026-01-05
23829,AW00023829,Anthony,Rodriguez,M,M,2026-01-05
23830,AW00023830,Cameron,White,M,M,2026-01-05
23831,AW00023831,Colleen,Jai,M,F,2026-01-05
23832,AW00023832,Alexandra,Ramirez,M,F,2026-01-05
23833,AW00023833,Kevin,Gonzales,M,M,2026-01-05
23834,AW00023834,Ethan,Long,S,M,2026-01-05
23835,AW00023835,Marcus,Jackson,M,M,2026-01-05
23836,AW00023836,Chloe,Carter,S,F,2026-01-05
23837,AW00023837,Jonathan,Li,M,M,2026-01-05
23838,AW00023838,Ariana,Ready,M,F,2026-01-05
23839,AW00023839,Savannah,Howard,M,F,2026-01-05
23840,AW00023840,Mason,Ward,M,M,2026-01-05
23841,AW00023841,Sydney,Phillips,M,F,2026-01-05
23842,AW00023842,Connor,Bryant,M,M,2026-01-05
23843,AW00023843,Marcus,Patterson,M,M,2026-01-05
23844,AW00023844,Alexandra,Gonzales,S,F,2026-01-05
23845,AW00023845,Madeline,Turner,S,F,2026-01-05
23846,AW00023846,Aidan,Diaz,M,M,2026-01-05
23847,AW00023847,Chad,Sharma,S,M,2026-01-05
23848,AW00023848,Pamela,Sai,M,F,2026-01-05
23849,AW00023849,Alexis,Simmons,S,F,2026-01-05
23850,AW00023850,Anna,Hall,M,F,2026-01-05
23851,AW00023851,Mariah,Rogers,S,F,2026-01-05
23852,AW00023852,Desiree,Torres,S,F,2026-01-05
23853,AW00023853,Isaac,Perez,M,M,2026-01-05
23854,AW00023854,Megan,Torres,M,F,2026-01-05
23855,AW00023855,Carlos,Watson,M,M,2026-01-05
23856,AW00023856,Sarah,Taylor,S,F,2026-01-05
23857,AW00023857,Alexandra,Anderson,S,F,2026-01-05
23858,AW00023858,Jonathan,Powell,M,M,2026-01-05
23859,AW00023859,Megan,Anderson,M,F,2026-01-05
23860,AW00023860,Eric,Long,M,M,2026-01-05
23861,AW00023861,Keith,Anand,M,M,2026-01-05
23862,AW00023862,Rebekah,Kapoor,M,F,2026-01-05
23863,AW00023863,Christian,Williams,S,M,2026-01-05
23864,AW00023864,Chloe,Jackson,S,F,2026-01-05
23865,AW00023865,Lori,Sanz,S,F,2026-01-05
23866,AW00023866,Xavier,Flores,M,M,2026-01-05
23867,AW00023867,Sarah,Henderson,S,F,2026-01-05
23868,AW00023868,Abigail,Coleman,S,F,2026-01-05
23869,AW00023869,Wayne,Nara,M,M,2026-01-05
23870,AW00023870,Elijah,Henderson,M,M,2026-01-05
23871,AW00023871,Bailey,Richardson,S,F,2026-01-05
23872,AW00023872,Matthew,Garcia,M,M,2026-01-05
23873,AW00023873,Nicole,Miller,M,F,2026-01-05
23874,AW00023874,Abigail,Cook,S,F,2026-01-05
23875,AW00023875,Sean,Green,M,M,2026-01-05
23876,AW00023876,David,Henderson,M,M,2026-01-05
23877,AW00023877,Katherine,Morris,M,F,2026-01-05
23878,AW00023878,Chloe,Wood,S,F,2026-01-05
23879,AW00023879,Amber,Gonzalez,M,F,2026-01-05
23880,AW00023880,Noah,Patterson,S,M,2026-01-05
23881,AW00023881,Joshua,Martinez,M,M,2026-01-05
23882,AW00023882,Alexia,Butler,S,F,2026-01-05
23883,AW00023883,Jackson,Russell,M,M,2026-01-05
23884,AW00023884,Ethan,Ross,M,M,2026-01-05
23885,AW00023885,Angela,Morris,M,F,2026-01-05
23886,AW00023886,Sean,Stewart,M,M,2026-01-05
23887,AW00023887,Mason,Carter,S,M,2026-01-05
23888,AW00023888,Edward,Clark,M,M,2026-01-05
23889,AW00023889,Sean,Carter,S,M,2026-01-05
23890,AW00023890,Haley,Cox,M,F,2026-01-05
23891,AW00023891,Jack,Jenkins,M,M,2026-01-05
23892,AW00023892,Olivia,Bailey,M,F,2026-01-05
23893,AW00023893,Zachary,Clark,M,M,2026-01-05
23894,AW00023894,Bryan,Ramirez,M,M,2026-01-05
23895,AW00023895,Nicole,Powell,S,F,2026-01-05
23896,AW00023896,Megan,Peterson,S,F,2026-01-05
23897,AW00023897,Katrina,Chapman,S,F,2026-01-05
23898,AW00023898,Shawna,Rai,S,F,2026-01-05
23899,AW00023899,Lindsey,Nath,S,F,2026-01-05
23900,AW00023900,Rafael,Yang,S,M,2026-01-05
23901,AW00023901,Max,Gutierrez,M,M,2026-01-05
23902,AW00023902,Julie,Kumar,M,F,2026-01-05
23903,AW00023903,Harold,Subram,M,M,2026-01-05
23904,AW00023904,Haley,Washington,S,F,2026-01-05
23905,AW00023905,Jose,Zhang,S,M,2026-01-05
23906,AW00023906,Alan,Ma,S,M,2026-01-05
23907,AW00023907,Hector,Navarro,S,M,2026-01-05
23908,AW00023908,Max,Sanz,S,M,2026-01-05
23909,AW00023909,Todd,Lin,M,M,2026-01-05
23910,AW00023910,Gabriel,Perry,S,M,2026-01-05
23911,AW00023911,Priscilla,Sharma,S,F,2026-01-05
23912,AW00023912,Arthur,Sanchez,S,M,2026-01-05
23913,AW00023913,Riley,Cooper,S,F,2026-01-05
23914,AW00023914,Tonya,Sharma,M,F,2026-01-05
23915,AW00023915,Lawrence,Serrano,M,M,2026-01-05
23916,AW00023916,Ruben,Serrano,M,M,2026-01-05
23917,AW00023917,Carrie,Carlson,M,F,2026-01-05
23918,AW00023918,Kendra,Navarro,S,F,2026-01-05
23919,AW00023919,Jordan,Parker,M,F,2026-01-05
23920,AW00023920,Arthur,Ruiz,S,M,2026-01-05
23921,AW00023921,Charles,Lee,S,M,2026-01-05
23922,AW00023922,Cody,Richardson,M,M,2026-01-05
23923,AW00023923,Alejandro,Sun,S,M,2026-01-05
23924,AW00023924,Amber,Wright,S,F,2026-01-05
23925,AW00023925,Marie,Torres,M,F,2026-01-05
23926,AW00023926,Lydia,Weber,M,F,2026-01-05
23927,AW00023927,Seth,Collins,S,M,2026-01-05
23928,AW00023928,Jaclyn,Ye,M,F,2026-01-05
23929,AW00023929,Kristin,Xie,M,F,2026-01-05
23930,AW00023930,Meagan,Arun,M,F,2026-01-05
23931,AW00023931,Reginald,Ruiz,M,M,2026-01-05
23932,AW00023932,Carrie,Jiménez,M,F,2026-01-05
23933,AW00023933,Sabrina,Carlson,S,F,2026-01-05
23934,AW00023934,Bonnie,Andersen,S,F,2026-01-05
23935,AW00023935,Alexis,Barnes,S,F,2026-01-05
23936,AW00023936,Monique,Vazquez,M,F,2026-01-05
23937,AW00023937,Eddie,Ruiz,M,M,2026-01-05
23938,AW00023938,Harold,Madan,M,M,2026-01-05
23939,AW00023939,Jodi,Nara,M,F,2026-01-05
23940,AW00023940,Dominic,Perez,M,M,2026-01-05
23941,AW00023941,Eduardo,Anderson,M,M,2026-01-05
23942,AW00023942,Rafael,Goel,M,M,2026-01-05
23943,AW00023943,Cindy,Subram,M,F,2026-01-05
23944,AW00023944,Jenny,Wu,S,F,2026-01-05
23945,AW00023945,Nicolas,Black,M,M,2026-01-05
23946,AW00023946,Kelli,Luo,S,F,2026-01-05
23947,AW00023947,Autumn,Liang,M,F,2026-01-05
23948,AW00023948,Katelyn,Rivera,S,F,2026-01-05
23949,AW00023949,Kelvin,Deng,S,M,2026-01-05
23950,AW00023950,Roger,Zhou,M,M,2026-01-05
23951,AW00023951,Lindsay,Becker,S,F,2026-01-05
23952,AW00023952,Nelson,Dominguez,S,M,2026-01-05
23953,AW00023953,Shane,Mehta,S,M,2026-01-05
23954,AW00023954,Jonathon,Serrano,S,M,2026-01-05
23955,AW00023955,Lucas,Cook,S,M,2026-01-05
23956,AW00023956,Morgan,Coleman,M,F,2026-01-05
23957,AW00023957,Louis,Zheng,M,M,2026-01-05
23958,AW00023958,Amy,Lin,S,F,2026-01-05
23959,AW00023959,Amber,Parker,S,F,2026-01-05
23960,AW00023960,Eugene,Zheng,S,M,2026-01-05
23961,AW00023961,Karen,Huang,S,F,2026-01-05
23962,AW00023962,Sandra,Yang,M,F,2026-01-05
23963,AW00023963,Gerald,Jimenez,M,M,2026-01-05
23964,AW00023964,Arturo,Nara,S,M,2026-01-05
23965,AW00023965,Dustin,Shan,S,M,2026-01-05
23966,AW00023966,Grant,Sharma,M,M,2026-01-05
23967,AW00023967,Veronica,Suri,S,F,2026-01-05
23968,AW00023968,Caleb,Baker,M,M,2026-01-05
23969,AW00023969,Cole,Sanders,S,M,2026-01-05
23970,AW00023970,Rebekah,Fernandez,S,F,2026-01-05
23971,AW00023971,Lindsey,Jai,S,F,2026-01-05
23972,AW00023972,Clarence,Liang,S,M,2026-01-05
23973,AW00023973,Zachary,Long,S,M,2026-01-05
23974,AW00023974,Susan,Huang,S,F,2026-01-05
23975,AW00023975,Frank,Blanco,S,M,2026-01-05
23976,AW00023976,Rachael,Arun,S,F,2026-01-05
23977,AW00023977,Gail,Butler,S,F,2026-01-05
23978,AW00023978,Philip,Ortega,M,M,2026-01-05
23979,AW00023979,Damien,Chen,S,M,2026-01-05
23980,AW00023980,Sergio,Garcia,S,M,2026-01-05
23981,AW00023981,Cesar,Martinez,M,M,2026-01-05
23982,AW00023982,Adam,Diaz,S,M,2026-01-05
23983,AW00023983,Taylor,Reed,S,F,2026-01-05
23984,AW00023984,Kelsey,Kennedy,S,F,2026-01-05
23985,AW00023985,Janet,Torres,M,F,2026-01-05
23986,AW00023986,Tanya,Torres,M,F,2026-01-05
23987,AW00023987,Dawn,Sharma,M,F,2026-01-05
23988,AW00023988,Cesar,Sánchez,M,M,2026-01-05
23989,AW00023989,Damien,Beck,S,M,2026-01-05
23990,AW00023990,Claudia,Huang,S,F,2026-01-05
23991,AW00023991,Todd,Zhao,M,M,2026-01-05
23992,AW00023992,Bonnie,Chande,S,F,2026-01-05
23993,AW00023993,Rachael,Fernandez,S,F,2026-01-05
23994,AW00023994,Raymond,Subram,M,M,2026-01-05
23995,AW00023995,Bradley,Carson,S,M,2026-01-05
23996,AW00023996,Richard,Lee,S,M,2026-01-05
23997,AW00023997,Kristopher,Srini,M,M,2026-01-05
23998,AW00023998,Arturo,Raji,M,M,2026-01-05
23999,AW00023999,Gilbert,Li,M,M,2026-01-05
24000,AW00024000,Randy,Yang,S,M,2026-01-05
24001,AW00024001,Arthur,Raman,S,M,2026-01-05
24002,AW00024002,Thomas,Harris,M,M,2026-01-05
24003,AW00024003,Warren,Kumar,S,M,2026-01-05
24004,AW00024004,César,Raman,M,M,2026-01-05
24005,AW00024005,Julio,Jimenez,S,M,2026-01-05
24006,AW00024006,Peter,Deng,S,M,2026-01-05
24007,AW00024007,Randy,Huang,S,M,2026-01-05
24008,AW00024008,Monique,Munoz,M,F,2026-01-05
24009,AW00024009,Alison,Anand,S,F,2026-01-05
24010,AW00024010,Walter,Alvarez,S,M,2026-01-05
24011,AW00024011,Morgan,Thompson,S,F,2026-01-05
24012,AW00024012,James,Lewis,S,M,2026-01-05
24013,AW00024013,Jay,Ruiz,M,M,2026-01-05
24014,AW00024014,Geoffrey,Kovár,M,M,2026-01-05
24015,AW00024015,Jenna,Hall,S,F,2026-01-05
24016,AW00024016,Karla,Sharma,S,F,2026-01-05
24017,AW00024017,Rebekah,Lopez,S,F,2026-01-05
24018,AW00024018,Barbara,Gao,S,F,2026-01-05
24019,AW00024019,Barbara,Raji,M,F,2026-01-05
24020,AW00024020,Francisco,Raman,S,M,2026-01-05
24021,AW00024021,Clinton,Munoz,S,M,2026-01-05
24022,AW00024022,Dale,Beck,M,M,2026-01-05
24023,AW00024023,Bonnie,Nara,S,F,2026-01-05
24024,AW00024024,Marie,Malhotra,M,F,2026-01-05
24025,AW00024025,Eugene,Zeng,M,M,2026-01-05
24026,AW00024026,Jill,Serrano,M,F,2026-01-05
24027,AW00024027,Omar,Tang,M,M,2026-01-05
24028,AW00024028,Adam,Hayes,S,M,2026-01-05
24029,AW00024029,Haley,Howard,S,F,2026-01-05
24030,AW00024030,Deb,Wagner,S,F,2026-01-05
24031,AW00024031,Tammy,Suri,M,F,2026-01-05
24032,AW00024032,Micah,Ma,M,M,2026-01-05
24033,AW00024033,Katherine,Reed,S,F,2026-01-05
24034,AW00024034,Pedro,Ruiz,M,M,2026-01-05
24035,AW00024035,Jaclyn,Wu,S,F,2026-01-05
24036,AW00024036,Jay,Vazquez,S,M,2026-01-05
24037,AW00024037,Ramon,Guo,S,M,2026-01-05
24038,AW00024038,Evan,Turner,S,M,2026-01-05
24039,AW00024039,Cassie,Xu,M,F,2026-01-05
24040,AW00024040,Jennifer,Bell,S,F,2026-01-05
24041,AW00024041,Chad,Tang,M,M,2026-01-05
24042,AW00024042,Zachary,White,M,M,2026-01-05
24043,AW00024043,Charles,Kelly,M,M,2026-01-05
24044,AW00024044,Arturo,Kumar,S,M,2026-01-05
24045,AW00024045,Shannon,Martin,M,M,2026-01-05
24046,AW00024046,Cristina,Chander,S,F,2026-01-05
24047,AW00024047,Clarence,Yuan,S,M,2026-01-05
24048,AW00024048,Gregory,Tang,M,M,2026-01-05
24049,AW00024049,Byron,Gomez,S,M,2026-01-05
24050,AW00024050,Clarence,Nath,S,M,2026-01-05
24051,AW00024051,Colleen,Nath,M,F,2026-01-05
24052,AW00024052,Priscilla,Goel,S,F,2026-01-05
24053,AW00024053,Jose,Allen,M,M,2026-01-05
24054,AW00024054,Gerald,Hernandez,S,M,2026-01-05
24055,AW00024055,Louis,Goel,S,M,2026-01-05
24056,AW00024056,Tamara,Lin,S,F,2026-01-05
24057,AW00024057,Ricky,Alvarez,M,M,2026-01-05
24058,AW00024058,Alvin,Lal,S,M,2026-01-05
24059,AW00024059,Tabitha,Navarro,S,F,2026-01-05
24060,AW00024060,Bonnie,Deng,S,F,2026-01-05
24061,AW00024061,Kelvin,Luo,M,M,2026-01-05
24062,AW00024062,Crystal,Cai,M,F,2026-01-05
24063,AW00024063,Micheal,Suarez,S,M,2026-01-05
24064,AW00024064,Stanley,Fernandez,M,M,2026-01-05
24065,AW00024065,Lori,Gutierrez,S,F,2026-01-05
24066,AW00024066,Brittney,West,M,F,2026-01-05
24067,AW00024067,Carolyn,Raman,S,F,2026-01-05
24068,AW00024068,Edwin,Yang,M,M,2026-01-05
24069,AW00024069,Jessie,Chen,M,M,2026-01-05
24070,AW00024070,Cameron,Shan,S,M,2026-01-05
24071,AW00024071,Victor,Suarez,M,M,2026-01-05
24072,AW00024072,Randy,He,M,M,2026-01-05
24073,AW00024073,Grace,Taylor,M,F,2026-01-05
24074,AW00024074,Grace,Alexander,S,F,2026-01-05
24075,AW00024075,Peter,Saddow,M,F,2026-01-05
24076,AW00024076,Casey,Hernandez,M,M,2026-01-05
24077,AW00024077,Tony,Rai,M,M,2026-01-05
24078,AW00024078,Neil,Martin,M,M,2026-01-05
24079,AW00024079,Andre,Raman,M,M,2026-01-05
24080,AW00024080,Billy,Serrano,M,M,2026-01-05
24081,AW00024081,Alexis,Hughes,M,F,2026-01-05
24082,AW00024082,Regina,Rodriguez,M,F,2026-01-05
24083,AW00024083,Max,Moreno,M,M,2026-01-05
24084,AW00024084,Jonathon,Jimenez,M,M,2026-01-05
24085,AW00024085,Autumn,Gao,M,F,2026-01-05
24086,AW00024086,Dakota,Gonzales,M,M,2026-01-05
24087,AW00024087,Hannah,Wilson,S,F,2026-01-05
24088,AW00024088,Damien,He,M,M,2026-01-05
24089,AW00024089,Dustin,Yuan,M,M,2026-01-05
24090,AW00024090,Cassandra,Perez,S,F,2026-01-05
24091,AW00024091,Dwayne,Munoz,M,M,2026-01-05
24092,AW00024092,Jillian,Gonzalez,M,F,2026-01-05
24093,AW00024093,Claudia,He,S,F,2026-01-05
24094,AW00024094,Julio,Diaz,S,M,2026-01-05
24095,AW00024095,Julie,Andersen,S,F,2026-01-05
24096,AW00024096,Diana,Vazquez,M,F,2026-01-05
24097,AW00024097,Francisco,Fernandez,M,M,2026-01-05
24098,AW00024098,Olivia,Howard,S,F,2026-01-05
24099,AW00024099,Sarah,Smith,M,F,2026-01-05
24100,AW00024100,Jenny,He,M,F,2026-01-05
24101,AW00024101,Kaitlyn,Anderson,M,F,2026-01-05
24102,AW00024102,Andy,Torres,M,M,2026-01-05
24103,AW00024103,Billy,Dominguez,M,M,2026-01-05
24104,AW00024104,Robyn,Ortega,M,F,2026-01-05
24105,AW00024105,Carolyn,Sanchez,M,F,2026-01-05
24106,AW00024106,Kelvin,Shan,S,M,2026-01-05
24107,AW00024107,Jonathan,Jenkins,M,M,2026-01-05
24108,AW00024108,Tonya,Lal,S,F,2026-01-05
24109,AW00024109,Eddie,Suarez,S,M,2026-01-05
24110,AW00024110,Kaylee,Brooks,S,F,2026-01-05
24111,AW00024111,Cameron,Long,S,M,2026-01-05
24112,AW00024112,Mary,Foster,M,F,2026-01-05
24113,AW00024113,Stephanie,Green,S,F,2026-01-05
24114,AW00024114,Kristin,Yuan,M,F,2026-01-05
24115,AW00024115,Gary,Carlson,M,M,2026-01-05
24116,AW00024116,Pedro,Martinez,M,M,2026-01-05
24117,AW00024117,Shannon,Gill,M,M,2026-01-05
24118,AW00024118,Donna,Chande,M,F,2026-01-05
24119,AW00024119,Emmanuel,Kapoor,S,M,2026-01-05
24120,AW00024120,Kaitlyn,Allen,S,F,2026-01-05
24121,AW00024121,Valerie,Liu,S,F,2026-01-05
24122,AW00024122,Michele,Blanco,S,F,2026-01-05
24123,AW00024123,Heather,Hu,S,F,2026-01-05
24124,AW00024124,Erik,Vazquez,S,M,2026-01-05
24125,AW00024125,Tiffany,Xu,S,F,2026-01-05
24126,AW00024126,Pedro,Mehta,S,M,2026-01-05
24127,AW00024127,James,Washington,S,M,2026-01-05
24128,AW00024128,Kimberly,Ramirez,S,F,2026-01-05
24129,AW00024129,Jamie,Gutierrez,S,M,2026-01-05
24130,AW00024130,Tanya,Navarro,M,F,2026-01-05
24131,AW00024131,Felicia,Rubio,M,F,2026-01-05
24132,AW00024132,Devon,Tang,S,M,2026-01-05
24133,AW00024133,Carla,Patel,S,F,2026-01-05
24134,AW00024134,Edgar,Kapoor,S,M,2026-01-05
24135,AW00024135,Martin,Martinez,S,M,2026-01-05
24136,AW00024136,Alisha,Hu,S,F,2026-01-05
24137,AW00024137,Tara,Sharma,S,F,2026-01-05
24138,AW00024138,Kristy,Gutierrez,M,F,2026-01-05
24139,AW00024139,Andrew,Williams,M,M,2026-01-05
24140,AW00024140,Alvin,Lin,S,M,2026-01-05
24141,AW00024141,Misty,Nath,S,F,2026-01-05
24142,AW00024142,Christian,Davis,M,M,2026-01-05
24143,AW00024143,Stanley,Mehta,M,M,2026-01-05
24144,AW00024144,Gerald,Sanchez,M,M,2026-01-05
24145,AW00024145,Cheryl,Serrano,S,F,2026-01-05
24146,AW00024146,Craig,Suarez,S,M,2026-01-05
24147,AW00024147,Kathleen,Hernandez,M,F,2026-01-05
24148,AW00024148,Brittney,Zhou,S,F,2026-01-05
24149,AW00024149,Richard,Simmons,M,M,2026-01-05
24150,AW00024150,Jack,Campbell,M,M,2026-01-05
24151,AW00024151,Jon,Shan,S,M,2026-01-05
24152,AW00024152,Casey,Rubio,S,M,2026-01-05
24153,AW00024153,Seth,Jenkins,S,M,2026-01-05
24154,AW00024154,Orlando,Ramos,S,M,2026-01-05
24155,AW00024155,Tracy,Raje,M,F,2026-01-05
24156,AW00024156,Wesley,Zhou,M,M,2026-01-05
24157,AW00024157,Marie,Subram,M,F,2026-01-05
24158,AW00024158,Omar,Deng,S,M,2026-01-05
24159,AW00024159,Christine,Luo,M,F,2026-01-05
24160,AW00024160,Carl,Yuan,S,M,2026-01-05
24161,AW00024161,Luke,Kumar,M,M,2026-01-05
24162,AW00024162,Grant,Raje,M,M,2026-01-05
24163,AW00024163,Micah,Guo,S,M,2026-01-05
24164,AW00024164,Teresa,Gomez,S,F,2026-01-05
24165,AW00024165,Gilbert,Gao,S,M,2026-01-05
24166,AW00024166,Renee,Alonso,S,F,2026-01-05
24167,AW00024167,Lacey,Zhu,S,F,2026-01-05
24168,AW00024168,Manuel,Srini,M,M,2026-01-05
24169,AW00024169,Lydia,Martinez,S,F,2026-01-05
24170,AW00024170,Jaime,Hernandez,S,F,2026-01-05
24171,AW00024171,Jarrod,Chandra,S,M,2026-01-05
24172,AW00024172,Jessie,Hernandez,M,F,2026-01-05
24173,AW00024173,Lacey,Wang,S,F,2026-01-05
24174,AW00024174,Keith,Chander,M,M,2026-01-05
24175,AW00024175,Lacey,Luo,S,F,2026-01-05
24176,AW00024176,Marie,Jimenez,M,F,2026-01-05
24177,AW00024177,Gina,Gill,S,F,2026-01-05
24178,AW00024178,Clifford,Sara,S,M,2026-01-05
24179,AW00024179,Robyn,Blanco,M,F,2026-01-05
24180,AW00024180,Arturo,Jai,S,M,2026-01-05
24181,AW00024181,Edwin,Nath,M,M,2026-01-05
24182,AW00024182,Nancy,Lopez,M,F,2026-01-05
24183,AW00024183,Ruth,Perez,S,F,2026-01-05
24184,AW00024184,Alexandra,Jackson,S,F,2026-01-05
24185,AW00024185,Tara,She,S,F,2026-01-05
24186,AW00024186,Theodore,Alonso,S,M,2026-01-05
24187,AW00024187,Daisy,Serrano,S,F,2026-01-05
24188,AW00024188,Charles,Turner,S,M,2026-01-05
24189,AW00024189,Andre,Suri,M,M,2026-01-05
24190,AW00024190,Austin,Chen,S,M,2026-01-05
24191,AW00024191,Marshall,He,M,M,2026-01-05
24192,AW00024192,Regina,Prasad,S,F,2026-01-05
24193,AW00024193,Louis,Becker,M,M,2026-01-05
24194,AW00024194,Armando,Martin,M,M,2026-01-05
24195,AW00024195,Dawn,Zhao,M,F,2026-01-05
24196,AW00024196,Armando,Gill,M,M,2026-01-05
24197,AW00024197,Whitney,Mehta,S,F,2026-01-05
24198,AW00024198,Chelsea,Madan,M,F,2026-01-05
24199,AW00024199,Veronica,Prasad,M,F,2026-01-05
24200,AW00024200,Grant,Jai,S,M,2026-01-05
24201,AW00024201,Olivia,Gonzales,M,F,2026-01-05
24202,AW00024202,Tamara,Black,S,F,2026-01-05
24203,AW00024203,Keith,Xie,S,M,2026-01-05
24204,AW00024204,Darren,Gonzalez,S,M,2026-01-05
24205,AW00024205,Katherine,Anderson,S,F,2026-01-05
24206,AW00024206,Marie,Munoz,M,F,2026-01-05
24207,AW00024207,Stacey,Guo,M,F,2026-01-05
24208,AW00024208,Sabrina,Diaz,S,F,2026-01-05
24209,AW00024209,Chelsea,Jordan,M,F,2026-01-05
24210,AW00024210,Ricardo,Shan,S,M,2026-01-05
24211,AW00024211,Sharon,Shan,S,F,2026-01-05
24212,AW00024212,Tony,Raje,S,M,2026-01-05
24213,AW00024213,Martin,Rana,S,M,2026-01-05
24214,AW00024214,Michele,Romero,S,F,2026-01-05
24215,AW00024215,Lisa,Xu,M,F,2026-01-05
24216,AW00024216,Tara,Black,S,F,2026-01-05
24217,AW00024217,Lauren,Morgan,S,F,2026-01-05
24218,AW00024218,Bryant,Lopez,S,M,2026-01-05
24219,AW00024219,Tina,Lopez,M,F,2026-01-05
24220,AW00024220,Hunter,Edwards,M,M,2026-01-05
24221,AW00024221,Heidi,Perez,S,F,2026-01-05
24222,AW00024222,Sierra,Green,S,F,2026-01-05
24223,AW00024223,Abigail,Alexander,S,F,2026-01-05
24224,AW00024224,Nicole,Perry,S,F,2026-01-05
24225,AW00024225,Jeffery,Yang,S,M,2026-01-05
24226,AW00024226,Brian,Morris,S,M,2026-01-05
24227,AW00024227,Sara,Phillips,S,F,2026-01-05
24228,AW00024228,Terry,Xu,S,M,2026-01-05
24229,AW00024229,Pedro,Kapoor,M,M,2026-01-05
24230,AW00024230,Andres,Sharma,M,M,2026-01-05
24231,AW00024231,Makayla,Cox,S,F,2026-01-05
24232,AW00024232,Ryan,Johnson,S,M,2026-01-05
24233,AW00024233,Jada,Parker,S,F,2026-01-05
24234,AW00024234,Eduardo,Martinez,S,M,2026-01-05
24235,AW00024235,Jill,Martinez,S,F,2026-01-05
24236,AW00024236,Isabella,Nelson,S,F,2026-01-05
24237,AW00024237,Chloe,Henderson,S,F,2026-01-05
24238,AW00024238,Sean,Richardson,M,M,2026-01-05
24239,AW00024239,Miguel,Hernandez,M,M,2026-01-05
24240,AW00024240,Edwin,Hu,M,M,2026-01-05
24241,AW00024241,Colin,Zhao,S,M,2026-01-05
24242,AW00024242,Amy,Zeng,M,F,2026-01-05
24243,AW00024243,Karen,Lin,M,F,2026-01-05
24244,AW00024244,Anne,Serrano,M,F,2026-01-05
24245,AW00024245,Omar,Liang,M,M,2026-01-05
24246,AW00024246,Victor,Ramos,M,M,2026-01-05
24247,AW00024247,George,Sara,M,M,2026-01-05
24248,AW00024248,Jake,Lin,S,M,2026-01-05
24249,AW00024249,Jesse,Howard,S,M,2026-01-05
24250,AW00024250,Carmen,Suri,M,F,2026-01-05
24251,AW00024251,Jay,Browning,S,M,2026-01-05
24252,AW00024252,Jaclyn,Xu,M,F,2026-01-05
24253,AW00024253,Fernando,Wood,M,M,2026-01-05
24254,AW00024254,Emily,Washington,S,F,2026-01-05
24255,AW00024255,Chloe,Lee,S,F,2026-01-05
24256,AW00024256,Kayla,Barnes,S,F,2026-01-05
24257,AW00024257,Alan,Shen,M,M,2026-01-05
24258,AW00024258,Hailey,Edwards,S,F,2026-01-05
24259,AW00024259,Gavin,Price,S,M,2026-01-05
24260,AW00024260,Blake,Perry,S,M,2026-01-05
24261,AW00024261,Emma,Jones,S,F,2026-01-05
24262,AW00024262,Daniel,Thomas,M,M,2026-01-05
24263,AW00024263,Brooke,Brooks,M,F,2026-01-05
24264,AW00024264,Richard,Long,S,M,2026-01-05
24265,AW00024265,Seth,McDonald,M,M,2026-01-05
24266,AW00024266,Melvin,Chander,M,M,2026-01-05
24267,AW00024267,Jésus,Hernandez,M,M,2026-01-05
24268,AW00024268,Meredith,Gill,M,F,2026-01-05
24269,AW00024269,Todd,Lu,M,M,2026-01-05
24270,AW00024270,Latasha,Ortega,M,F,2026-01-05
24271,AW00024271,Leonard,Shen,M,M,2026-01-05
24272,AW00024272,Martha,Wang,M,F,2026-01-05
24273,AW00024273,Monique,Sanz,M,F,2026-01-05
24274,AW00024274,Shaun,Shan,M,M,2026-01-05
24275,AW00024275,Lucas,Rivera,M,M,2026-01-05
24276,AW00024276,Kaitlyn,Nelson,S,F,2026-01-05
24277,AW00024277,Donald,Kovár,S,M,2026-01-05
24278,AW00024278,Cedric,Xu,M,M,2026-01-05
24279,AW00024279,Angel,Nelson,S,M,2026-01-05
24280,AW00024280,Peter,Shan,S,M,2026-01-05
24281,AW00024281,Marie,Suri,S,F,2026-01-05
24282,AW00024282,Damien,Raji,M,M,2026-01-05
24283,AW00024283,Aimee,Zheng,S,F,2026-01-05
24284,AW00024284,Melissa,Sanders,S,F,2026-01-05
24285,AW00024285,Jesse,Cox,S,M,2026-01-05
24286,AW00024286,Kelvin,Goel,S,M,2026-01-05
24287,AW00024287,John,Martinez,M,M,2026-01-05
24288,AW00024288,Pedro,Gomez,M,M,2026-01-05
24289,AW00024289,Robert,Gonzalez,S,M,2026-01-05
24290,AW00024290,Zoe,Bell,M,F,2026-01-05
24291,AW00024291,Eduardo,Garcia,S,M,2026-01-05
24292,AW00024292,Mackenzie,Brooks,M,F,2026-01-05
24293,AW00024293,Anna,Rivera,M,F,2026-01-05
24294,AW00024294,Luis,Yang,S,M,2026-01-05
24295,AW00024295,Natalie,Barnes,S,F,2026-01-05
24296,AW00024296,Amanda,Gonzalez,S,F,2026-01-05
24297,AW00024297,Victoria,Cox,M,F,2026-01-05
24298,AW00024298,Robert,Yang,M,M,2026-01-05
24299,AW00024299,Andrea,Gray,S,F,2026-01-05
24300,AW00024300,Naomi,Gomez,S,F,2026-01-05
24301,AW00024301,Tasha,Rai,S,F,2026-01-05
24302,AW00024302,Cesar,Kapoor,M,M,2026-01-05
24303,AW00024303,Megan,Diaz,S,F,2026-01-05
24304,AW00024304,Beth,Serrano,S,F,2026-01-05
24305,AW00024305,Warren,Chow,S,M,2026-01-05
24306,AW00024306,Molly,Chandra,M,F,2026-01-05
24307,AW00024307,Tina,Sara,S,F,2026-01-05
24308,AW00024308,Destiny,Sanders,S,F,2026-01-05
24309,AW00024309,Ethan,Williams,M,M,2026-01-05
24310,AW00024310,Gabrielle,Peterson,S,F,2026-01-05
24311,AW00024311,Geoffrey,Patel,S,M,2026-01-05
24312,AW00024312,Austin,Martin,S,M,2026-01-05
24313,AW00024313,Taylor,Brooks,M,F,2026-01-05
24314,AW00024314,Bryan,Howard,M,M,2026-01-05
24315,AW00024315,Edward,Scott,M,M,2026-01-05
24316,AW00024316,Rachel,Diaz,S,F,2026-01-05
24317,AW00024317,Devin,Thomas,S,M,2026-01-05
24318,AW00024318,Luis,Long,M,M,2026-01-05
24319,AW00024319,Benjamin,Clark,M,M,2026-01-05
24320,AW00024320,Joshua,White,S,M,2026-01-05
24321,AW00024321,Gabriel,Scott,S,M,2026-01-05
24322,AW00024322,Alexandra,Evans,M,F,2026-01-05
24323,AW00024323,Janet,Wright,S,F,2026-01-05
24324,AW00024324,Jennifer,Reed,S,F,2026-01-05
24325,AW00024325,Jason,Perry,M,M,2026-01-05
24326,AW00024326,Adam,Bryant,M,M,2026-01-05
24327,AW00024327,Evan,Rogers,M,M,2026-01-05
24328,AW00024328,Melissa,Simmons,S,F,2026-01-05
24329,AW00024329,Abigail,Cooper,S,F,2026-01-05
24330,AW00024330,Jessica,Bennett,S,F,2026-01-05
24331,AW00024331,Carson,Powell,S,M,2026-01-05
24332,AW00024332,Abigail,Thompson,M,F,2026-01-05
24333,AW00024333,Ann,Prasad,S,F,2026-01-05
24334,AW00024334,Alexa,James,M,F,2026-01-05
24335,AW00024335,Richard,Wright,S,M,2026-01-05
24336,AW00024336,Gabrielle,Wright,S,F,2026-01-05
24337,AW00024337,Noah,Alexander,M,M,2026-01-05
24338,AW00024338,Shannon,Zeng,S,F,2026-01-05
24339,AW00024339,Jennifer,Price,S,F,2026-01-05
24340,AW00024340,Chloe,Clark,S,F,2026-01-05
24341,AW00024341,Wyatt,Jones,M,M,2026-01-05
24342,AW00024342,Evan,Campbell,M,M,2026-01-05
24343,AW00024343,Tyler,Harris,M,M,2026-01-05
24344,AW00024344,Wayne,Chander,S,M,2026-01-05
24345,AW00024345,Riley,Cox,S,F,2026-01-05
24346,AW00024346,Giorgio,Veronesi,M,F,2026-01-05
24347,AW00024347,Tina,Madan,S,F,2026-01-05
24348,AW00024348,Ruben,Gomez,S,M,2026-01-05
24349,AW00024349,Jill,Patterson,S,F,2026-01-05
24350,AW00024350,Eduardo,Simmons,S,M,2026-01-05
24351,AW00024351,Brandon,Yang,M,M,2026-01-05
24352,AW00024352,Natalie,Cox,M,F,2026-01-05
24353,AW00024353,Andrea,Ramirez,M,F,2026-01-05
24354,AW00024354,Bailey,Cook,M,F,2026-01-05
24355,AW00024355,Jennifer,Johnson,M,F,2026-01-05
24356,AW00024356,Wesley,Zhang,S,M,2026-01-05
24357,AW00024357,Eric,Baker,M,M,2026-01-05
24358,AW00024358,Kevin,Green,M,M,2026-01-05
24359,AW00024359,Zachary,Shan,S,M,2026-01-05
24360,AW00024360,Carolyn,Diaz,S,F,2026-01-05
24361,AW00024361,Francisco,Rodriguez,M,M,2026-01-05
24362,AW00024362,Marc,Vazquez,S,M,2026-01-05
24363,AW00024363,Amanda,Coleman,M,F,2026-01-05
24364,AW00024364,Henry,Prasad,M,M,2026-01-05
24365,AW00024365,Mallory,Navarro,S,F,2026-01-05
24366,AW00024366,Melvin,Luo,S,M,2026-01-05
24367,AW00024367,Ross,Sara,S,M,2026-01-05
24368,AW00024368,Ebony,Prasad,S,F,2026-01-05
24369,AW00024369,Chelsea,Lopez,M,F,2026-01-05
24370,AW00024370,Nathan,West,M,M,2026-01-05
24371,AW00024371,Leslie,Navarro,M,F,2026-01-05
24372,AW00024372,Teresa,Jimenez,S,F,2026-01-05
24373,AW00024373,Steven,Reed,M,M,2026-01-05
24374,AW00024374,Eugene,Ma,S,M,2026-01-05
24375,AW00024375,Pamela,Schmidt,M,F,2026-01-05
24376,AW00024376,Tommy,Black,M,M,2026-01-05
24377,AW00024377,Richard,Wood,S,M,2026-01-05
24378,AW00024378,Brandi,Jiménez,S,F,2026-01-05
24379,AW00024379,Noah,Jenkins,S,M,2026-01-05
24380,AW00024380,Maurice,Yuan,M,M,2026-01-05
24381,AW00024381,Danny,Serrano,S,M,2026-01-05
24382,AW00024382,Patrick,Sanchez,M,M,2026-01-05
24383,AW00024383,Ronald,Prasad,M,M,2026-01-05
24384,AW00024384,Kenneth,Pal,M,M,2026-01-05
24385,AW00024385,Summer,Perez,M,F,2026-01-05
24386,AW00024386,Isabella,Walker,S,F,2026-01-05
24387,AW00024387,Elijah,Mitchell,M,M,2026-01-05
24388,AW00024388,Maria,Campbell,M,F,2026-01-05
24389,AW00024389,Xavier,Carter,S,M,2026-01-05
24390,AW00024390,Carolyn,Prasad,M,F,2026-01-05
24391,AW00024391,Marissa,Washington,M,F,2026-01-05
24392,AW00024392,Molly,Prasad,S,F,2026-01-05
24393,AW00024393,Joseph,Johnson,S,M,2026-01-05
24394,AW00024394,Drew,Raji,M,M,2026-01-05
24395,AW00024395,Alison,Raji,M,F,2026-01-05
24396,AW00024396,Robyn,Navarro,M,F,2026-01-05
24397,AW00024397,Henry,Raman,S,M,2026-01-05
24398,AW00024398,Brandon,Davis,M,M,2026-01-05
24399,AW00024399,Katherine,Sanchez,M,F,2026-01-05
24400,AW00024400,Kaitlyn,Parker,M,F,2026-01-05
24401,AW00024401,Douglas,Rana,S,M,2026-01-05
24402,AW00024402,Devin,Alexander,S,M,2026-01-05
24403,AW00024403,Gabriel,Wright,M,M,2026-01-05
24404,AW00024404,Bryant,Chapman,M,M,2026-01-05
24405,AW00024405,Tara,Rai,M,F,2026-01-05
24406,AW00024406,Reginald,Vazquez,M,M,2026-01-05
24407,AW00024407,Makayla,Peterson,M,F,2026-01-05
24408,AW00024408,Jordan,Diaz,M,M,2026-01-05
24409,AW00024409,Jackson,Hernandez,S,M,2026-01-05
24410,AW00024410,Sara,Sanders,S,F,2026-01-05
24411,AW00024411,Johnathan,Sanchez,M,M,2026-01-05
24412,AW00024412,Angelica,Patterson,S,F,2026-01-05
24413,AW00024413,Nathan,Lewis,M,M,2026-01-05
24414,AW00024414,Adam,Edwards,S,M,2026-01-05
24415,AW00024415,Kaylee,Ward,M,F,2026-01-05
24416,AW00024416,Oscar,Jenkins,M,M,2026-01-05
24417,AW00024417,Christopher,Harris,S,M,2026-01-05
24418,AW00024418,Brandon,Garcia,S,M,2026-01-05
24419,AW00024419,Kaylee,Rivera,M,F,2026-01-05
24420,AW00024420,Marcus,Price,M,M,2026-01-05
24421,AW00024421,Seth,Kelly,M,M,2026-01-05
24422,AW00024422,Thomas,Lal,M,M,2026-01-05
24423,AW00024423,Alyssa,Harris,M,F,2026-01-05
24424,AW00024424,Morgan,Russell,M,F,2026-01-05
24425,AW00024425,Chloe,Ward,S,F,2026-01-05
24426,AW00024426,Jordan,Russell,M,M,2026-01-05
24427,AW00024427,Evelyn,Fernandez,S,F,2026-01-05
24428,AW00024428,Hailey,Price,M,F,2026-01-05
24429,AW00024429,Isabelle,Hughes,S,F,2026-01-05
24430,AW00024430,Dalton,Long,S,M,2026-01-05
24431,AW00024431,Abigail,Morgan,M,F,2026-01-05
24432,AW00024432,Dalton,Reed,M,M,2026-01-05
24433,AW00024433,Luis,Simmons,M,M,2026-01-05
24434,AW00024434,Jordan,Butler,M,M,2026-01-05
24435,AW00024435,Mariah,Hughes,M,F,2026-01-05
24436,AW00024436,Jennifer,Hernandez,M,F,2026-01-05
24437,AW00024437,Nicole,Blue,S,F,2026-01-05
24438,AW00024438,Xavier,Robinson,M,M,2026-01-05
24439,AW00024439,Xavier,Watson,M,M,2026-01-05
24440,AW00024440,Jordyn,Hughes,M,F,2026-01-05
24441,AW00024441,Tristan,Bryant,S,M,2026-01-05
24442,AW00024442,Briana,Gutierrez,M,F,2026-01-05
24443,AW00024443,Edgar,Suri,M,M,2026-01-05
24444,AW00024444,Elijah,Griffin,S,M,2026-01-05
24445,AW00024445,Lauren,Brooks,M,F,2026-01-05
24446,AW00024446,Brianna,Robinson,M,F,2026-01-05
24447,AW00024447,Cody,Morgan,M,M,2026-01-05
24448,AW00024448,Amanda,Lopez,M,F,2026-01-05
24449,AW00024449,Melanie,Simmons,M,F,2026-01-05
24450,AW00024450,Isabel,Long,M,F,2026-01-05
24451,AW00024451,Bailey,Morgan,M,F,2026-01-05
24452,AW00024452,Megan,Coleman,M,F,2026-01-05
24453,AW00024453,Cassie,Yuan,S,F,2026-01-05
24454,AW00024454,Carol,Zhou,S,F,2026-01-05
24455,AW00024455,Alejandro,Chander,M,M,2026-01-05
24456,AW00024456,Danny,Ruiz,S,M,2026-01-05
24457,AW00024457,Meghan,Alonso,S,F,2026-01-05
24458,AW00024458,Frederick,Rodriguez,S,M,2026-01-05
24459,AW00024459,Kristin,Carson,S,F,2026-01-05
24460,AW00024460,Willie,Nara,S,M,2026-01-05
24461,AW00024461,Ruth,Sai,S,F,2026-01-05
24462,AW00024462,Donald,Fernandez,S,M,2026-01-05
24463,AW00024463,Kristen,Zheng,M,F,2026-01-05
24464,AW00024464,Joanna,Torres,S,F,2026-01-05
24465,AW00024465,Tara,Andersen,M,F,2026-01-05
24466,AW00024466,Alexa,Travers,M,F,2026-01-05
24467,AW00024467,Susan,He,S,F,2026-01-05
24468,AW00024468,Whitney,Patel,S,F,2026-01-05
24469,AW00024469,Roger,Andersen,S,M,2026-01-05
24470,AW00024470,Clarence,Lal,M,M,2026-01-05
24471,AW00024471,Ricardo,Chande,S,M,2026-01-05
24472,AW00024472,Jake,He,S,M,2026-01-05
24473,AW00024473,Marco,Rana,S,M,2026-01-05
24474,AW00024474,Rosa,Guo,S,F,2026-01-05
24475,AW00024475,Gilbert,Zhou,S,M,2026-01-05
24476,AW00024476,Jared,Brooks,M,M,2026-01-05
24477,AW00024477,Warren,Zeng,S,M,2026-01-05
24478,AW00024478,Lindsay,Sharma,S,F,2026-01-05
24479,AW00024479,Desirée,Moreno,S,F,2026-01-05
24480,AW00024480,Kelli,Liu,S,F,2026-01-05
24481,AW00024481,Dennis,Sun,M,M,2026-01-05
24482,AW00024482,Roy,Ramos,M,M,2026-01-05
24483,AW00024483,Arthur,Kapoor,S,M,2026-01-05
24484,AW00024484,Chad,Anand,M,M,2026-01-05
24485,AW00024485,Franklin,Ma,S,M,2026-01-05
24486,AW00024486,Rafael,Zeng,M,M,2026-01-05
24487,AW00024487,Samantha,Harris,S,F,2026-01-05
24488,AW00024488,Gavin,Gonzales,S,M,2026-01-05
24489,AW00024489,Shelby,Murphy,S,F,2026-01-05
24490,AW00024490,Dwayne,Suarez,M,M,2026-01-05
24491,AW00024491,Kaitlyn,Russell,S,F,2026-01-05
24492,AW00024492,Devin,Lopez,S,M,2026-01-05
24493,AW00024493,Seth,Bennett,S,M,2026-01-05
24494,AW00024494,Rafael,Zhou,M,M,2026-01-05
24495,AW00024495,Kellie,Ortega,S,F,2026-01-05
24496,AW00024496,Katelyn,Mitchell,S,F,2026-01-05
24497,AW00024497,Abigail,James,S,F,2026-01-05
24498,AW00024498,Angela,Washington,S,F,2026-01-05
24499,AW00024499,Olivia,Lewis,S,F,2026-01-05
24500,AW00024500,Seth,Johnson,M,M,2026-01-05
24501,AW00024501,Victoria,Garcia,S,F,2026-01-05
24502,AW00024502,Deb,Price,M,M,2026-01-05
24503,AW00024503,Laura,Ma,M,F,2026-01-05
24504,AW00024504,Eddie,Navarro,M,M,2026-01-05
24505,AW00024505,Clifford,Gonzalez,M,M,2026-01-05
24506,AW00024506,Jaime,Muñoz,M,F,2026-01-05
24507,AW00024507,Madison,Garcia,S,F,2026-01-05
24508,AW00024508,Alex,Phillips,S,M,2026-01-05
24509,AW00024509,Emma,Long,S,F,2026-01-05
24510,AW00024510,Christian,Martinez,M,M,2026-01-05
24511,AW00024511,Logan,Hall,S,M,2026-01-05
24512,AW00024512,Adrienne,Jiménez,S,F,2026-01-05
24513,AW00024513,Alejandro,Deng,M,M,2026-01-05
24514,AW00024514,Jesse,Phillips,M,M,2026-01-05
24515,AW00024515,Ian,Jones,S,M,2026-01-05
24516,AW00024516,Rachel,Moore,S,F,2026-01-05
24517,AW00024517,Brandon,Harris,S,M,2026-01-05
24518,AW00024518,Stephanie,Allen,S,F,2026-01-05
24519,AW00024519,Carlos,King,M,M,2026-01-05
24520,AW00024520,Joseph,Wilson,M,M,2026-01-05
24521,AW00024521,Jordyn,Wood,S,F,2026-01-05
24522,AW00024522,Alex,Perez,M,M,2026-01-05
24523,AW00024523,Mariah,Coleman,M,F,2026-01-05
24524,AW00024524,Megan,Lewis,M,F,2026-01-05
24525,AW00024525,James,Nelson,M,M,2026-01-05
24526,AW00024526,Julian,Barnes,M,M,2026-01-05
24527,AW00024527,Gavin,Coleman,M,M,2026-01-05
24528,AW00024528,Katherine,Hernandez,S,F,2026-01-05
24529,AW00024529,Jillian,Martinez,S,F,2026-01-05
24530,AW00024530,Franklin,She,S,M,2026-01-05
24531,AW00024531,Andres,Xie,M,M,2026-01-05
24532,AW00024532,Phillip,Perez,M,M,2026-01-05
24533,AW00024533,Blake,Long,S,M,2026-01-05
24534,AW00024534,Alisha,Luo,M,F,2026-01-05
24535,AW00024535,David,Shepard,M,F,2026-01-05
24536,AW00024536,Cynthia,Perez,M,F,2026-01-05
24537,AW00024537,Cynthia,Saunders,S,F,2026-01-05
24538,AW00024538,Latasha,Diaz,S,F,2026-01-05
24539,AW00024539,Colin,Zheng,S,M,2026-01-05
24540,AW00024540,Janet,Martin,M,F,2026-01-05
24541,AW00024541,Janet,Sheperdigian,M,M,2026-01-05
24542,AW00024542,Arturo,Liang,S,M,2026-01-05
24543,AW00024543,Arthur,Moreno,S,M,2026-01-05
24544,AW00024544,Kellie,Romero,S,F,2026-01-05
24545,AW00024545,Douglas,Raman,S,M,2026-01-05
24546,AW00024546,Adam,Hughes,M,M,2026-01-05
24547,AW00024547,Dana,Gomez,S,F,2026-01-05
24548,AW00024548,Crystal,Liu,M,F,2026-01-05
24549,AW00024549,Darryl,Li,S,M,2026-01-05
24550,AW00024550,Randy,Ma,M,M,2026-01-05
24551,AW00024551,Molly,Malhotra,M,F,2026-01-05
24552,AW00024552,Ross,Carlson,M,M,2026-01-05
24553,AW00024553,Michele,Ashe,M,F,2026-01-05
24554,AW00024554,Deanna,Fernandez,M,F,2026-01-05
24555,AW00024555,Lacey,Chande,M,F,2026-01-05
24556,AW00024556,Claudia,Yang,S,F,2026-01-05
24557,AW00024557,Franklin,Lin,S,M,2026-01-05
24558,AW00024558,Savannah,Brooks,M,F,2026-01-05
24559,AW00024559,Adrienne,Suarez,M,F,2026-01-05
24560,AW00024560,Veronica,Fernandez,M,F,2026-01-05
24561,AW00024561,Megan,Sherman,S,M,2026-01-05
24562,AW00024562,Ricky,Rubio,S,M,2026-01-05
24563,AW00024563,Adriana,Rodriguez,M,F,2026-01-05
24564,AW00024564,Johnny,Andersen,S,M,2026-01-05
24565,AW00024565,Theodore,Navarro,S,M,2026-01-05
24566,AW00024566,Kara,Nara,S,F,2026-01-05
24567,AW00024567,Alison,Deng,M,F,2026-01-05
24568,AW00024568,Jose,Mitchell,S,M,2026-01-05
24569,AW00024569,Bob,Gonzalez,M,M,2026-01-05
24570,AW00024570,Karen,Guo,S,F,2026-01-05
24571,AW00024571,Roberto,Navarro,S,M,2026-01-05
24572,AW00024572,Carolyn,Martinez,M,F,2026-01-05
24573,AW00024573,Colin,Rai,M,M,2026-01-05
24574,AW00024574,Alison,Yuan,S,F,2026-01-05
24575,AW00024575,Arturo,Zhu,S,M,2026-01-05
24576,AW00024576,Jake,Hu,S,M,2026-01-05
24577,AW00024577,Gilbert,Lal,S,M,2026-01-05
24578,AW00024578,Meredith,Lopez,S,F,2026-01-05
24579,AW00024579,Trevor,Alexander,S,M,2026-01-05
24580,AW00024580,Wesley,Zhao,M,M,2026-01-05
24581,AW00024581,Reginald,Diaz,M,M,2026-01-05
24582,AW00024582,Marie,Sai,M,F,2026-01-05
24583,AW00024583,Roy,Chandra,S,M,2026-01-05
24584,AW00024584,Ronnie,Liang,S,M,2026-01-05
24585,AW00024585,Harold,Patel,M,M,2026-01-05
24586,AW00024586,Jerry,Luo,S,M,2026-01-05
24587,AW00024587,Suzanne,Sun,M,F,2026-01-05
24588,AW00024588,Kathryn,Becker,S,F,2026-01-05
24589,AW00024589,Laura,Zhao,S,F,2026-01-05
24590,AW00024590,Diana,Alonso,M,F,2026-01-05
24591,AW00024591,Derek,Pal,S,M,2026-01-05
24592,AW00024592,Jay,Martinez,S,M,2026-01-05
24593,AW00024593,Destiny,Watson,M,F,2026-01-05
24594,AW00024594,Franklin,Yuan,M,M,2026-01-05
24595,AW00024595,Kelvin,Wu,S,M,2026-01-05
24596,AW00024596,Heather,Zhao,M,F,2026-01-05
24597,AW00024597,Lee,Dominguez,S,M,2026-01-05
24598,AW00024598,Irma,Sherwood,S,M,2026-01-05
24599,AW00024599,Virginia,Garcia,M,F,2026-01-05
24600,AW00024600,Lisa,Li,M,F,2026-01-05
24601,AW00024601,Natasha,Munoz,S,F,2026-01-05
24602,AW00024602,Preston,Garcia,S,M,2026-01-05
24603,AW00024603,Jake,Zhu,S,M,2026-01-05
24604,AW00024604,Melvin,Rai,M,M,2026-01-05
24605,AW00024605,Roger,Wang,S,M,2026-01-05
24606,AW00024606,Cassie,Nath,M,F,2026-01-05
24607,AW00024607,Kristine,Ruiz,S,F,2026-01-05
24608,AW00024608,Katrina,Nara,M,F,2026-01-05
24609,AW00024609,Jenny,Zhang,M,F,2026-01-05
24610,AW00024610,Troy,Kapoor,S,M,2026-01-05
24611,AW00024611,Pedro,Suarez,S,M,2026-01-05
24612,AW00024612,Devon,Chander,S,M,2026-01-05
24613,AW00024613,Stacy,Serrano,M,F,2026-01-05
24614,AW00024614,Lindsey,Raje,M,F,2026-01-05
24615,AW00024615,Dwayne,Ortega,M,M,2026-01-05
24616,AW00024616,Zoe,Cook,M,F,2026-01-05
24617,AW00024617,Kelsey,She,M,F,2026-01-05
24618,AW00024618,Brett,Gonzalez,M,M,2026-01-05
24619,AW00024619,Shelby,Kelly,S,F,2026-01-05
24620,AW00024620,Olivia,Morgan,M,F,2026-01-05
24621,AW00024621,Chad,Shan,M,M,2026-01-05
24622,AW00024622,Blake,Hall,M,M,2026-01-05
24623,AW00024623,Beth,Torres,M,F,2026-01-05
24624,AW00024624,Allison,Murphy,M,F,2026-01-05
24625,AW00024625,Yolanda,Nath,M,F,2026-01-05
24626,AW00024626,Seth,Bryant,M,M,2026-01-05
24627,AW00024627,Eric,Edwards,S,M,2026-01-05
24628,AW00024628,David,Walker,S,M,2026-01-05
24629,AW00024629,Seth,Perry,M,M,2026-01-05
24630,AW00024630,Brianna,Howard,M,F,2026-01-05
24631,AW00024631,Hannah,Powell,S,F,2026-01-05
24632,AW00024632,Catherine,James,S,F,2026-01-05
24633,AW00024633,Xavier,Cook,M,M,2026-01-05
24634,AW00024634,Crystal,He,M,F,2026-01-05
24635,AW00024635,Gabrielle,Rogers,S,F,2026-01-05
24636,AW00024636,Anna,Ward,M,F,2026-01-05
24637,AW00024637,Nathan,Flores,M,M,2026-01-05
24638,AW00024638,Julia,Lopez,S,F,2026-01-05
24639,AW00024639,Ian,Moore,M,M,2026-01-05
24640,AW00024640,Lisa,Yang,S,F,2026-01-05
24641,AW00024641,Sarah,Powell,M,F,2026-01-05
24642,AW00024642,Edward,Russell,S,M,2026-01-05
24643,AW00024643,Jada,Campbell,S,F,2026-01-05
24644,AW00024644,Samuel,Johnston,M,M,2026-01-05
24645,AW00024645,Bryce,Murphy,M,M,2026-01-05
24646,AW00024646,Juan,Murphy,M,M,2026-01-05
24647,AW00024647,Jose,Simmons,S,M,2026-01-05
24648,AW00024648,Amanda,King,S,F,2026-01-05
24649,AW00024649,Aaron,Washington,M,M,2026-01-05
24650,AW00024650,Julia,Baker,S,F,2026-01-05
24651,AW00024651,Dakota,Alexander,S,M,2026-01-05
24652,AW00024652,Luke,Butler,S,M,2026-01-05
24653,AW00024653,Victoria,Barnes,M,F,2026-01-05
24654,AW00024654,Paige,Simmons,S,F,2026-01-05
24655,AW00024655,Taylor,Sanders,M,F,2026-01-05
24656,AW00024656,Julia,Moore,M,F,2026-01-05
24657,AW00024657,Alyssa,Brooks,M,F,2026-01-05
24658,AW00024658,Jenna,Perez,M,F,2026-01-05
24659,AW00024659,Kaitlyn,Hill,M,F,2026-01-05
24660,AW00024660,Anna,Perry,S,F,2026-01-05
24661,AW00024661,Madison,Jones,S,F,2026-01-05
24662,AW00024662,Arianna,Price,S,F,2026-01-05
24663,AW00024663,Ebony,Fernandez,S,F,2026-01-05
24664,AW00024664,Ian,Washington,M,M,2026-01-05
24665,AW00024665,Angela,Morgan,S,F,2026-01-05
24666,AW00024666,Hannah,Martinez,M,F,2026-01-05
24667,AW00024667,Chloe,Diaz,S,F,2026-01-05
24668,AW00024668,Katrina,Xu,M,F,2026-01-05
24669,AW00024669,Xavier,Parker,M,M,2026-01-05
24670,AW00024670,Alexandria,Ross,S,F,2026-01-05
24671,AW00024671,Christian,Perry,M,M,2026-01-05
24672,AW00024672,Jeremy,Cook,M,M,2026-01-05
24673,AW00024673,Paige,Cox,M,F,2026-01-05
24674,AW00024674,Dylan,Kumar,M,M,2026-01-05
24675,AW00024675,Jackson,Nelson,S,M,2026-01-05
24676,AW00024676,Jeremy,Roberts,M,M,2026-01-05
24677,AW00024677,Blake,Lee,M,M,2026-01-05
24678,AW00024678,Nathan,Long,S,M,2026-01-05
24679,AW00024679,Wyatt,Hernandez,M,M,2026-01-05
24680,AW00024680,Thomas,Flores,S,M,2026-01-05
24681,AW00024681,Arianna,Murphy,S,F,2026-01-05
24682,AW00024682,Faith,Rogers,M,F,2026-01-05
24683,AW00024683,Shannon,Alonso,M,M,2026-01-05
24684,AW00024684,Charles,Martin,M,M,2026-01-05
24685,AW00024685,Jordan,Kumar,M,M,2026-01-05
24686,AW00024686,Melissa,Murphy,S,F,2026-01-05
24687,AW00024687,Joan,Ross,S,F,2026-01-05
24688,AW00024688,Ashley,Long,M,F,2026-01-05
24689,AW00024689,Sandra,Ye,M,F,2026-01-05
24690,AW00024690,Christian,Long,S,M,2026-01-05
24691,AW00024691,Meredith,Carlson,M,F,2026-01-05
24692,AW00024692,Laura,He,M,F,2026-01-05
24693,AW00024693,Alexandra,Rogers,S,F,2026-01-05
24694,AW00024694,Theodore,Carlson,S,M,2026-01-05
24695,AW00024695,Omar,Zhou,S,M,2026-01-05
24696,AW00024696,Tasha,Xie,S,F,2026-01-05
24697,AW00024697,Manuel,Rodriguez,M,M,2026-01-05
24698,AW00024698,Blake,Carter,S,M,2026-01-05
24699,AW00024699,Rebekah,Rubio,S,F,2026-01-05
24700,AW00024700,Gary,Alvarez,S,M,2026-01-05
24701,AW00024701,Marco,Fernandez,M,M,2026-01-05
24702,AW00024702,Kari,Ramos,S,F,2026-01-05
24703,AW00024703,Jonathan,White,M,M,2026-01-05
24704,AW00024704,Allen,Schmidt,M,M,2026-01-05
24705,AW00024705,Daniel,Shimshoni,S,F,2026-01-05
24706,AW00024706,Virginia,Rana,S,F,2026-01-05
24707,AW00024707,Shaun,Pal,S,M,2026-01-05
24708,AW00024708,Corey,Chander,S,M,2026-01-05
24709,AW00024709,Nancy,Prasad,M,F,2026-01-05
24710,AW00024710,Brandy,Malhotra,M,F,2026-01-05
24711,AW00024711,Rebekah,Hernandez,S,F,2026-01-05
24712,AW00024712,Carly,Kumar,M,F,2026-01-05
24713,AW00024713,Jeremy,Brooks,S,M,2026-01-05
24714,AW00024714,Whitney,Rodriguez,S,F,2026-01-05
24715,AW00024715,Kelli,Nath,S,F,2026-01-05
24716,AW00024716,Colin,Liu,M,M,2026-01-05
24717,AW00024717,Damien,Anand,S,M,2026-01-05
24718,AW00024718,Terrence,Black,S,M,2026-01-05
24719,AW00024719,Susan,Zheng,M,F,2026-01-05
24720,AW00024720,Deanna,Alvarez,S,F,2026-01-05
24721,AW00024721,Mandy,Zheng,M,F,2026-01-05
24722,AW00024722,Hunter,Ross,S,M,2026-01-05
24723,AW00024723,Shawna,Pal,M,F,2026-01-05
24724,AW00024724,Alfredo,Gutierrez,M,M,2026-01-05
24725,AW00024725,Bailey,Young,M,F,2026-01-05
24726,AW00024726,Marissa,Hughes,M,F,2026-01-05
24727,AW00024727,Mallory,Jimenez,M,F,2026-01-05
24728,AW00024728,Julia,Diaz,S,F,2026-01-05
24729,AW00024729,Chase,Murphy,S,M,2026-01-05
24730,AW00024730,Anthony,Moore,M,M,2026-01-05
24731,AW00024731,Evan,Mitchell,M,M,2026-01-05
24732,AW00024732,Wyatt,Davis,M,M,2026-01-05
24733,AW00024733,Luke,Flores,S,M,2026-01-05
24734,AW00024734,Jack,Turner,S,M,2026-01-05
24735,AW00024735,Madison,Powell,S,F,2026-01-05
24736,AW00024736,Savannah,Ramirez,S,F,2026-01-05
24737,AW00024737,Angela,Bailey,S,F,2026-01-05
24738,AW00024738,Hannah,Davis,M,F,2026-01-05
24739,AW00024739,Dalton,Sanders,M,M,2026-01-05
24740,AW00024740,Shelby,Cooper,S,F,2026-01-05
24741,AW00024741,Brittany,Perry,S,F,2026-01-05
24742,AW00024742,Rachel,Ramirez,S,F,2026-01-05
24743,AW00024743,Chloe,Coleman,S,F,2026-01-05
24744,AW00024744,Brendan,Yuan,M,M,2026-01-05
24745,AW00024745,Jennifer,Ward,S,F,2026-01-05
24746,AW00024746,Ian,Russell,S,M,2026-01-05
24747,AW00024747,Dakota,Powell,S,M,2026-01-05
24748,AW00024748,Jose,Collins,M,M,2026-01-05
24749,AW00024749,Marshall,Guo,M,M,2026-01-05
24750,AW00024750,Destiny,Barnes,M,F,2026-01-05
24751,AW00024751,Angela,Howard,M,F,2026-01-05
24752,AW00024752,Cameron,Jackson,S,M,2026-01-05
24753,AW00024753,Eduardo,Jenkins,S,M,2026-01-05
24754,AW00024754,Haley,Rivera,M,F,2026-01-05
24755,AW00024755,Sean,Scott,M,M,2026-01-05
24756,AW00024756,Carlos,Bell,M,M,2026-01-05
24757,AW00024757,Alisha,She,M,F,2026-01-05
24758,AW00024758,Gabriella,Adams,M,F,2026-01-05
24759,AW00024759,Brooke,Stewart,S,F,2026-01-05
24760,AW00024760,Julian,Coleman,S,M,2026-01-05
24761,AW00024761,Lawrence,Rubio,S,M,2026-01-05
24762,AW00024762,Warren,Xu,S,M,2026-01-05
24763,AW00024763,Fernando,Hill,S,M,2026-01-05
24764,AW00024764,Abigail,Hughes,M,F,2026-01-05
24765,AW00024765,Morgan,Alexander,S,F,2026-01-05
24766,AW00024766,Christian,White,M,M,2026-01-05
24767,AW00024767,Lauren,Jackson,M,F,2026-01-05
24768,AW00024768,Jordan,Ross,M,M,2026-01-05
24769,AW00024769,Brendan,Lal,S,M,2026-01-05
24770,AW00024770,Isaac,Wright,M,M,2026-01-05
24771,AW00024771,Samuel,Harris,M,M,2026-01-05
24772,AW00024772,Greg,Russell,M,M,2026-01-05
24773,AW00024773,Grace,Stewart,M,F,2026-01-05
24774,AW00024774,Xavier,Gonzales,S,M,2026-01-05
24775,AW00024775,Alexandra,Alexander,M,F,2026-01-05
24776,AW00024776,Samantha,Perry,M,F,2026-01-05
24777,AW00024777,Eric,Adams,M,M,2026-01-05
24778,AW00024778,Sean,Baker,M,M,2026-01-05
24779,AW00024779,Morgan,Lee,M,F,2026-01-05
24780,AW00024780,Courtney,Hall,M,F,2026-01-05
24781,AW00024781,Carmen,Garcia,M,F,2026-01-05
24782,AW00024782,Nicole,Morris,M,F,2026-01-05
24783,AW00024783,Barry,Raman,M,M,2026-01-05
24784,AW00024784,Megan,Kelly,S,F,2026-01-05
24785,AW00024785,Cody,Morris,M,M,2026-01-05
24786,AW00024786,Haley,Adams,M,F,2026-01-05
24787,AW00024787,Andrea,Watson,M,F,2026-01-05
24788,AW00024788,Ashley,Bennett,M,F,2026-01-05
24789,AW00024789,Tamara,Hu,M,F,2026-01-05
24790,AW00024790,Rebekah,Navarro,M,F,2026-01-05
24791,AW00024791,Teresa,Ortega,M,F,2026-01-05
24792,AW00024792,Clifford,Malhotra,M,M,2026-01-05
24793,AW00024793,Cole,Morgan,M,M,2026-01-05
24794,AW00024794,Cody,Sanchez,M,M,2026-01-05
24795,AW00024795,Alexandra,Lewis,M,F,2026-01-05
24796,AW00024796,Jessica,Simmons,M,F,2026-01-05
24797,AW00024797,Dylan,Flores,S,M,2026-01-05
24798,AW00024798,Lawrence,Moreno,S,M,2026-01-05
24799,AW00024799,Byron,Sanz,S,M,2026-01-05
24800,AW00024800,Eduardo,Young,S,M,2026-01-05
24801,AW00024801,Chase,Bailey,S,M,2026-01-05
24802,AW00024802,Timothy,Allen,S,M,2026-01-05
24803,AW00024803,Anna,Diaz,M,F,2026-01-05
24804,AW00024804,Tonya,Raji,M,F,2026-01-05
24805,AW00024805,Donna,Luo,M,F,2026-01-05
24806,AW00024806,Faith,Russell,M,F,2026-01-05
24807,AW00024807,Anne,Moreno,M,F,2026-01-05
24808,AW00024808,Eric,Perez,M,M,2026-01-05
24809,AW00024809,Alyssa,Moore,M,F,2026-01-05
24810,AW00024810,Alyssa,Richardson,M,F,2026-01-05
24811,AW00024811,Trinity,Ramirez,S,F,2026-01-05
24812,AW00024812,Johnathan,Sai,M,M,2026-01-05
24813,AW00024813,Armando,Schmidt,M,M,2026-01-05
24814,AW00024814,Gabriel,Washington,S,M,2026-01-05
24815,AW00024815,Victoria,Clark,S,F,2026-01-05
24816,AW00024816,Lauren,Perry,M,F,2026-01-05
24817,AW00024817,Victoria,Richardson,M,F,2026-01-05
24818,AW00024818,Diane,Rubio,M,F,2026-01-05
24819,AW00024819,Jack,Shan,M,M,2026-01-05
24820,AW00024820,David,Clark,M,M,2026-01-05
24821,AW00024821,Melissa,Alexander,M,F,2026-01-05
24822,AW00024822,Paige,Cook,M,F,2026-01-05
24823,AW00024823,Vincent,Zhao,M,M,2026-01-05
24824,AW00024824,Alexandria,Wood,S,F,2026-01-05
24825,AW00024825,Zoe,Sanders,M,F,2026-01-05
24826,AW00024826,Richard,Powell,M,M,2026-01-05
24827,AW00024827,Alexander,Martinez,M,M,2026-01-05
24828,AW00024828,Brooke,Reed,S,F,2026-01-05
24829,AW00024829,Ethan,Patterson,M,M,2026-01-05
24830,AW00024830,Alexandra,Cox,M,F,2026-01-05
24831,AW00024831,Jackson,Diaz,S,M,2026-01-05
24832,AW00024832,Morgan,Martin,M,F,2026-01-05
24833,AW00024833,Deanna,Ruiz,S,F,2026-01-05
24834,AW00024834,Bethany,Jai,M,F,2026-01-05
24835,AW00024835,Angel,Morgan,S,M,2026-01-05
24836,AW00024836,Taylor,Robinson,S,F,2026-01-05
24837,AW00024837,Wyatt,Lewis,S,M,2026-01-05
24838,AW00024838,Elijah,Young,S,M,2026-01-05
24839,AW00024839,Tamara,Goldberg,S,F,2026-01-05
24840,AW00024840,Marco,Sai,M,M,2026-01-05
24841,AW00024841,Andres,Jai,M,M,2026-01-05
24842,AW00024842,Monique,Alonso,S,F,2026-01-05
24843,AW00024843,Bryant,Subram,M,M,2026-01-05
24844,AW00024844,Maria,Ward,S,F,2026-01-05
24845,AW00024845,Tyrone,Jimenez,M,M,2026-01-05
24846,AW00024846,Naomi,Navarro,S,F,2026-01-05
24847,AW00024847,Tonya,Nath,M,F,2026-01-05
24848,AW00024848,Jeffery,Zhou,M,M,2026-01-05
24849,AW00024849,Brianna,Ward,M,F,2026-01-05
24850,AW00024850,Emmanuel,Perez,M,M,2026-01-05
24851,AW00024851,Leslie,Ortega,M,F,2026-01-05
24852,AW00024852,Carla,Martinez,M,F,2026-01-05
24853,AW00024853,Miguel,Long,S,M,2026-01-05
24854,AW00024854,Emma,Jenkins,S,F,2026-01-05
24855,AW00024855,Kaylee,Wright,S,F,2026-01-05
24856,AW00024856,Candice,Huang,M,F,2026-01-05
24857,AW00024857,Anna,Henderson,M,F,2026-01-05
24858,AW00024858,Calvin,Xie,M,M,2026-01-05
24859,AW00024859,Cesar,Arun,S,M,2026-01-05
24860,AW00024860,Douglas,Garcia,S,M,2026-01-05
24861,AW00024861,Evelyn,Vance,M,F,2026-01-05
24862,AW00024862,Tamara,Zhou,M,F,2026-01-05
24863,AW00024863,Wesley,Sun,S,M,2026-01-05
24864,AW00024864,Jeffery,Sun,M,M,2026-01-05
24865,AW00024865,Ashley,Griffin,S,F,2026-01-05
24866,AW00024866,Alejandro,Nath,M,M,2026-01-05
24867,AW00024867,Beth,Suarez,S,F,2026-01-05
24868,AW00024868,Darryl,Hu,M,M,2026-01-05
24869,AW00024869,Misty,Shock,M,M,2026-01-05
24870,AW00024870,Taylor,Morgan,M,F,2026-01-05
24871,AW00024871,Kelsey,Luo,S,F,2026-01-05
24872,AW00024872,Alisha,Raje,S,F,2026-01-05
24873,AW00024873,Alisha,Li,S,F,2026-01-05
24874,AW00024874,Wendy,Moreno,M,F,2026-01-05
24875,AW00024875,Darryl,Zhang,S,M,2026-01-05
24876,AW00024876,Jarrod,Subram,S,M,2026-01-05
24877,AW00024877,Mandy,Zhao,M,F,2026-01-05
24878,AW00024878,Sandra,Wang,M,F,2026-01-05
24879,AW00024879,Desiree,Munoz,M,F,2026-01-05
24880,AW00024880,Summer,Chandra,M,F,2026-01-05
24881,AW00024881,Tasha,Ashe,M,F,2026-01-05
24882,AW00024882,Meredith,Srini,M,F,2026-01-05
24883,AW00024883,Stacey,Lin,S,F,2026-01-05
24884,AW00024884,Michele,Fernandez,M,F,2026-01-05
24885,AW00024885,Corey,Xie,S,M,2026-01-05
24886,AW00024886,Joy,Romero,S,F,2026-01-05
24887,AW00024887,Micah,Sun,S,M,2026-01-05
24888,AW00024888,Roy,Srini,S,M,2026-01-05
24889,AW00024889,Kelli,She,M,F,2026-01-05
24890,AW00024890,Brenda,Van,S,F,2026-01-05
24891,AW00024891,Bianca,Chen,S,F,2026-01-05
24892,AW00024892,Arthur,Alvarez,S,M,2026-01-05
24893,AW00024893,Alvin,Chande,S,M,2026-01-05
24894,AW00024894,Jaime,Jai,S,M,2026-01-05
24895,AW00024895,Dalton,Henderson,M,M,2026-01-05
24896,AW00024896,Kendra,Ramos,S,F,2026-01-05
24897,AW00024897,Glenn,Hu,M,M,2026-01-05
24898,AW00024898,Mallory,Gomez,S,F,2026-01-05
24899,AW00024899,Vincent,Zhu,S,M,2026-01-05
24900,AW00024900,Ebony,Perez,S,F,2026-01-05
24901,AW00024901,Clarence,She,S,M,2026-01-05
24902,AW00024902,Jill,Murphy,S,F,2026-01-05
24903,AW00024903,Tracy,Black,S,F,2026-01-05
24904,AW00024904,Jaclyn,Yuan,M,F,2026-01-05
24905,AW00024905,Kelsey,Nara,M,F,2026-01-05
24906,AW00024906,Donna,Raji,S,F,2026-01-05
24907,AW00024907,Megan,Price,M,F,2026-01-05
24908,AW00024908,Marc,Blanco,S,M,2026-01-05
24909,AW00024909,Grant,Yuan,M,M,2026-01-05
24910,AW00024910,Terrance,Madan,M,M,2026-01-05
24911,AW00024911,Martin,Madan,S,M,2026-01-05
24912,AW00024912,Krystal,Li,S,F,2026-01-05
24913,AW00024913,Kelsey,Lal,M,F,2026-01-05
24914,AW00024914,Heather,Zhou,M,F,2026-01-05
24915,AW00024915,Stanley,Patel,S,M,2026-01-05
24916,AW00024916,Kara,Pal,S,F,2026-01-05
24917,AW00024917,Arthur,Gomez,S,M,2026-01-05
24918,AW00024918,Warren,Cai,S,M,2026-01-05
24919,AW00024919,Carl,Shan,M,M,2026-01-05
24920,AW00024920,Amy,Cai,M,F,2026-01-05
24921,AW00024921,Curtis,He,S,M,2026-01-05
24922,AW00024922,Naomi,Jimenez,M,F,2026-01-05
24923,AW00024923,Ebony,Sara,M,F,2026-01-05
24924,AW00024924,Richard,Anderson,M,M,2026-01-05
24925,AW00024925,Erick,Perez,S,M,2026-01-05
24926,AW00024926,Eric,Roberts,S,M,2026-01-05
24927,AW00024927,Kaitlyn,Harris,S,F,2026-01-05
24928,AW00024928,Timothy,Wright,S,M,2026-01-05
24929,AW00024929,Lucas,Bailey,S,M,2026-01-05
24930,AW00024930,Abigail,Lewis,M,F,2026-01-05
24931,AW00024931,Brianna,Miller,S,F,2026-01-05
24932,AW00024932,Richard,Jones,M,M,2026-01-05
24933,AW00024933,Regina,Sanchez,S,F,2026-01-05
24934,AW00024934,Lindsay,Tang,S,F,2026-01-05
24935,AW00024935,James,Hayes,S,M,2026-01-05
24936,AW00024936,Caleb,Scott,M,M,2026-01-05
24937,AW00024937,Jordan,Evans,S,F,2026-01-05
24938,AW00024938,Julia,Martinez,M,F,2026-01-05
24939,AW00024939,Elizabeth,Barnes,S,F,2026-01-05
24940,AW00024940,Fernando,Martin,M,M,2026-01-05
24941,AW00024941,Wyatt,Garcia,M,M,2026-01-05
24942,AW00024942,Steven,James,M,M,2026-01-05
24943,AW00024943,Darrell,Chander,M,M,2026-01-05
24944,AW00024944,Whitney,Garcia,M,F,2026-01-05
24945,AW00024945,Logan,Harris,M,M,2026-01-05
24946,AW00024946,Sarah,Hughes,S,F,2026-01-05
24947,AW00024947,Aaron,Phillips,S,M,2026-01-05
24948,AW00024948,Nathan,Carter,M,M,2026-01-05
24949,AW00024949,Devin,Howard,S,M,2026-01-05
24950,AW00024950,Stephanie,Alexander,S,F,2026-01-05
24951,AW00024951,Jeremy,Ward,M,M,2026-01-05
24952,AW00024952,Amanda,Long,S,F,2026-01-05
24953,AW00024953,Aaron,Green,M,M,2026-01-05
24954,AW00024954,Jonathan,Long,M,M,2026-01-05
24955,AW00024955,Donald,Perez,S,M,2026-01-05
24956,AW00024956,Ariana,Ward,M,F,2026-01-05
24957,AW00024957,Anna,Howard,M,F,2026-01-05
24958,AW00024958,Tamara,Xu,S,F,2026-01-05
24959,AW00024959,Kristy,Blanco,S,F,2026-01-05
24960,AW00024960,Brianna,Gray,S,F,2026-01-05
24961,AW00024961,Alexandra,Bennett,M,F,2026-01-05
24962,AW00024962,Jonathan,Jai,M,M,2026-01-05
24963,AW00024963,Erica,Zhao,M,F,2026-01-05
24964,AW00024964,Samantha,Anderson,M,F,2026-01-05
24965,AW00024965,Justin,Hayes,M,M,2026-01-05
24966,AW00024966,Jade,Cooper,S,F,2026-01-05
24967,AW00024967,Jasmine,Reed,S,F,2026-01-05
24968,AW00024968,Dalton,Moore,M,M,2026-01-05
24969,AW00024969,Vanessa,Gonzales,M,F,2026-01-05
24970,AW00024970,Blake,Wright,M,M,2026-01-05
24971,AW00024971,Brittney,Lin,M,F,2026-01-05
24972,AW00024972,Edward,Garcia,S,M,2026-01-05
24973,AW00024973,Arianna,Rivera,M,F,2026-01-05
24974,AW00024974,Eduardo,Carter,M,M,2026-01-05
24975,AW00024975,Julia,James,S,F,2026-01-05
24976,AW00024976,Stephanie,Cooper,M,F,2026-01-05
24977,AW00024977,Sophia,Green,M,F,2026-01-05
24978,AW00024978,Kaylee,Stewart,M,F,2026-01-05
24979,AW00024979,Jada,Adams,M,F,2026-01-05
24980,AW00024980,Savannah,Phillips,M,F,2026-01-05
24981,AW00024981,Jose,Davis,M,M,2026-01-05
24982,AW00024982,Devin,King,M,M,2026-01-05
24983,AW00024983,Morgan,Griffin,S,F,2026-01-05
24984,AW00024984,William,Moore,M,M,2026-01-05
24985,AW00024985,Jenna,Phillips,M,F,2026-01-05
24986,AW00024986,Isabelle,Griffin,M,F,2026-01-05
24987,AW00024987,Kristopher,Chandra,M,M,2026-01-05
24988,AW00024988,Kayla,Diaz,M,F,2026-01-05
24989,AW00024989,Arianna,Peterson,M,F,2026-01-05
24990,AW00024990,Timothy,Collins,M,M,2026-01-05
24991,AW00024991,Luke,Bryant,S,M,2026-01-05
24992,AW00024992,Faith,Bryant,M,F,2026-01-05
24993,AW00024993,Marvin,Ortega,M,M,2026-01-05
24994,AW00024994,Lauren,Sanders,M,F,2026-01-05
24995,AW00024995,Melissa,Peterson,S,F,2026-01-05
24996,AW00024996,Dylan,Miller,M,M,2026-01-05
24997,AW00024997,Melvin,Kumar,S,M,2026-01-05
24998,AW00024998,Olivia,Martinez,S,F,2026-01-05
24999,AW00024999,Shaun,Jai,S,M,2026-01-05
25000,AW00025000,Allison,Turner,S,F,2026-01-05
25001,AW00025001,Clayton,Xu,M,M,2026-01-05
25002,AW00025002,Logan,Edwards,M,M,2026-01-05
25003,AW00025003,Tristan,Russell,S,M,2026-01-05
25004,AW00025004,Samuel,Thomas,S,M,2026-01-05
25005,AW00025005,Brianna,Williams,S,F,2026-01-05
25006,AW00025006,Bailey,Murphy,S,F,2026-01-05
25007,AW00025007,Alyssa,Sanders,S,F,2026-01-05
25008,AW00025008,Haley,Perry,S,F,2026-01-05
25009,AW00025009,Natasha,Alonso,M,F,2026-01-05
25010,AW00025010,Misty,Kumar,S,F,2026-01-05
25011,AW00025011,Taylor,White,M,F,2026-01-05
25012,AW00025012,Craig,Martin,M,M,2026-01-05
25013,AW00025013,Mitchell,Stone,S,M,2026-01-05
25014,AW00025014,Juan,Reed,S,M,2026-01-05
25015,AW00025015,Jacqueline,Rogers,M,F,2026-01-05
25016,AW00025016,Elijah,Washington,S,M,2026-01-05
25017,AW00025017,Cristina,Xu,M,F,2026-01-05
25018,AW00025018,Lucas,Robinson,S,M,2026-01-05
25019,AW00025019,Misty,Shen,M,F,2026-01-05
25020,AW00025020,Walter,Romero,S,M,2026-01-05
25021,AW00025021,Edwin,Sharma,M,M,2026-01-05
25022,AW00025022,Patricia,Perez,M,F,2026-01-05
25023,AW00025023,Carolyn,Sanz,S,F,2026-01-05
25024,AW00025024,Brad,Pritchett,S,M,2026-01-05
25025,AW00025025,Spencer,Bryant,S,M,2026-01-05
25026,AW00025026,Mitchell,Andersen,M,M,2026-01-05
25027,AW00025027,Meredith,Mehta,M,F,2026-01-05
25028,AW00025028,Brenda,Gonzalez,M,F,2026-01-05
25029,AW00025029,Alberto,Hernandez,S,M,2026-01-05
25030,AW00025030,Jessie,Romero,S,F,2026-01-05
25031,AW00025031,Kristina,Malhotra,S,F,2026-01-05
25032,AW00025032,Meredith,Rana,S,F,2026-01-05
25033,AW00025033,Omar,Zhu,S,M,2026-01-05
25034,AW00025034,Anne,Martin,S,F,2026-01-05
25035,AW00025035,Mandy,Lin,S,F,2026-01-05
25036,AW00025036,Jenny,Ye,S,F,2026-01-05
25037,AW00025037,Terrence,Rai,M,M,2026-01-05
25038,AW00025038,Isabella,Hall,S,F,2026-01-05
25039,AW00025039,Alexis,Clark,S,F,2026-01-05
25040,AW00025040,Julian,Perry,S,M,2026-01-05
25041,AW00025041,Hunter,Phillips,S,M,2026-01-05
25042,AW00025042,Arif,Rizaldy,S,F,2026-01-05
25043,AW00025043,Damien,Rai,S,M,2026-01-05
25044,AW00025044,Emma,Bailey,S,F,2026-01-05
25045,AW00025045,Paige,Russell,M,F,2026-01-05
25046,AW00025046,Caleb,Long,M,M,2026-01-05
25047,AW00025047,Trevor,Long,M,M,2026-01-05
25048,AW00025048,Yolanda,Sharma,S,F,2026-01-05
25049,AW00025049,Candice,Ye,M,F,2026-01-05
25050,AW00025050,Darryl,Chen,S,M,2026-01-05
25051,AW00025051,Suzanne,Cai,S,F,2026-01-05
25052,AW00025052,Sandra,Lin,S,F,2026-01-05
25053,AW00025053,Colin,Andersen,M,M,2026-01-05
25054,AW00025054,Sheila,Alonso,S,F,2026-01-05
25055,AW00025055,Erik,Navarro,M,M,2026-01-05
25056,AW00025056,Wayne,Black,M,M,2026-01-05
25057,AW00025057,Jerome,Gomez,S,M,2026-01-05
25058,AW00025058,Corey,Raji,M,M,2026-01-05
25059,AW00025059,Sean,Ward,S,M,2026-01-05
25060,AW00025060,Noah,Martinez,S,M,2026-01-05
25061,AW00025061,Julia,Hughes,S,F,2026-01-05
25062,AW00025062,Kaitlyn,Young,S,F,2026-01-05
25063,AW00025063,Dylan,Williams,M,M,2026-01-05
25064,AW00025064,James,Harris,S,M,2026-01-05
25065,AW00025065,Thomas,Henderson,M,M,2026-01-05
25066,AW00025066,Charles,Robinson,S,M,2026-01-05
25067,AW00025067,Melanie,Butler,S,F,2026-01-05
25068,AW00025068,Robert,Shan,S,M,2026-01-05
25069,AW00025069,Lori,Ortega,M,F,2026-01-05
25070,AW00025070,Melody,Alvarez,M,F,2026-01-05
25071,AW00025071,Natalie,Brooks,M,F,2026-01-05
25072,AW00025072,Alyssa,Murphy,S,F,2026-01-05
25073,AW00025073,Shelby,Stewart,M,F,2026-01-05
25074,AW00025074,Samantha,Jackson,M,F,2026-01-05
25075,AW00025075,Samantha,Thompson,M,F,2026-01-05
25076,AW00025076,Nicole,Jenkins,M,F,2026-01-05
25077,AW00025077,Wyatt,Clark,M,M,2026-01-05
25078,AW00025078,James,Jenkins,M,M,2026-01-05
25079,AW00025079,Riley,Perry,S,F,2026-01-05
25080,AW00025080,Marissa,Long,S,F,2026-01-05
25081,AW00025081,Melanie,Morris,S,F,2026-01-05
25082,AW00025082,William,Martinez,M,M,2026-01-05
25083,AW00025083,Omar,Gao,M,M,2026-01-05
25084,AW00025084,Dalton,James,M,M,2026-01-05
25085,AW00025085,Lucas,Rogers,M,M,2026-01-05
25086,AW00025086,Jasmine,Cox,M,F,2026-01-05
25087,AW00025087,Wyatt,Young,M,M,2026-01-05
25088,AW00025088,Victoria,Reed,M,F,2026-01-05
25089,AW00025089,Christy,Xie,S,F,2026-01-05
25090,AW00025090,Ivan,Sara,M,M,2026-01-05
25091,AW00025091,Jessie,Zeng,S,M,2026-01-05
25092,AW00025092,Emily,Jackson,M,F,2026-01-05
25093,AW00025093,Madison,Griffin,S,F,2026-01-05
25094,AW00025094,Charles,Thomas,S,M,2026-01-05
25095,AW00025095,Adam,Jai,S,M,2026-01-05
25096,AW00025096,Victoria,Bennett,S,F,2026-01-05
25097,AW00025097,Fernando,Gonzales,M,M,2026-01-05
25098,AW00025098,Logan,Long,M,M,2026-01-05
25099,AW00025099,Melanie,Hayes,M,F,2026-01-05
25100,AW00025100,Kristen,Huang,M,F,2026-01-05
25101,AW00025101,Wyatt,Baker,M,M,2026-01-05
25102,AW00025102,Stephanie,Kelly,M,F,2026-01-05
25103,AW00025103,Shelby,Brooks,M,F,2026-01-05
25104,AW00025104,Natalie,Parker,S,F,2026-01-05
25105,AW00025105,Warren,Nara,S,M,2026-01-05
25106,AW00025106,Micah,Gao,M,M,2026-01-05
25107,AW00025107,Mason,Ramirez,S,M,2026-01-05
25108,AW00025108,Gary,Gill,M,M,2026-01-05
25109,AW00025109,Devin,Rivera,M,M,2026-01-05
25110,AW00025110,Tabitha,Suarez,M,F,2026-01-05
25111,AW00025111,Drew,Chander,M,M,2026-01-05
25112,AW00025112,Suzanne,Zhu,M,F,2026-01-05
25113,AW00025113,Randy,Gao,M,M,2026-01-05
25114,AW00025114,Donald,Sara,S,M,2026-01-05
25115,AW00025115,Raymond,Rana,M,M,2026-01-05
25116,AW00025116,Phillip,Sara,M,M,2026-01-05
25117,AW00025117,Mindy,Shan,M,F,2026-01-05
25118,AW00025118,Gerald,Diaz,M,M,2026-01-05
25119,AW00025119,Deanna,Lopez,M,F,2026-01-05
25120,AW00025120,Heidi,Rodriguez,S,F,2026-01-05
25121,AW00025121,Clarence,Yang,M,M,2026-01-05
25122,AW00025122,Susan,Zhao,S,F,2026-01-05
25123,AW00025123,Sharon,Simpson,M,F,2026-01-05
25124,AW00025124,Keith,Xu,S,M,2026-01-05
25125,AW00025125,Randy,Wang,M,M,2026-01-05
25126,AW00025126,Shane,Suri,M,M,2026-01-05
25127,AW00025127,Priscilla,Deng,S,F,2026-01-05
25128,AW00025128,Clifford,Sai,M,M,2026-01-05
25129,AW00025129,Allen,Raman,S,M,2026-01-05
25130,AW00025130,Micah,Huang,M,M,2026-01-05
25131,AW00025131,Gerald,Chandra,M,M,2026-01-05
25132,AW00025132,Lindsey,Xie,M,F,2026-01-05
25133,AW00025133,Kristine,Gutierrez,S,F,2026-01-05
25134,AW00025134,Brett,Rodriguez,M,M,2026-01-05
25135,AW00025135,Kelvin,Zhao,S,M,2026-01-05
25136,AW00025136,Ruben,Diaz,S,M,2026-01-05
25137,AW00025137,Nina,Raje,M,F,2026-01-05
25138,AW00025138,Seth,Russell,M,M,2026-01-05
25139,AW00025139,Carlos,Short,M,M,2026-01-05
25140,AW00025140,Toni,Lopez,M,F,2026-01-05
25141,AW00025141,Walter,Gutierrez,S,M,2026-01-05
25142,AW00025142,Regina,Ray,S,F,2026-01-05
25143,AW00025143,Destiny,Henderson,S,F,2026-01-05
25144,AW00025144,Johnathan,Fernandez,S,M,2026-01-05
25145,AW00025145,Clayton,Yang,S,M,2026-01-05
25146,AW00025146,Carson,Gonzales,M,M,2026-01-05
25147,AW00025147,Samantha,Brown,M,F,2026-01-05
25148,AW00025148,Ryan,Simmons,M,M,2026-01-05
25149,AW00025149,Samantha,Griffin,M,F,2026-01-05
25150,AW00025150,Xavier,Jones,S,M,2026-01-05
25151,AW00025151,Jasmine,Washington,S,F,2026-01-05
25152,AW00025152,Maria,Sanders,S,F,2026-01-05
25153,AW00025153,Ryan,Coleman,S,M,2026-01-05
25154,AW00025154,Clinton,Serrano,M,M,2026-01-05
25155,AW00025155,Theresa,Alonso,S,F,2026-01-05
25156,AW00025156,Catherine,Peterson,S,F,2026-01-05
25157,AW00025157,Destiny,Miller,S,F,2026-01-05
25158,AW00025158,Stephanie,Long,M,F,2026-01-05
25159,AW00025159,Katelyn,Cooper,S,F,2026-01-05
25160,AW00025160,Mackenzie,Stewart,S,F,2026-01-05
25161,AW00025161,Isabella,Flores,M,F,2026-01-05
25162,AW00025162,Bryan,Morris,S,M,2026-01-05
25163,AW00025163,Natalie,Griffin,M,F,2026-01-05
25164,AW00025164,Isaac,Parker,M,M,2026-01-05
25165,AW00025165,Ashley,Brown,M,F,2026-01-05
25166,AW00025166,Miguel,Jenkins,S,M,2026-01-05
25167,AW00025167,Elijah,Hughes,M,M,2026-01-05
25168,AW00025168,Micheal,Hernandez,M,M,2026-01-05
25169,AW00025169,Angel,Peterson,S,M,2026-01-05
25170,AW00025170,Logan,Walker,M,M,2026-01-05
25171,AW00025171,Christopher,Rodriguez,M,M,2026-01-05
25172,AW00025172,Evan,Gray,M,M,2026-01-05
25173,AW00025173,Melissa,Stewart,M,F,2026-01-05
25174,AW00025174,Monica,Smith,M,F,2026-01-05
25175,AW00025175,Nathan,Chen,S,M,2026-01-05
25176,AW00025176,Edward,Flores,S,M,2026-01-05
25177,AW00025177,Alberto,Gomez,M,M,2026-01-05
25178,AW00025178,Jasmine,Kelly,M,F,2026-01-05
25179,AW00025179,Miguel,Thompson,M,M,2026-01-05
25180,AW00025180,Ana,Simmons,S,F,2026-01-05
25181,AW00025181,Jesse,Torres,M,M,2026-01-05
25182,AW00025182,Natalie,Simmons,M,F,2026-01-05
25183,AW00025183,Michael,Thomas,M,M,2026-01-05
25184,AW00025184,Peter,Tang,S,M,2026-01-05
25185,AW00025185,Jade,Reed,S,F,2026-01-05
25186,AW00025186,Angelica,Coleman,M,F,2026-01-05
25187,AW00025187,Sydney,Scott,M,F,2026-01-05
25188,AW00025188,Kevin,Li,M,M,2026-01-05
25189,AW00025189,Aidan,Hayes,M,M,2026-01-05
25190,AW00025190,Allison,Morris,M,F,2026-01-05
25191,AW00025191,Austin,Gonzales,S,M,2026-01-05
25192,AW00025192,Janet,Gill,S,F,2026-01-05
25193,AW00025193,Stephanie,Howard,S,F,2026-01-05
25194,AW00025194,Jada,Bell,S,F,2026-01-05
25195,AW00025195,Alexandra,Wilson,S,F,2026-01-05
25196,AW00025196,Aaron,Yang,M,M,2026-01-05
25197,AW00025197,Kyle,Perry,M,M,2026-01-05
25198,AW00025198,Michelle,Ramirez,M,F,2026-01-05
25199,AW00025199,Kyle,Griffin,M,M,2026-01-05
25200,AW00025200,Nathan,Williams,M,M,2026-01-05
25201,AW00025201,Hunter,Gonzalez,M,M,2026-01-05
25202,AW00025202,Jonathan,King,S,M,2026-01-05
25203,AW00025203,Caroline,Wood,S,F,2026-01-05
25204,AW00025204,Kelly,Barnes,S,F,2026-01-05
25205,AW00025205,John,Jones,S,M,2026-01-05
25206,AW00025206,Ryan,Bryant,S,M,2026-01-05
25207,AW00025207,Destiny,Moore,S,F,2026-01-05
25208,AW00025208,Daniel,Taylor,S,M,2026-01-05
25209,AW00025209,Emma,Walker,S,F,2026-01-05
25210,AW00025210,Kathryn,Xu,M,F,2026-01-05
25211,AW00025211,Diane,Torres,M,F,2026-01-05
25212,AW00025212,Alberto,Ruiz,M,M,2026-01-05
25213,AW00025213,Cheryl,Gutierrez,S,F,2026-01-05
25214,AW00025214,Roger,Chander,S,M,2026-01-05
25215,AW00025215,Natalie,Gonzalez,S,F,2026-01-05
25216,AW00025216,Rachael,Raman,S,F,2026-01-05
25217,AW00025217,Byron,Martin,M,M,2026-01-05
25218,AW00025218,Christy,Sun,M,F,2026-01-05
25219,AW00025219,Karla,Lal,M,F,2026-01-05
25220,AW00025220,Emily,Anderson,M,F,2026-01-05
25221,AW00025221,Erica,Zhu,S,F,2026-01-05
25222,AW00025222,Tamara,Kumar,S,F,2026-01-05
25223,AW00025223,Armando,Ortega,S,M,2026-01-05
25224,AW00025224,Keith,Kumar,S,M,2026-01-05
25225,AW00025225,Alicia,Yuan,S,F,2026-01-05
25226,AW00025226,Robert,Kumar,S,M,2026-01-05
25227,AW00025227,Jaime,Gutierrez,S,M,2026-01-05
25228,AW00025228,Brad,Ashe,S,M,2026-01-05
25229,AW00025229,Autumn,Zhou,S,F,2026-01-05
25230,AW00025230,Sophia,Carter,S,F,2026-01-05
25231,AW00025231,Olivia,Moore,S,F,2026-01-05
25232,AW00025232,Kellie,Blanco,M,F,2026-01-05
25233,AW00025233,Nathaniel,Ward,M,M,2026-01-05
25234,AW00025234,Monica,Patel,S,F,2026-01-05
25235,AW00025235,Monique,Torres,M,F,2026-01-05
25236,AW00025236,Lance,Martin,S,M,2026-01-05
25237,AW00025237,Roger,Sun,M,M,2026-01-05
25238,AW00025238,Kristopher,Madan,M,M,2026-01-05
25239,AW00025239,Isabella,Barnes,M,F,2026-01-05
25240,AW00025240,Ross,Rana,M,M,2026-01-05
25241,AW00025241,Aaron,Powell,M,M,2026-01-05
25242,AW00025242,Susan,Hu,S,F,2026-01-05
25243,AW00025243,Tonya,Rai,S,F,2026-01-05
25244,AW00025244,Jay,Weber,S,M,2026-01-05
25245,AW00025245,Francis,Gutierrez,S,M,2026-01-05
25246,AW00025246,Warren,Lal,M,M,2026-01-05
25247,AW00025247,Lindsay,Nara,M,F,2026-01-05
25248,AW00025248,Denise,Madan,M,F,2026-01-05
25249,AW00025249,Alexandra,Watson,S,F,2026-01-05
25250,AW00025250,Anthony,Walker,S,M,2026-01-05
25251,AW00025251,Toni,Rodriguez,S,F,2026-01-05
25252,AW00025252,Warren,Zhang,S,M,2026-01-05
25253,AW00025253,Ryan,Miller,M,M,2026-01-05
25254,AW00025254,Krystal,She,S,F,2026-01-05
25255,AW00025255,Logan,Lal,M,M,2026-01-05
25256,AW00025256,Eric,Hill,M,M,2026-01-05
25257,AW00025257,Harold,Sanchez,M,M,2026-01-05
25258,AW00025258,Micheal,Vazquez,M,M,2026-01-05
25259,AW00025259,Ethan,Thomas,M,M,2026-01-05
25260,AW00025260,Dalton,Howard,S,M,2026-01-05
25261,AW00025261,Eduardo,Phillips,M,M,2026-01-05
25262,AW00025262,Andre,Chandra,M,M,2026-01-05
25263,AW00025263,Audrey,Carlson,S,F,2026-01-05
25264,AW00025264,Wyatt,Bryant,S,M,2026-01-05
25265,AW00025265,Hannah,Smith,S,F,2026-01-05
25266,AW00025266,Kari,Suri,S,F,2026-01-05
25267,AW00025267,Arthur,Malhotra,M,M,2026-01-05
25268,AW00025268,Jaime,Andersen,M,M,2026-01-05
25269,AW00025269,Tabitha,Martin,S,F,2026-01-05
25270,AW00025270,Gloria,Diaz,M,F,2026-01-05
25271,AW00025271,Mario,Shan,S,M,2026-01-05
25272,AW00025272,Edwin,Xu,S,M,2026-01-05
25273,AW00025273,Karl,Rai,M,M,2026-01-05
25274,AW00025274,Samantha,Henderson,S,F,2026-01-05
25275,AW00025275,Christina,Watson,S,F,2026-01-05
25276,AW00025276,Mackenzie,Richardson,S,F,2026-01-05
25277,AW00025277,Jermaine,Fernandez,S,M,2026-01-05
25278,AW00025278,Brianna,Butler,M,F,2026-01-05
25279,AW00025279,Jordyn,Barnes,S,F,2026-01-05
25280,AW00025280,Emily,Price,S,F,2026-01-05
25281,AW00025281,Jeremy,Allen,S,M,2026-01-05
25282,AW00025282,Gabriel,Perez,S,M,2026-01-05
25283,AW00025283,Caitlin,Howard,S,F,2026-01-05
25284,AW00025284,Allison,Mitchell,S,F,2026-01-05
25285,AW00025285,Noah,Williams,S,M,2026-01-05
25286,AW00025286,Zachary,Powell,S,M,2026-01-05
25287,AW00025287,Paige,Sanders,S,F,2026-01-05
25288,AW00025288,Jordyn,Flores,S,F,2026-01-05
25289,AW00025289,Amanda,Bradley,S,F,2026-01-05
25290,AW00025290,Jackson,Mitchell,S,M,2026-01-05
25291,AW00025291,Marissa,Griffin,M,F,2026-01-05
25292,AW00025292,Eduardo,Adams,S,M,2026-01-05
25293,AW00025293,Eric,Gonzales,M,M,2026-01-05
25294,AW00025294,Sharon,Sharma,S,F,2026-01-05
25295,AW00025295,Chad,Raje,M,M,2026-01-05
25296,AW00025296,Christina,Stewart,M,F,2026-01-05
25297,AW00025297,Devon,Shan,S,M,2026-01-05
25298,AW00025298,Cedric,He,M,M,2026-01-05
25299,AW00025299,Hector,Romero,M,M,2026-01-05
25300,AW00025300,Jamie,Ashe,M,M,2026-01-05
25301,AW00025301,Raul,Black,S,M,2026-01-05
25302,AW00025302,Manuel,Mehta,S,M,2026-01-05
25303,AW00025303,Jeremiah,Hernandez,S,M,2026-01-05
25304,AW00025304,Ruben,Carlson,S,M,2026-01-05
25305,AW00025305,Ivan,Rodriguez,M,M,2026-01-05
25306,AW00025306,Glenn,Zeng,M,M,2026-01-05
25307,AW00025307,Daisy,Hernandez,M,F,2026-01-05
25308,AW00025308,Lindsey,Tang,S,F,2026-01-05
25309,AW00025309,Karen,Zhou,S,F,2026-01-05
25310,AW00025310,Janelle,Kapoor,S,F,2026-01-05
25311,AW00025311,Laura,Zhang,M,F,2026-01-05
25312,AW00025312,Erik,Ramos,M,M,2026-01-05
25313,AW00025313,Trevor,Coleman,S,M,2026-01-05
25314,AW00025314,Charles,Bell,S,M,2026-01-05
25315,AW00025315,Cole,Cox,S,M,2026-01-05
25316,AW00025316,Ronnie,Zhu,S,M,2026-01-05
25317,AW00025317,Erick,Garcia,S,M,2026-01-05
25318,AW00025318,Dennis,Wang,S,M,2026-01-05
25319,AW00025319,Ruben,Chandra,M,M,2026-01-05
25320,AW00025320,Shannon,Hernandez,S,M,2026-01-05
25321,AW00025321,Francis,Suarez,S,M,2026-01-05
25322,AW00025322,Tina,Perez,S,F,2026-01-05
25323,AW00025323,Lance,Diaz,M,M,2026-01-05
25324,AW00025324,Bethany,Andersen,S,F,2026-01-05
25325,AW00025325,Wyatt,Parker,S,M,2026-01-05
25326,AW00025326,Hunter,Scott,M,M,2026-01-05
25327,AW00025327,Adam,Simmons,M,M,2026-01-05
25328,AW00025328,Rachel,Price,M,F,2026-01-05
25329,AW00025329,Jacquelyn,Moreno,S,F,2026-01-05
25330,AW00025330,Madison,Gonzales,M,F,2026-01-05
25331,AW00025331,James,White,M,M,2026-01-05
25332,AW00025332,Jackson,Bryant,M,M,2026-01-05
25333,AW00025333,Robert,Coleman,S,M,2026-01-05
25334,AW00025334,Marcus,Gonzales,M,M,2026-01-05
25335,AW00025335,Cesar,Rodriguez,S,M,2026-01-05
25336,AW00025336,Chase,Cook,S,M,2026-01-05
25337,AW00025337,Megan,Washington,S,F,2026-01-05
25338,AW00025338,Jason,Perez,S,M,2026-01-05
25339,AW00025339,Adrian,Rivera,M,M,2026-01-05
25340,AW00025340,Adrian,James,S,M,2026-01-05
25341,AW00025341,Kaitlyn,Cook,S,F,2026-01-05
25342,AW00025342,Seth,Hill,S,M,2026-01-05
25343,AW00025343,Carol,Simmons,S,F,2026-01-05
25344,AW00025344,Thomas,Baker,M,M,2026-01-05
25345,AW00025345,Olivia,Powell,S,F,2026-01-05
25346,AW00025346,Ian,Gonzalez,S,M,2026-01-05
25347,AW00025347,Judith,Reed,S,F,2026-01-05
25348,AW00025348,Angela,Wood,S,F,2026-01-05
25349,AW00025349,Jose,Coleman,M,M,2026-01-05
25350,AW00025350,Alberto,Alonso,M,M,2026-01-05
25351,AW00025351,Jordan,Phillips,M,F,2026-01-05
25352,AW00025352,Brandon,Martinez,M,M,2026-01-05
25353,AW00025353,Caitlin,Stewart,S,F,2026-01-05
25354,AW00025354,Kevin,Hughes,S,M,2026-01-05
25355,AW00025355,Richard,Smith,M,M,2026-01-05
25356,AW00025356,Jonathan,Miller,M,M,2026-01-05
25357,AW00025357,Marcus,Foster,M,M,2026-01-05
25358,AW00025358,Jade,Torres,S,F,2026-01-05
25359,AW00025359,Alex,Young,S,M,2026-01-05
25360,AW00025360,Mason,James,M,M,2026-01-05
25361,AW00025361,Haley,Ross,S,F,2026-01-05
25362,AW00025362,Makayla,Bailey,M,F,2026-01-05
25363,AW00025363,Alexandria,Gray,M,F,2026-01-05
25364,AW00025364,Isaac,Rogers,M,M,2026-01-05
25365,AW00025365,Gabrielle,Perry,S,F,2026-01-05
25366,AW00025366,Eduardo,Bailey,M,M,2026-01-05
25367,AW00025367,Abigail,Torres,M,F,2026-01-05
25368,AW00025368,Blake,Baker,S,M,2026-01-05
25369,AW00025369,Evan,Cox,S,M,2026-01-05
25370,AW00025370,Erin,Bailey,S,F,2026-01-05
25371,AW00025371,Renee,Gomez,M,F,2026-01-05
25372,AW00025372,Carrie,Torres,M,F,2026-01-05
25373,AW00025373,Nichole,Chande,M,F,2026-01-05
25374,AW00025374,Ana,Powell,S,F,2026-01-05
25375,AW00025375,Carson,Flores,M,M,2026-01-05
25376,AW00025376,Alexis,Griffin,M,F,2026-01-05
25377,AW00025377,Lauren,Anderson,M,F,2026-01-05
25378,AW00025378,Gabriella,Scott,M,F,2026-01-05
25379,AW00025379,Hailey,Young,M,F,2026-01-05
25380,AW00025380,Seth,Gonzales,M,M,2026-01-05
25381,AW00025381,Dylan,Li,S,M,2026-01-05
25382,AW00025382,Richard,Hughes,S,M,2026-01-05
25383,AW00025383,Nathan,Walker,M,M,2026-01-05
25384,AW00025384,Maria,Cooper,M,F,2026-01-05
25385,AW00025385,Destiny,Torres,M,F,2026-01-05
25386,AW00025386,Alexis,Perry,M,F,2026-01-05
25387,AW00025387,Stephanie,Brooks,S,F,2026-01-05
25388,AW00025388,Ernest,Hu,S,M,2026-01-05
25389,AW00025389,Wendy,Sanz,M,F,2026-01-05
25390,AW00025390,Samantha,Powell,M,F,2026-01-05
25391,AW00025391,Morgan,Murphy,S,F,2026-01-05
25392,AW00025392,Joseph,Moore,S,M,2026-01-05
25393,AW00025393,Lucas,Cox,M,M,2026-01-05
25394,AW00025394,Anthony,Garcia,M,M,2026-01-05
25395,AW00025395,Paige,Flores,S,F,2026-01-05
25396,AW00025396,Xavier,Ramirez,S,M,2026-01-05
25397,AW00025397,Lucas,Bradley,M,M,2026-01-05
25398,AW00025398,Thomas,Jones,S,M,2026-01-05
25399,AW00025399,Jorge,Leitão,M,M,2026-01-05
25400,AW00025400,Kyle,Jai,M,M,2026-01-05
25401,AW00025401,Gabriel,Young,M,M,2026-01-05
25402,AW00025402,Maria,Hughes,M,F,2026-01-05
25403,AW00025403,Jasmine,Clark,S,F,2026-01-05
25404,AW00025404,José,Lopez,S,M,2026-01-05
25405,AW00025405,Brandon,Wagner,M,M,2026-01-05
25406,AW00025406,Casey,Andersen,M,F,2026-01-05
25407,AW00025407,Tony,Anand,S,M,2026-01-05
25408,AW00025408,Karen,Zhao,M,F,2026-01-05
25409,AW00025409,Theodore,Gutierrez,S,M,2026-01-05
25410,AW00025410,Kaitlyn,Ward,S,F,2026-01-05
25411,AW00025411,Riley,Flores,S,F,2026-01-05
25412,AW00025412,Michael,Williams,S,M,2026-01-05
25413,AW00025413,Zoe,Rivera,S,F,2026-01-05
25414,AW00025414,Grace,Bailey,M,F,2026-01-05
25415,AW00025415,Aaron,Evans,S,M,2026-01-05
25416,AW00025416,Jack,Coleman,M,M,2026-01-05
25417,AW00025417,Savannah,Bell,S,F,2026-01-05
25418,AW00025418,Alexia,Hayes,S,F,2026-01-05
25419,AW00025419,Hunter,King,S,M,2026-01-05
25420,AW00025420,Jordan,Scott,M,F,2026-01-05
25421,AW00025421,Marcus,Lewis,S,M,2026-01-05
25422,AW00025422,Elijah,King,M,M,2026-01-05
25423,AW00025423,Jake,Zhou,S,M,2026-01-05
25424,AW00025424,Ian,Roberts,S,M,2026-01-05
25425,AW00025425,Zachary,Diaz,S,M,2026-01-05
25426,AW00025426,Tristan,Foster,S,M,2026-01-05
25427,AW00025427,Omar,Zeng,M,M,2026-01-05
25428,AW00025428,Victoria,Jenkins,S,F,2026-01-05
25429,AW00025429,Candace,Rana,S,F,2026-01-05
25430,AW00025430,Alyssa,Hall,M,F,2026-01-05
25431,AW00025431,Ann,Sanchez,S,F,2026-01-05
25432,AW00025432,Kellie,Gomez,S,F,2026-01-05
25433,AW00025433,Zachary,Kumar,S,M,2026-01-05
25434,AW00025434,Gabriel,Hill,S,M,2026-01-05
25435,AW00025435,Jennifer,Turner,M,F,2026-01-05
25436,AW00025436,Destiny,Ross,S,F,2026-01-05
25437,AW00025437,Adam,Washington,M,M,2026-01-05
25438,AW00025438,Lauren,Murphy,S,F,2026-01-05
25439,AW00025439,Janelle,Arthur,M,F,2026-01-05
25440,AW00025440,Andre,Gonzalez,M,M,2026-01-05
25441,AW00025441,Isabella,Torres,M,F,2026-01-05
25442,AW00025442,Melvin,Goel,M,M,2026-01-05
25443,AW00025443,Stacey,Huang,M,F,2026-01-05
25444,AW00025444,Meagan,Martinez,S,F,2026-01-05
25445,AW00025445,Grace,Cook,M,F,2026-01-05
25446,AW00025446,Kristina,Garcia,M,F,2026-01-05
25447,AW00025447,Marshall,Liang,M,M,2026-01-05
25448,AW00025448,Erick,Sara,S,M,2026-01-05
25449,AW00025449,Marvin,Dominguez,S,M,2026-01-05
25450,AW00025450,Darrell,Deng,S,M,2026-01-05
25451,AW00025451,Geoffrey,Subram,S,M,2026-01-05
25452,AW00025452,Erica,Wu,M,F,2026-01-05
25453,AW00025453,Drew,She,S,M,2026-01-05
25454,AW00025454,Terry,She,S,M,2026-01-05
25455,AW00025455,Jorge,Zheng,M,M,2026-01-05
25456,AW00025456,Kelvin,Cai,M,M,2026-01-05
25457,AW00025457,Darren,Sai,S,M,2026-01-05
25458,AW00025458,Bruce,Mehta,M,M,2026-01-05
25459,AW00025459,Ronald,Vance,M,M,2026-01-05
25460,AW00025460,Alisha,Andersen,M,F,2026-01-05
25461,AW00025461,Fernando,Collins,S,M,2026-01-05
25462,AW00025462,Angel,Gray,S,M,2026-01-05
25463,AW00025463,Miguel,Robinson,S,M,2026-01-05
25464,AW00025464,Jose,Wilson,M,M,2026-01-05
25465,AW00025465,Mariah,Diaz,M,F,2026-01-05
25466,AW00025466,Janet,Young,S,F,2026-01-05
25467,AW00025467,Troy,Madan,M,M,2026-01-05
25468,AW00025468,Krista,Suarez,M,F,2026-01-05
25469,AW00025469,Martha,Wu,M,F,2026-01-05
25470,AW00025470,Darren,Ramos,M,M,2026-01-05
25471,AW00025471,Spencer,Ross,M,M,2026-01-05
25472,AW00025472,Don,Malhotra,M,M,2026-01-05
25473,AW00025473,Kristin,Goel,M,F,2026-01-05
25474,AW00025474,Jimmy,Diaz,M,M,2026-01-05
25475,AW00025475,Destiny,Martin,M,F,2026-01-05
25476,AW00025476,Karen,Ye,M,F,2026-01-05
25477,AW00025477,Holly,Raman,M,F,2026-01-05
25478,AW00025478,Jennifer,Butler,M,F,2026-01-05
25479,AW00025479,Bobby,Sanchez,M,M,2026-01-05
25480,AW00025480,Miguel,Thomas,S,M,2026-01-05
25481,AW00025481,Lucas,Jackson,S,M,2026-01-05
25482,AW00025482,Donald,Martinez,S,M,2026-01-05
25483,AW00025483,Dennis,Ma,S,M,2026-01-05
25484,AW00025484,Bailey,Wright,M,F,2026-01-05
25485,AW00025485,Roberto,Rubio,M,M,2026-01-05
25486,AW00025486,Edgar,Rodriguez,S,M,2026-01-05
25487,AW00025487,Allison,Rogers,M,F,2026-01-05
25488,AW00025488,Dawn,Ye,M,F,2026-01-05
25489,AW00025489,Brad,Tang,M,M,2026-01-05
25490,AW00025490,Alvin,He,M,M,2026-01-05
25491,AW00025491,Krystal,Xu,S,F,2026-01-05
25492,AW00025492,Gabriella,Sanchez,M,F,2026-01-05
25493,AW00025493,Hunter,Evans,M,M,2026-01-05
25494,AW00025494,Lee,Jimenez,M,M,2026-01-05
25495,AW00025495,Sheena,Kennedy,M,F,2026-01-05
25496,AW00025496,Regina,Sara,M,F,2026-01-05
25497,AW00025497,Marcus,Torres,M,M,2026-01-05
25498,AW00025498,Shane,Kapoor,M,M,2026-01-05
25499,AW00025499,Meredith,Schmidt,M,F,2026-01-05
25500,AW00025500,Janelle,Lopez,S,F,2026-01-05
25501,AW00025501,Shawn,Jai,M,M,2026-01-05
25502,AW00025502,Carmen,Kim,M,F,2026-01-05
25503,AW00025503,Richard,Hill,S,M,2026-01-05
25504,AW00025504,Calvin,Sutton,S,M,2026-01-05
25505,AW00025505,Curtis,Zhou,M,M,2026-01-05
25506,AW00025506,Cristina,Raji,M,F,2026-01-05
25507,AW00025507,Suzanne,Guo,S,F,2026-01-05
25508,AW00025508,Melissa,Cook,S,F,2026-01-05
25509,AW00025509,Lucas,Hayes,S,M,2026-01-05
25510,AW00025510,Grant,Kumar,S,M,2026-01-05
25511,AW00025511,Chelsea,Arun,S,F,2026-01-05
25512,AW00025512,Devin,Clark,S,M,2026-01-05
25513,AW00025513,Grace,Walker,S,F,2026-01-05
25514,AW00025514,Dominic,Martinez,S,M,2026-01-05
25515,AW00025515,Tara,Deng,S,F,2026-01-05
25516,AW00025516,Cheryl,Hernandez,S,F,2026-01-05
25517,AW00025517,Christina,Cook,S,F,2026-01-05
25518,AW00025518,Oscar,Lu,S,M,2026-01-05
25519,AW00025519,Margaret,Sun,S,F,2026-01-05
25520,AW00025520,Candice,Zeng,S,F,2026-01-05
25521,AW00025521,Douglas,Sanchez,S,M,2026-01-05
25522,AW00025522,Casey,Anand,S,F,2026-01-05
25523,AW00025523,Nathan,Thompson,S,M,2026-01-05
25524,AW00025524,Shaun,Anand,M,M,2026-01-05
25525,AW00025525,Heidi,Srini,M,F,2026-01-05
25526,AW00025526,Armando,Rubio,S,M,2026-01-05
25527,AW00025527,Robert,Johnson,S,M,2026-01-05
25528,AW00025528,Alexandria,Butler,S,F,2026-01-05
25529,AW00025529,Jared,Sanders,S,M,2026-01-05
25530,AW00025530,Gerald,Lopez,S,M,2026-01-05
25531,AW00025531,Ebony,Patel,M,F,2026-01-05
25532,AW00025532,Warren,Nath,S,M,2026-01-05
25533,AW00025533,Suzanne,Huang,S,F,2026-01-05
25534,AW00025534,Casey,Sanz,M,M,2026-01-05
25535,AW00025535,Brandi,Navarro,S,F,2026-01-05
25536,AW00025536,Rebekah,Sai,S,F,2026-01-05
25537,AW00025537,Nathan,Phillips,S,M,2026-01-05
25538,AW00025538,Andy,Jiménez,S,M,2026-01-05
25539,AW00025539,Mathew,Ortega,M,M,2026-01-05
25540,AW00025540,Rodney,Alonso,M,M,2026-01-05
25541,AW00025541,Gary,Hernandez,M,M,2026-01-05
25542,AW00025542,Gerald,Gutierrez,S,M,2026-01-05
25543,AW00025543,Ramon,Chen,M,M,2026-01-05
25544,AW00025544,Sergio,Fernandez,S,M,2026-01-05
25545,AW00025545,Kelly,Long,S,F,2026-01-05
25546,AW00025546,Brianna,Jones,S,F,2026-01-05
25547,AW00025547,Carla,Suri,S,F,2026-01-05
25548,AW00025548,Colleen,Yuan,S,F,2026-01-05
25549,AW00025549,Mallory,Dominguez,S,F,2026-01-05
25550,AW00025550,Krista,Munoz,M,F,2026-01-05
25551,AW00025551,Ross,Torres,M,M,2026-01-05
25552,AW00025552,Riley,Ward,S,F,2026-01-05
25553,AW00025553,Brett,Srini,M,M,2026-01-05
25554,AW00025554,Jermaine,Perez,S,M,2026-01-05
25555,AW00025555,Trisha,Lu,M,F,2026-01-05
25556,AW00025556,Joan,Martin,S,F,2026-01-05
25557,AW00025557,Tyrone,Navarro,M,M,2026-01-05
25558,AW00025558,Zachary,Wilson,S,M,2026-01-05
25559,AW00025559,Troy,Sanchez,S,M,2026-01-05
25560,AW00025560,Daisy,Vazquez,M,F,2026-01-05
25561,AW00025561,Micah,Zeng,S,M,2026-01-05
25562,AW00025562,Bonnie,Sharma,M,F,2026-01-05
25563,AW00025563,Natasha,Serrano,S,F,2026-01-05
25564,AW00025564,Fernando,Nelson,S,M,2026-01-05
25565,AW00025565,Kevin,Perez,S,M,2026-01-05
25566,AW00025566,Kristine,Navarro,M,F,2026-01-05
25567,AW00025567,Dennis,Zheng,S,M,2026-01-05
25568,AW00025568,Christy,Wu,M,F,2026-01-05
25569,AW00025569,Jésus,Alvarez,S,M,2026-01-05
25570,AW00025570,Robyn,Torres,S,F,2026-01-05
25571,AW00025571,Richard,Lopez,S,M,2026-01-05
25572,AW00025572,Allen,Gonzalez,S,M,2026-01-05
25573,AW00025573,Rosa,Zhou,M,F,2026-01-05
25574,AW00025574,Bradley,Raje,S,M,2026-01-05
25575,AW00025575,Elijah,Campbell,S,M,2026-01-05
25576,AW00025576,Deborah,She,S,F,2026-01-05
25577,AW00025577,Elijah,Wright,S,M,2026-01-05
25578,AW00025578,Sabrina,Martin,M,F,2026-01-05
25579,AW00025579,Bobby,Prasad,M,M,2026-01-05
25580,AW00025580,Amber,Allen,M,F,2026-01-05
25581,AW00025581,Kayla,Bryant,S,F,2026-01-05
25582,AW00025582,Leonard,Luo,M,M,2026-01-05
25583,AW00025583,Carolyn,Arthur,S,F,2026-01-05
25584,AW00025584,Dominique,Suri,M,F,2026-01-05
25585,AW00025585,Brent,Sun,M,M,2026-01-05
25586,AW00025586,Molly,Subram,S,F,2026-01-05
25587,AW00025587,Isaiah,Young,M,M,2026-01-05
25588,AW00025588,Jerry,Pal,S,M,2026-01-05
25589,AW00025589,Lydia,Perez,S,F,2026-01-05
25590,AW00025590,Naomi,Gill,S,F,2026-01-05
25591,AW00025591,Preston,Ray,S,M,2026-01-05
25592,AW00025592,Kendra,Ortega,S,F,2026-01-05
25593,AW00025593,Micheal,Gill,M,M,2026-01-05
25594,AW00025594,Cindy,Malhotra,M,F,2026-01-05
25595,AW00025595,Larry,Rowe,S,M,2026-01-05
25596,AW00025596,Cheryl,Moreno,M,F,2026-01-05
25597,AW00025597,Alan,She,S,M,2026-01-05
25598,AW00025598,Kendra,Ruiz,M,F,2026-01-05
25599,AW00025599,Aaron,Russell,S,M,2026-01-05
25600,AW00025600,Derek,Anand,M,M,2026-01-05
25601,AW00025601,Grace,Morgan,S,F,2026-01-05
25602,AW00025602,Jermaine,Sara,S,M,2026-01-05
25603,AW00025603,Dawn,Guo,S,F,2026-01-05
25604,AW00025604,Martin,Vance,S,M,2026-01-05
25605,AW00025605,Abby,Kovár,S,F,2026-01-05
25606,AW00025606,Meredith,Fernandez,S,F,2026-01-05
25607,AW00025607,Sharon,Chander,S,F,2026-01-05
25608,AW00025608,Sandra,Zeng,S,F,2026-01-05
25609,AW00025609,Jaime,Ruiz,S,F,2026-01-05
25610,AW00025610,Brittney,Zhao,S,F,2026-01-05
25611,AW00025611,Deanna,Rodriguez,S,F,2026-01-05
25612,AW00025612,Clinton,Rubio,S,M,2026-01-05
25613,AW00025613,Erik,Ruiz,M,M,2026-01-05
25614,AW00025614,Deanna,Subram,M,F,2026-01-05
25615,AW00025615,Destiny,Hall,M,F,2026-01-05
25616,AW00025616,Jésus,Rubio,M,M,2026-01-05
25617,AW00025617,Leonard,Shan,M,M,2026-01-05
25618,AW00025618,Albert,Hernandez,M,M,2026-01-05
25619,AW00025619,Rafael,Raji,M,M,2026-01-05
25620,AW00025620,Alejandro,Lu,M,M,2026-01-05
25621,AW00025621,Brandon,Flores,M,M,2026-01-05
25622,AW00025622,Mary,Hill,S,F,2026-01-05
25623,AW00025623,Maria,Oliver,M,F,2026-01-05
25624,AW00025624,Mary,Scott,M,F,2026-01-05
25625,AW00025625,Krystal,Cai,M,F,2026-01-05
25626,AW00025626,Janet,Diaz,M,F,2026-01-05
25627,AW00025627,Joe,Carlson,M,M,2026-01-05
25628,AW00025628,Jessie,Dominguez,M,F,2026-01-05
25629,AW00025629,Micheal,Serrano,M,M,2026-01-05
25630,AW00025630,Mandy,Zeng,M,F,2026-01-06
25631,AW00025631,Julie,Deng,S,F,2026-01-07
25632,AW00025632,Lee,Moreno,S,M,2026-01-08
25633,AW00025633,Tara,Sutton,M,F,2026-01-09
25634,AW00025634,Lydia,Arun,S,F,2026-01-10
25635,AW00025635,Warren,Zhao,M,M,2026-01-11
25636,AW00025636,Tommy,Raji,S,M,2026-01-12
25637,AW00025637,Raquel,Moreno,M,F,2026-01-13
25638,AW00025638,Dale,Tang,S,M,2026-01-14
25639,AW00025639,Russell,Lal,M,M,2026-01-14
25640,AW00025640,Candice,Zhao,S,F,2026-01-14
25641,AW00025641,Dana,Schmidt,M,F,2026-01-14
25642,AW00025642,Jon,Rai,M,M,2026-01-14
25643,AW00025643,Sergio,Arun,M,M,2026-01-14
25644,AW00025644,Andrew,Lewis,M,M,2026-01-14
25645,AW00025645,Tommy,Shen,S,M,2026-01-14
25646,AW00025646,Randall,Torres,M,M,2026-01-14
25647,AW00025647,Kaitlyn,Hernandez,M,F,2026-01-14
25648,AW00025648,Michele,Carlson,M,F,2026-01-14
25649,AW00025649,Trinity,Morgan,S,F,2026-01-14
25650,AW00025650,Jillian,Srini,M,F,2026-01-14
25651,AW00025651,Alvin,Yuan,M,M,2026-01-14
25652,AW00025652,Rachael,Sara,S,F,2026-01-14
25653,AW00025653,Alan,Gao,S,M,2026-01-14
25654,AW00025654,Carla,Malhotra,M,F,2026-01-14
25655,AW00025655,Virginia,Arun,M,F,2026-01-14
25656,AW00025656,Brenda,Sanchez,M,F,2026-01-14
25657,AW00025657,Tammy,Gonzalez,M,F,2026-01-14
25658,AW00025658,Ricky,Dominguez,M,M,2026-01-14
25659,AW00025659,Lee,Navarro,M,M,2026-01-14
25660,AW00025660,Warren,Pal,M,M,2026-01-14
25661,AW00025661,Manuel,Sai,M,M,2026-01-14
25662,AW00025662,Andre,Kapoor,M,M,2026-01-14
25663,AW00025663,Masato,Kawai,M,M,2026-01-14
25664,AW00025664,Jon,Hu,M,M,2026-01-14
25665,AW00025665,Theresa,Romero,S,F,2026-01-14
25666,AW00025666,Micheal,Munoz,M,M,2026-01-14
25667,AW00025667,Jaclyn,Gao,S,F,2026-01-14
25668,AW00025668,Carolyn,Lopez,S,F,2026-01-14
25669,AW00025669,Stacy,Ortega,S,F,2026-01-14
25670,AW00025670,Ariana,Brooks,S,F,2026-01-14
25671,AW00025671,Brett,Arun,S,M,2026-01-14
25672,AW00025672,Janelle,Subram,S,F,2026-01-14
25673,AW00025673,Isaiah,Turner,S,M,2026-01-14
25674,AW00025674,Reginald,Navarro,S,M,2026-01-14
25675,AW00025675,Joe,Blanco,S,M,2026-01-14
25676,AW00025676,Mackenzie,Scott,S,F,2026-01-14
25677,AW00025677,Veronica,Lopez,M,F,2026-01-14
25678,AW00025678,Erica,Yang,S,F,2026-01-14
25679,AW00025679,Meredith,Rodriguez,S,F,2026-01-14
25680,AW00025680,Manuel,Subram,S,M,2026-01-14
25681,AW00025681,Melinda,Serrano,S,F,2026-01-14
25682,AW00025682,Cheryl,Ramos,M,F,2026-01-14
25683,AW00025683,Ebony,Ruiz,S,F,2026-01-14
25684,AW00025684,Jermaine,Sanchez,S,M,2026-01-14
25685,AW00025685,Barbara,Liu,M,F,2026-01-14
25686,AW00025686,Naomi,Hernandez,S,F,2026-01-14
25687,AW00025687,Jade,Cook,S,F,2026-01-14
25688,AW00025688,Patrick,Morris,S,M,2026-01-14
25689,AW00025689,Andrea,Campbell,S,F,2026-01-14
25690,AW00025690,Theodore,Alvarez,M,M,2026-01-14
25691,AW00025691,Mitchell,Black,M,M,2026-01-14
25692,AW00025692,Kelvin,Yuan,M,M,2026-01-14
25693,AW00025693,Brandy,Subram,S,F,2026-01-14
25694,AW00025694,Dawn,Raje,S,F,2026-01-14
25695,AW00025695,Kristine,Blanco,S,F,2026-01-14
25696,AW00025696,Damien,Luo,M,M,2026-01-14
25697,AW00025697,Miguel,Harris,S,M,2026-01-14
25698,AW00025698,Ariana,Murphy,M,F,2026-01-14
25699,AW00025699,Marcus,Kelly,S,M,2026-01-14
25700,AW00025700,Faith,Coleman,S,F,2026-01-14
25701,AW00025701,Francisco,Garcia,M,M,2026-01-14
25702,AW00025702,Evelyn,Lopez,S,F,2026-01-14
25703,AW00025703,Summer,Rana,M,F,2026-01-14
25704,AW00025704,Seth,Murphy,S,M,2026-01-14
25705,AW00025705,Levi,Prasad,S,M,2026-01-14
25706,AW00025706,Francisco,Madan,S,M,2026-01-14
25707,AW00025707,Louis,Raje,M,M,2026-01-14
25708,AW00025708,Misty,Sharma,S,F,2026-01-14
25709,AW00025709,Savannah,Lopez,M,F,2026-01-14
25710,AW00025710,Diana,Gill,M,F,2026-01-14
25711,AW00025711,Mario,Luo,S,M,2026-01-14
25712,AW00025712,Brent,He,S,M,2026-01-14
25713,AW00025713,Latasha,Gill,S,F,2026-01-14
25714,AW00025714,Darren,Gutierrez,S,M,2026-01-14
25715,AW00025715,Tabitha,Sara,S,F,2026-01-14
25716,AW00025716,Edwin,Gao,S,M,2026-01-14
25717,AW00025717,Ernest,Guo,M,M,2026-01-14
25718,AW00025718,Terrance,Martinez,S,M,2026-01-14
25719,AW00025719,Kristine,Diaz,S,F,2026-01-14
25720,AW00025720,Ronald,Garcia,M,M,2026-01-14
25721,AW00025721,April,Nara,M,F,2026-01-14
25722,AW00025722,Noah,Mitchell,S,M,2026-01-14
25723,AW00025723,Kate,Nara,S,F,2026-01-14
25724,AW00025724,Tabitha,Fernandez,M,F,2026-01-14
25725,AW00025725,Chad,Lal,M,M,2026-01-14
25726,AW00025726,Brendan,Deng,S,M,2026-01-14
25727,AW00025727,Cheryl,Torres,M,F,2026-01-14
25728,AW00025728,Nelson,Romero,M,M,2026-01-14
25729,AW00025729,Tabitha,Kapoor,M,F,2026-01-14
25730,AW00025730,Isabelle,Simmons,S,F,2026-01-14
25731,AW00025731,Colleen,Tang,S,F,2026-01-14
25732,AW00025732,Joanna,Sanz,M,F,2026-01-14
25733,AW00025733,Joanna,Blanco,S,F,2026-01-14
25734,AW00025734,Alvin,Zheng,S,M,2026-01-14
25735,AW00025735,Suzanne,Wu,S,F,2026-01-14
25736,AW00025736,Darrell,Stone,M,M,2026-01-14
25737,AW00025737,Marshall,Liu,M,M,2026-01-14
25738,AW00025738,Jacquelyn,Ruiz,M,F,2026-01-14
25739,AW00025739,Cory,Rodriguez,S,M,2026-01-14
25740,AW00025740,Kellie,Munoz,M,F,2026-01-14
25741,AW00025741,Tabitha,Sai,M,F,2026-01-14
25742,AW00025742,Tamara,He,S,F,2026-01-14
25743,AW00025743,Alvin,Liu,M,M,2026-01-14
25744,AW00025744,Gabriel,Griffin,M,M,2026-01-14
25745,AW00025745,Mayra,Arun,S,F,2026-01-14
25746,AW00025746,Lindsay,Simpson,S,F,2026-01-14
25747,AW00025747,Marshall,Xu,S,M,2026-01-14
25748,AW00025748,Kayla,Butler,S,F,2026-01-14
25749,AW00025749,Ashlee,Moyer,M,F,2026-01-14
25750,AW00025750,Francis,Blanco,S,M,2026-01-14
25751,AW00025751,Gina,Alvarez,M,F,2026-01-14
25752,AW00025752,Christy,McDonald,S,F,2026-01-14
25753,AW00025753,Nichole,Lal,S,F,2026-01-14
25754,AW00025754,Calvin,Sharma,S,M,2026-01-14
25755,AW00025755,Jeffery,Huang,M,M,2026-01-14
25756,AW00025756,Cassandra,Malhotra,M,F,2026-01-14
25757,AW00025757,Jeffery,Wu,S,M,2026-01-14
25758,AW00025758,Leslie,Gutierrez,M,F,2026-01-14
25759,AW00025759,Savannah,Kelly,S,F,2026-01-14
25760,AW00025760,Natalie,Alexander,M,F,2026-01-14
25761,AW00025761,Shish,Shridhar,S,F,2026-01-14
25762,AW00025762,Stefanie,Fernandez,M,F,2026-01-14
25763,AW00025763,Hannah,Johnson,M,F,2026-01-14
25764,AW00025764,Alexandria,Price,S,F,2026-01-14
25765,AW00025765,Natalie,Watson,S,F,2026-01-14
25766,AW00025766,Allison,Kelly,M,F,2026-01-14
25767,AW00025767,Bailey,Hill,S,F,2026-01-14
25768,AW00025768,Tyrone,Ruiz,M,M,2026-01-14
25769,AW00025769,Gerald,Rubio,S,M,2026-01-14
25770,AW00025770,Reginald,Blanco,M,M,2026-01-14
25771,AW00025771,Gabriella,Rivera,S,F,2026-01-14
25772,AW00025772,Harold,Kapoor,S,M,2026-01-14
25773,AW00025773,Jack,Simmons,S,M,2026-01-14
25774,AW00025774,Corey,Pal,M,M,2026-01-14
25775,AW00025775,Marie,Chandra,M,F,2026-01-14
25776,AW00025776,Damien,Zhou,M,M,2026-01-14
25777,AW00025777,Stephanie,Butler,M,F,2026-01-14
25778,AW00025778,Larry,Gomez,M,M,2026-01-14
25779,AW00025779,Marshall,Cai,M,M,2026-01-14
25780,AW00025780,Dana,Gill,S,F,2026-01-14
25781,AW00025781,Alejandro,Xie,S,M,2026-01-14
25782,AW00025782,Marshall,Gao,M,M,2026-01-14
25783,AW00025783,Omar,Sun,S,M,2026-01-14
25784,AW00025784,Damien,Raje,S,M,2026-01-14
25785,AW00025785,Jackson,Edwards,S,M,2026-01-14
25786,AW00025786,Cheryl,Romero,M,F,2026-01-14
25787,AW00025787,Lee,Serrano,M,M,2026-01-14
25788,AW00025788,Nichole,Yuan,S,F,2026-01-14
25789,AW00025789,Julia,Mitchell,S,F,2026-01-14
25790,AW00025790,Cameron,Patterson,M,M,2026-01-14
25791,AW00025791,Seth,Foster,S,M,2026-01-14
25792,AW00025792,Alyssa,Gonzales,S,F,2026-01-14
25793,AW00025793,Ann,Rana,M,F,2026-01-14
25794,AW00025794,Kristin,Tang,S,F,2026-01-14
25795,AW00025795,Marie,Gomez,S,F,2026-01-14
25796,AW00025796,Kelvin,Jai,M,M,2026-01-14
25797,AW00025797,Max,Torres,M,M,2026-01-14
25798,AW00025798,Christian,Coleman,S,M,2026-01-14
25799,AW00025799,Arianna,James,S,F,2026-01-14
25800,AW00025800,Sheena,Nath,S,F,2026-01-14
25801,AW00025801,Colin,Raji,M,M,2026-01-14
25802,AW00025802,Clayton,He,S,M,2026-01-14
25803,AW00025803,Gregory,Xu,M,M,2026-01-14
25804,AW00025804,Nelson,Torres,M,M,2026-01-14
25805,AW00025805,Melody,Gomez,M,F,2026-01-14
25806,AW00025806,Dwayne,Dominguez,S,M,2026-01-14
25807,AW00025807,Kaitlin,Lopez,M,F,2026-01-14
25808,AW00025808,Janet,Carlson,S,F,2026-01-14
25809,AW00025809,Nicholas,Williams,M,M,2026-01-14
25810,AW00025810,Jimmy,Sanz,S,M,2026-01-14
25811,AW00025811,Miguel,Wright,S,M,2026-01-14
25812,AW00025812,Donna,Lal,S,F,2026-01-14
25813,AW00025813,Isaac,Hernandez,S,M,2026-01-14
25814,AW00025814,Krystal,Zeng,S,F,2026-01-14
25815,AW00025815,Jacquelyn,Romero,M,F,2026-01-14
25816,AW00025816,Teresa,Navarro,M,F,2026-01-14
25817,AW00025817,Isaac,Phillips,M,M,2026-01-14
25818,AW00025818,Aaron,Hill,S,M,2026-01-14
25819,AW00025819,Carlos,Morgan,M,M,2026-01-14
25820,AW00025820,Adam,Evans,M,M,2026-01-14
25821,AW00025821,Krystal,Gao,S,F,2026-01-14
25822,AW00025822,Julio,Navarro,M,M,2026-01-14
25823,AW00025823,Jaime,Xie,S,M,2026-01-14
25824,AW00025824,Terry,Pal,M,M,2026-01-14
25825,AW00025825,Tammy,Fernandez,M,F,2026-01-14
25826,AW00025826,Nathaniel,Watson,M,M,2026-01-14
25827,AW00025827,Karla,Nara,S,F,2026-01-14
25828,AW00025828,Ronald,Madan,M,M,2026-01-14
25829,AW00025829,Toni,Patel,M,F,2026-01-14
25830,AW00025830,Louis,Nath,M,M,2026-01-14
25831,AW00025831,Sebastian,Torres,M,M,2026-01-14
25832,AW00025832,Shawn,Tang,S,M,2026-01-14
25833,AW00025833,Sabrina,Hernandez,M,F,2026-01-14
25834,AW00025834,Jeremy,Davis,S,M,2026-01-14
25835,AW00025835,Destiny,Flores,M,F,2026-01-14
25836,AW00025836,Jaime,Luo,M,M,2026-01-14
25837,AW00025837,Timothy,Cook,M,M,2026-01-14
25838,AW00025838,Makayla,Reed,S,F,2026-01-14
25839,AW00025839,Connor,Powell,M,M,2026-01-14
25840,AW00025840,Karla,Pal,M,F,2026-01-14
25841,AW00025841,Lindsey,Becker,S,F,2026-01-14
25842,AW00025842,Cole,Brooks,M,M,2026-01-14
25843,AW00025843,Hunter,Perez,S,M,2026-01-14
25844,AW00025844,Riley,Butler,S,F,2026-01-14
25845,AW00025845,Timothy,Campbell,S,M,2026-01-14
25846,AW00025846,Faith,Bailey,M,F,2026-01-14
25847,AW00025847,Destiny,Brown,M,F,2026-01-14
25848,AW00025848,Samuel,Robinson,S,M,2026-01-14
25849,AW00025849,Danielle,Cooper,M,F,2026-01-14
25850,AW00025850,Jared,Sanchez,M,M,2026-01-14
25851,AW00025851,Seth,Washington,S,M,2026-01-14
25852,AW00025852,Amanda,Bennett,S,F,2026-01-14
25853,AW00025853,Chloe,Collins,M,F,2026-01-14
25854,AW00025854,Jordan,Chen,M,M,2026-01-14
25855,AW00025855,Dylan,Diaz,S,M,2026-01-14
25856,AW00025856,Benjamin,Sharma,S,M,2026-01-14
25857,AW00025857,Abigail,Perry,S,F,2026-01-14
25858,AW00025858,Mariah,Gonzales,S,F,2026-01-14
25859,AW00025859,Mackenzie,Peterson,S,F,2026-01-14
25860,AW00025860,Justin,Thomas,S,M,2026-01-14
25861,AW00025861,Garrett,Cooper,M,M,2026-01-14
25862,AW00025862,Jared,Bell,M,M,2026-01-14
25863,AW00025863,Sydney,Wright,S,F,2026-01-14
25864,AW00025864,Petr,Lazecky,M,F,2026-01-14
25865,AW00025865,Tristan,Butler,M,M,2026-01-14
25866,AW00025866,Tristan,Perry,M,M,2026-01-14
25867,AW00025867,Carlos,Carter,S,M,2026-01-14
25868,AW00025868,Jessica,Lewis,M,F,2026-01-14
25869,AW00025869,Lucas,Parker,M,M,2026-01-14
25870,AW00025870,Edward,Gonzales,M,M,2026-01-14
25871,AW00025871,Jason,Nelson,S,M,2026-01-14
25872,AW00025872,Melanie,Ross,S,F,2026-01-14
25873,AW00025873,Isaiah,Sanders,S,M,2026-01-14
25874,AW00025874,Jessica,Hall,M,F,2026-01-14
25875,AW00025875,Jocelyn,Price,M,F,2026-01-14
25876,AW00025876,Noah,King,M,M,2026-01-14
25877,AW00025877,Alyssa,Price,S,F,2026-01-14
25878,AW00025878,Brianna,Simmons,S,F,2026-01-14
25879,AW00025879,Alyssa,Wood,S,F,2026-01-14
25880,AW00025880,Jackson,Kumar,M,M,2026-01-14
25881,AW00025881,Jennifer,Clark,M,F,2026-01-14
25882,AW00025882,Edward,Roberts,M,M,2026-01-14
25883,AW00025883,Luis,Carter,M,M,2026-01-14
25884,AW00025884,Elijah,Evans,M,M,2026-01-14
25885,AW00025885,Hailey,Washington,M,F,2026-01-14
25886,AW00025886,Rachel,Rogers,M,F,2026-01-14
25887,AW00025887,Jack,Collins,M,M,2026-01-14
25888,AW00025888,Morgan,Edwards,M,F,2026-01-14
25889,AW00025889,Reginald,Munoz,M,M,2026-01-14
25890,AW00025890,Chloe,Brown,M,F,2026-01-14
25891,AW00025891,Brandon,Johnson,S,M,2026-01-14
25892,AW00025892,Stephanie,Price,M,F,2026-01-14
25893,AW00025893,Alexia,Alexander,S,F,2026-01-14
25894,AW00025894,Steve,Zeng,M,M,2026-01-14
25895,AW00025895,Jesse,Richardson,M,M,2026-01-14
25896,AW00025896,Marissa,Coleman,M,F,2026-01-14
25897,AW00025897,Kimberly,Bailey,M,F,2026-01-14
25898,AW00025898,Brittney,Cai,M,F,2026-01-14
25899,AW00025899,Caitlin,Rogers,M,F,2026-01-14
25900,AW00025900,Haley,Sanders,M,F,2026-01-14
25901,AW00025901,Lucas,Harris,M,M,2026-01-14
25902,AW00025902,Cameron,Li,M,M,2026-01-14
25903,AW00025903,Marshall,Rai,M,M,2026-01-14
25904,AW00025904,Ian,Collins,S,M,2026-01-14
25905,AW00025905,Nathan,Hayes,M,M,2026-01-14
25906,AW00025906,Crystal,Zhao,S,F,2026-01-14
25907,AW00025907,Kelli,Shen,M,F,2026-01-14
25908,AW00025908,Melissa,Long,M,F,2026-01-14
25909,AW00025909,Chase,James,M,M,2026-01-14
25910,AW00025910,Natalie,Miller,M,F,2026-01-14
25911,AW00025911,Alexandra,Sanders,S,F,2026-01-14
25912,AW00025912,Walter,Rubio,M,M,2026-01-14
25913,AW00025913,Beth,Srini,M,M,2026-01-14
25914,AW00025914,Seth,Hughes,M,M,2026-01-14
25915,AW00025915,Paige,Bryant,S,F,2026-01-14
25916,AW00025916,Naomi,Serrano,M,F,2026-01-14
25917,AW00025917,Kyle,Long,M,M,2026-01-14
25918,AW00025918,Carly,Anand,S,F,2026-01-14
25919,AW00025919,Dana,Ramos,M,F,2026-01-14
25920,AW00025920,Orlando,Gutierrez,M,M,2026-01-14
25921,AW00025921,Colin,Shan,S,M,2026-01-14
25922,AW00025922,Veronica,Malhotra,S,F,2026-01-14
25923,AW00025923,Mason,Parker,S,M,2026-01-14
25924,AW00025924,Hannah,Robinson,S,F,2026-01-14
25925,AW00025925,Brianna,Cooper,M,F,2026-01-14
25926,AW00025926,Larry,Gutierrez,M,M,2026-01-14
25927,AW00025927,Tiffany,Guo,S,F,2026-01-14
25928,AW00025928,Mario,Sharma,M,M,2026-01-14
25929,AW00025929,Alexandra,Gray,S,F,2026-01-14
25930,AW00025930,Ethan,Harris,S,M,2026-01-14
25931,AW00025931,Ryan,Henderson,S,M,2026-01-14
25932,AW00025932,Marcus,Rodriguez,S,M,2026-01-14
25933,AW00025933,Dalton,Stewart,S,M,2026-01-14
25934,AW00025934,Luke,King,S,M,2026-01-14
25935,AW00025935,April,Tang,M,F,2026-01-14
25936,AW00025936,Deanna,Schmidt,S,F,2026-01-14
25937,AW00025937,Jon,Yuan,M,M,2026-01-14
25938,AW00025938,Marvin,Gutierrez,S,M,2026-01-14
25939,AW00025939,Willie,Tang,M,M,2026-01-14
25940,AW00025940,Gerald,Arun,S,M,2026-01-14
25941,AW00025941,Molly,Perez,M,F,2026-01-14
25942,AW00025942,Brianna,Brooks,S,F,2026-01-14
25943,AW00025943,Brianna,McDonald,S,F,2026-01-14
25944,AW00025944,Ronald,Perez,S,M,2026-01-14
25945,AW00025945,Brent,Guo,M,M,2026-01-14
25946,AW00025946,Britta,Simon,M,F,2026-01-14
25947,AW00025947,Sam,Wilson,S,M,2026-01-14
25948,AW00025948,Christine,Stone,S,F,2026-01-14
25949,AW00025949,Summer,Raman,S,F,2026-01-14
25950,AW00025950,Kyle,Kumar,S,M,2026-01-14
25951,AW00025951,Anthony,Anderson,S,M,2026-01-14
25952,AW00025952,Jon,Alonso,S,M,2026-01-14
25953,AW00025953,Hunter,Butler,M,M,2026-01-14
25954,AW00025954,Noah,Carter,M,M,2026-01-14
25955,AW00025955,Anna,Robinson,S,F,2026-01-14
25956,AW00025956,Charles,Ramirez,M,M,2026-01-14
25957,AW00025957,Stephanie,Washington,M,F,2026-01-14
25958,AW00025958,Alfredo,Ortega,S,M,2026-01-14
25959,AW00025959,Katherine,Hall,S,F,2026-01-14
25960,AW00025960,Willie,Cai,M,M,2026-01-14
25961,AW00025961,Ricardo,Goel,S,M,2026-01-14
25962,AW00025962,Jordyn,Jenkins,S,F,2026-01-14
25963,AW00025963,Charles,Morris,S,M,2026-01-14
25964,AW00025964,Christopher,Winston,S,M,2026-01-14
25965,AW00025965,Andrea,Roberts,S,F,2026-01-14
25966,AW00025966,Alex,Watson,M,M,2026-01-14
25967,AW00025967,Alexis,Martinez,M,F,2026-01-14
25968,AW00025968,Benjamin,Powell,M,M,2026-01-14
25969,AW00025969,Jason,Parker,M,M,2026-01-14
25970,AW00025970,Hailey,James,S,F,2026-01-14
25971,AW00025971,Savannah,Young,S,F,2026-01-14
25972,AW00025972,Jocelyn,Henderson,S,F,2026-01-14
25973,AW00025973,Mariah,Griffin,S,F,2026-01-14
25974,AW00025974,Noah,Jai,M,M,2026-01-14
25975,AW00025975,Ebony,Gutierrez,S,F,2026-01-14
25976,AW00025976,Hunter,Coleman,S,M,2026-01-14
25977,AW00025977,Jenna,Lopez,M,F,2026-01-14
25978,AW00025978,Morgan,Perez,S,F,2026-01-14
25979,AW00025979,Miguel,Edwards,S,M,2026-01-14
25980,AW00025980,Julia,Jones,S,F,2026-01-14
25981,AW00025981,Isaiah,Howard,M,M,2026-01-14
25982,AW00025982,Rebecca,Phillips,S,F,2026-01-14
25983,AW00025983,Jack,Alexander,M,M,2026-01-14
25984,AW00025984,Isabella,Wright,S,F,2026-01-14
25985,AW00025985,Justin,Harris,M,M,2026-01-14
25986,AW00025986,Isabel,Bryant,M,F,2026-01-14
25987,AW00025987,Hunter,Kumar,M,M,2026-01-14
25988,AW00025988,Victor,Muñoz,S,M,2026-01-14
25989,AW00025989,Jeremy,Price,M,M,2026-01-14
25990,AW00025990,Jenna,Parker,S,F,2026-01-14
25991,AW00025991,Arianna,Hayes,M,F,2026-01-14
25992,AW00025992,Stephanie,Flores,M,F,2026-01-14
25993,AW00025993,Heidi,Chandra,S,F,2026-01-14
25994,AW00025994,Richard,Garcia,S,M,2026-01-14
25995,AW00025995,Jack,Phillips,M,M,2026-01-14
25996,AW00025996,Faith,Murphy,M,F,2026-01-14
25997,AW00025997,Katherine,Wright,M,F,2026-01-14
25998,AW00025998,Richard,Rivera,M,M,2026-01-14
25999,AW00025999,Joshua,Thompson,M,M,2026-01-14
26000,AW00026000,Connor,Lopez,S,M,2026-01-14
26001,AW00026001,Nicholas,Lee,S,M,2026-01-14
26002,AW00026002,Samuel,Walker,S,M,2026-01-14
26003,AW00026003,Denise,Subram,S,F,2026-01-14
26004,AW00026004,Arthur,Washington,M,F,2026-01-14
26005,AW00026005,Elizabeth,Clark,M,F,2026-01-14
26006,AW00026006,Garrett,Peterson,M,M,2026-01-14
26007,AW00026007,Jesse,Morgan,M,M,2026-01-14
26008,AW00026008,Jennifer,Gonzales,M,F,2026-01-14
26009,AW00026009,Luis,Foster,M,M,2026-01-14
26010,AW00026010,Morgan,Campbell,M,F,2026-01-14
26011,AW00026011,Daisuke,Yanagishima,S,F,2026-01-14
26012,AW00026012,Mark,Bebbington,M,M,2026-01-14
26013,AW00026013,Victoria,Taylor,S,F,2026-01-14
26014,AW00026014,Olivia,Torres,S,F,2026-01-14
26015,AW00026015,Gabriel,Chow,M,M,2026-01-14
26016,AW00026016,Fernando,King,S,M,2026-01-14
26017,AW00026017,Derrick,Alonso,M,M,2026-01-14
26018,AW00026018,Zachary,Thompson,M,M,2026-01-14
26019,AW00026019,Luis,Allen,M,M,2026-01-14
26020,AW00026020,Barry,Lopez,M,M,2026-01-14
26021,AW00026021,Meghan,Gutierrez,S,F,2026-01-14
26022,AW00026022,Jamie,Gao,M,F,2026-01-14
26023,AW00026023,Crystal,Huang,M,F,2026-01-14
26024,AW00026024,Jill,Gutierrez,S,F,2026-01-14
26025,AW00026025,Aimee,Zhang,S,F,2026-01-14
26026,AW00026026,Cindy,Srini,S,F,2026-01-14
26027,AW00026027,Michele,Luo,S,F,2026-01-14
26028,AW00026028,Brandy,Garcia,S,F,2026-01-14
26029,AW00026029,Roy,Vazquez,M,M,2026-01-14
26030,AW00026030,Rebekah,Subram,M,F,2026-01-14
26031,AW00026031,Katrina,Kumar,S,F,2026-01-14
26032,AW00026032,Leslie,Ruiz,M,F,2026-01-14
26033,AW00026033,Danny,Vazquez,S,M,2026-01-14
26034,AW00026034,Rosa,Gao,M,F,2026-01-14
26035,AW00026035,Shannon,Vazquez,S,M,2026-01-14
26036,AW00026036,Haley,Wright,S,F,2026-01-14
26037,AW00026037,Erik,Dominguez,S,M,2026-01-14
26038,AW00026038,Nicole,Flores,S,F,2026-01-14
26039,AW00026039,Robert,Garcia,M,M,2026-01-14
26040,AW00026040,Ana,Butler,M,F,2026-01-14
26041,AW00026041,Gloria,Torres,M,F,2026-01-14
26042,AW00026042,Devin,Griffin,M,M,2026-01-14
26043,AW00026043,Jodi,Becker,M,F,2026-01-14
26044,AW00026044,Gavin,Hughes,S,M,2026-01-14
26045,AW00026045,Samuel,Jenkins,S,M,2026-01-14
26046,AW00026046,Kara,Kumar,S,F,2026-01-14
26047,AW00026047,Ashley,Hall,M,F,2026-01-14
26048,AW00026048,Brad,Oliver,M,M,2026-01-14
26049,AW00026049,Christopher,White,M,M,2026-01-14
26050,AW00026050,Clarence,Ye,S,M,2026-01-14
26051,AW00026051,Joshua,Williams,M,M,2026-01-14
26052,AW00026052,Carolyn,Subram,M,F,2026-01-14
26053,AW00026053,Austin,Anderson,M,M,2026-01-14
26054,AW00026054,Dylan,Lee,S,M,2026-01-14
26055,AW00026055,Ethan,Foster,S,M,2026-01-14
26056,AW00026056,Karen,Zeng,S,F,2026-01-14
26057,AW00026057,Barry,Subram,S,M,2026-01-14
26058,AW00026058,Faith,Stewart,S,F,2026-01-14
26059,AW00026059,Andrew,Anderson,M,M,2026-01-14
26060,AW00026060,Kyle,Edwards,M,M,2026-01-14
26061,AW00026061,Connor,Butler,S,M,2026-01-14
26062,AW00026062,Chad,Raji,M,M,2026-01-14
26063,AW00026063,Wesley,Lu,M,M,2026-01-14
26064,AW00026064,Logan,Scott,M,M,2026-01-14
26065,AW00026065,Chloe,Powell,S,F,2026-01-14
26066,AW00026066,Elizabeth,Martinez,M,F,2026-01-14
26067,AW00026067,Erin,Morgan,M,F,2026-01-14
26068,AW00026068,Dylan,Patterson,M,M,2026-01-14
26069,AW00026069,Jessica,Foster,M,F,2026-01-14
26070,AW00026070,Elijah,Patterson,S,M,2026-01-14
26071,AW00026071,Brittany,Henderson,S,F,2026-01-14
26072,AW00026072,Kelli,Zhang,S,F,2026-01-14
26073,AW00026073,Julia,Adams,S,F,2026-01-14
26074,AW00026074,Isaac,Reed,M,M,2026-01-14
26075,AW00026075,Jessica,Walker,S,F,2026-01-14
26076,AW00026076,Kelly,Ross,M,F,2026-01-14
26077,AW00026077,Isaac,Collins,M,M,2026-01-14
26078,AW00026078,Alberto,Dominguez,M,M,2026-01-14
26079,AW00026079,Ryan,Robinson,M,M,2026-01-14
26080,AW00026080,Sydney,Roberts,M,F,2026-01-14
26081,AW00026081,Edward,Green,S,M,2026-01-14
26082,AW00026082,Christian,Johnson,S,M,2026-01-14
26083,AW00026083,Alyssa,Smith,S,F,2026-01-14
26084,AW00026084,Luke,Jenkins,M,M,2026-01-14
26085,AW00026085,Ian,Powell,M,M,2026-01-14
26086,AW00026086,Sean,Cox,M,M,2026-01-14
26087,AW00026087,Ashley,Price,M,F,2026-01-14
26088,AW00026088,Ethan,Perry,M,M,2026-01-14
26089,AW00026089,Terry,Rai,S,M,2026-01-14
26090,AW00026090,Mathew,Moreno,S,M,2026-01-14
26091,AW00026091,Chloe,Bennett,M,F,2026-01-14
26092,AW00026092,Devin,Morgan,S,M,2026-01-14
26093,AW00026093,Nicole,Washington,S,F,2026-01-14
26094,AW00026094,Sarah,Butler,M,F,2026-01-14
26095,AW00026095,Trinity,Kelly,M,F,2026-01-14
26096,AW00026096,Kevin,Wright,M,M,2026-01-14
26097,AW00026097,Robert,Flores,S,M,2026-01-14
26098,AW00026098,Daniel,Lee,S,M,2026-01-14
26099,AW00026099,Christina,Bell,M,F,2026-01-14
26100,AW00026100,James,Ptaszynski,S,F,2026-01-14
26101,AW00026101,Phillip,Smith,M,M,2026-01-14
26102,AW00026102,Ana,Wood,S,F,2026-01-14
26103,AW00026103,Jack,Yang,M,M,2026-01-14
26104,AW00026104,Timothy,Edwards,M,M,2026-01-14
26105,AW00026105,Morgan,Gonzales,M,F,2026-01-14
26106,AW00026106,Connor,King,S,M,2026-01-14
26107,AW00026107,Alexis,Thomas,M,F,2026-01-14
26108,AW00026108,Dylan,Thompson,S,M,2026-01-14
26109,AW00026109,Dalton,Rodriguez,M,M,2026-01-14
26110,AW00026110,James,Alexander,M,M,2026-01-14
26111,AW00026111,Sarah,Coleman,M,F,2026-01-14
26112,AW00026112,Luke,Perry,M,M,2026-01-14
26113,AW00026113,Caitlin,Rivera,S,F,2026-01-14
26114,AW00026114,Isaac,Peterson,S,M,2026-01-14
26115,AW00026115,Savannah,Mitchell,S,F,2026-01-14
26116,AW00026116,Ashley,Martin,S,F,2026-01-14
26117,AW00026117,Samuel,Wright,M,M,2026-01-14
26118,AW00026118,Ashley,Butler,M,F,2026-01-14
26119,AW00026119,Danielle,Gray,M,F,2026-01-14
26120,AW00026120,Miguel,Lewis,S,M,2026-01-14
26121,AW00026121,Madeline,Nelson,M,F,2026-01-14
26122,AW00026122,Lauren,Gonzales,S,F,2026-01-14
26123,AW00026123,Isabella,Scott,S,F,2026-01-14
26124,AW00026124,Riley,James,M,F,2026-01-14
26125,AW00026125,Sara,Roberts,S,F,2026-01-14
26126,AW00026126,Alexandra,Bell,M,F,2026-01-14
26127,AW00026127,Terry,Chander,M,M,2026-01-14
26128,AW00026128,Samuel,Phillips,S,M,2026-01-14
26129,AW00026129,Jodi,Anand,M,F,2026-01-14
26130,AW00026130,Ronnie,Liu,M,M,2026-01-14
26131,AW00026131,Lawrence,Suarez,M,M,2026-01-14
26132,AW00026132,Shelby,Ward,S,F,2026-01-14
26133,AW00026133,Jesse,Hall,S,M,2026-01-14
26134,AW00026134,Bridget,Goel,M,F,2026-01-14
26135,AW00026135,Erica,Sun,M,F,2026-01-14
26136,AW00026136,Tabitha,Gonzalez,M,F,2026-01-14
26137,AW00026137,Joshua,Clark,M,M,2026-01-14
26138,AW00026138,Latoya,Chander,M,F,2026-01-14
26139,AW00026139,Derek,Nara,S,M,2026-01-14
26140,AW00026140,Emily,Long,S,F,2026-01-14
26141,AW00026141,Jorge,Zhu,S,M,2026-01-14
26142,AW00026142,Micheal,Dominguez,M,M,2026-01-14
26143,AW00026143,Michele,Mehta,M,F,2026-01-14
26144,AW00026144,Cassidy,Russell,S,F,2026-01-14
26145,AW00026145,Calvin,Shen,M,M,2026-01-14
26146,AW00026146,Laura,Wang,M,F,2026-01-14
26147,AW00026147,Ivan,Subram,M,M,2026-01-14
26148,AW00026148,Michael,Thompson,M,M,2026-01-14
26149,AW00026149,Casey,Chande,S,F,2026-01-14
26150,AW00026150,Nancy,Rana,S,F,2026-01-14
26151,AW00026151,Austin,Lee,M,M,2026-01-14
26152,AW00026152,Jaime,Gill,S,F,2026-01-14
26153,AW00026153,Rebecca,Collins,M,F,2026-01-14
26154,AW00026154,Cory,Madan,M,M,2026-01-14
26155,AW00026155,Chad,Xie,M,M,2026-01-14
26156,AW00026156,Shannon,Cai,M,F,2026-01-14
26157,AW00026157,Brad,Xu,M,M,2026-01-14
26158,AW00026158,Lisa,Wu,M,F,2026-01-14
26159,AW00026159,Virginia,Raman,S,F,2026-01-14
26160,AW00026160,Leonard,Lal,M,M,2026-01-14
26161,AW00026161,Wayne,Raji,M,M,2026-01-14
26162,AW00026162,Toni,Malhotra,M,F,2026-01-14
26163,AW00026163,Autumn,Cai,M,F,2026-01-14
26164,AW00026164,Krista,Vazquez,M,F,2026-01-14
26165,AW00026165,Alexandra,Flores,M,F,2026-01-14
26166,AW00026166,Brett,Van,M,M,2026-01-14
26167,AW00026167,Jaclyn,Zhao,S,F,2026-01-14
26168,AW00026168,Ian,Campbell,S,M,2026-01-14
26169,AW00026169,Alexandra,White,M,F,2026-01-14
26170,AW00026170,Jeremiah,Jenkins,S,M,2026-01-14
26171,AW00026171,Randall,Ruiz,M,M,2026-01-14
26172,AW00026172,Madeline,Hernandez,S,F,2026-01-14
26173,AW00026173,Ariana,Rivera,M,F,2026-01-14
26174,AW00026174,Isaac,Adams,S,M,2026-01-14
26175,AW00026175,Jose,Hughes,M,M,2026-01-14
26176,AW00026176,Jason,Hayes,S,M,2026-01-14
26177,AW00026177,Nicole,Simmons,M,F,2026-01-14
26178,AW00026178,Paige,Price,M,F,2026-01-14
26179,AW00026179,Ruth,Rodriguez,S,F,2026-01-14
26180,AW00026180,Jonathan,Butler,S,M,2026-01-14
26181,AW00026181,Lucas,Ross,M,M,2026-01-14
26182,AW00026182,Brittney,Liang,S,F,2026-01-14
26183,AW00026183,Allen,Arthur,S,M,2026-01-14
26184,AW00026184,Louis,Lal,S,M,2026-01-14
26185,AW00026185,Kaylee,Green,S,F,2026-01-14
26186,AW00026186,Joanna,Gill,S,F,2026-01-14
26187,AW00026187,Hector,Gill,S,M,2026-01-14
26188,AW00026188,Geoffrey,Sara,M,M,2026-01-14
26189,AW00026189,Pedro,Serrano,M,M,2026-01-14
26190,AW00026190,Arthur,Suri,S,M,2026-01-14
26191,AW00026191,Jon,Wang,M,M,2026-01-14
26192,AW00026192,Noah,Hill,M,M,2026-01-14
26193,AW00026193,Luis,Edwards,S,M,2026-01-14
26194,AW00026194,Miguel,Brown,S,M,2026-01-14
26195,AW00026195,Alyssa,Rivera,S,F,2026-01-14
26196,AW00026196,Gavin,Griffin,S,M,2026-01-14
26197,AW00026197,Marcus,Lopez,S,M,2026-01-14
26198,AW00026198,Alyssa,Taylor,S,F,2026-01-14
26199,AW00026199,Matthew,White,S,M,2026-01-14
26200,AW00026200,Ian,Baker,S,M,2026-01-14
26201,AW00026201,Dalton,Watson,S,M,2026-01-14
26202,AW00026202,Haley,Simmons,M,F,2026-01-14
26203,AW00026203,Nicole,Hall,S,F,2026-01-14
26204,AW00026204,Christy,Gao,M,F,2026-01-14
26205,AW00026205,Julio,Alvarez,M,M,2026-01-14
26206,AW00026206,Kurt,She,M,M,2026-01-14
26207,AW00026207,Kelvin,Zeng,S,M,2026-01-14
26208,AW00026208,Sharon,Anand,S,F,2026-01-14
26209,AW00026209,Jan,Cox,S,F,2026-01-14
26210,AW00026210,Clinton,Gill,S,M,2026-01-14
26211,AW00026211,Bridget,Yuan,S,F,2026-01-14
26212,AW00026212,Summer,Martinez,S,F,2026-01-14
26213,AW00026213,Grant,Andersen,S,M,2026-01-14
26214,AW00026214,Christy,Chande,M,F,2026-01-14
26215,AW00026215,Grant,Shan,M,M,2026-01-14
26216,AW00026216,Ebony,Subram,M,F,2026-01-14
26217,AW00026217,Pedro,Blanco,M,M,2026-01-14
26218,AW00026218,Barry,Patel,S,M,2026-01-14
26219,AW00026219,Summer,Suri,M,F,2026-01-14
26220,AW00026220,Jonathan,Harris,M,M,2026-01-14
26221,AW00026221,Kari,Chapman,S,F,2026-01-14
26222,AW00026222,Carolyn,Madan,S,F,2026-01-14
26223,AW00026223,Dominic,Sai,S,M,2026-01-14
26224,AW00026224,Henry,Gonzalez,S,M,2026-01-14
26225,AW00026225,Sergio,Srini,S,M,2026-01-14
26226,AW00026226,Michele,Andersen,M,F,2026-01-14
26227,AW00026227,Joe,Gutierrez,S,M,2026-01-14
26228,AW00026228,Carolyn,Perez,M,F,2026-01-14
26229,AW00026229,Cara,Ye,S,F,2026-01-14
26230,AW00026230,Natasha,Ramos,S,F,2026-01-14
26231,AW00026231,Maurice,Nara,M,M,2026-01-14
26232,AW00026232,Jay,Gomez,M,M,2026-01-14
26233,AW00026233,Cristina,Chande,M,F,2026-01-14
26234,AW00026234,Antonio,Perry,S,M,2026-01-14
26235,AW00026235,Michelle,Watson,S,F,2026-01-14
26236,AW00026236,Isabella,Evans,M,F,2026-01-14
26237,AW00026237,Grace,Martin,M,F,2026-01-14
26238,AW00026238,Julia,Foster,S,F,2026-01-14
26239,AW00026239,Kaitlyn,Turner,M,F,2026-01-14
26240,AW00026240,Katelyn,Evans,S,F,2026-01-14
26241,AW00026241,James,Lal,M,M,2026-01-14
26242,AW00026242,Isabella,Lewis,M,F,2026-01-14
26243,AW00026243,Fernando,Gonzalez,S,M,2026-01-14
26244,AW00026244,Jordan,Hughes,M,M,2026-01-14
26245,AW00026245,Devin,Murphy,M,M,2026-01-14
26246,AW00026246,Jade,Bell,S,F,2026-01-14
26247,AW00026247,Sophia,Turner,M,F,2026-01-14
26248,AW00026248,Thomas,Lewis,M,M,2026-01-14
26249,AW00026249,Thomas,Ross,M,M,2026-01-14
26250,AW00026250,Miguel,Simmons,S,M,2026-01-14
26251,AW00026251,Cedric,Huang,S,M,2026-01-14
26252,AW00026252,Morgan,Garcia,M,F,2026-01-14
26253,AW00026253,Dalton,Wright,S,M,2026-01-14
26254,AW00026254,Seth,Henderson,S,M,2026-01-14
26255,AW00026255,Cameron,Alexander,S,M,2026-01-14
26256,AW00026256,Ronald,Rana,S,M,2026-01-14
26257,AW00026257,Hector,Jimenez,S,M,2026-01-14
26258,AW00026258,Angelica,Powell,S,F,2026-01-14
26259,AW00026259,Hunter,Bryant,S,M,2026-01-14
26260,AW00026260,Ryan,Jackson,S,M,2026-01-14
26261,AW00026261,Brooke,Watson,S,F,2026-01-14
26262,AW00026262,Hannah,Thompson,S,F,2026-01-14
26263,AW00026263,Kaitlyn,Collins,S,F,2026-01-14
26264,AW00026264,Elijah,Lal,S,M,2026-01-14
26265,AW00026265,Tammy,Lopez,S,F,2026-01-14
26266,AW00026266,Brent,Gao,M,M,2026-01-14
26267,AW00026267,Matthew,Martin,M,M,2026-01-14
26268,AW00026268,Jonathon,Romero,M,M,2026-01-14
26269,AW00026269,Chloe,Moore,M,F,2026-01-14
26270,AW00026270,Hailey,Bailey,S,F,2026-01-14
26271,AW00026271,Bailey,Baker,M,F,2026-01-14
26272,AW00026272,Kelly,Hughes,M,F,2026-01-14
26273,AW00026273,Chelsea,Suri,M,F,2026-01-14
26274,AW00026274,Jennifer,Wood,M,F,2026-01-14
26275,AW00026275,Miguel,Johnson,M,M,2026-01-14
26276,AW00026276,Heather,Huang,M,F,2026-01-14
26277,AW00026277,Jacqueline,Hughes,S,F,2026-01-14
26278,AW00026278,Jon,Wu,S,M,2026-01-14
26279,AW00026279,Trinity,Sanchez,S,F,2026-01-14
26280,AW00026280,Jackson,Jenkins,S,M,2026-01-14
26281,AW00026281,Ian,Alexander,S,M,2026-01-14
26282,AW00026282,Leonard,Jai,S,M,2026-01-14
26283,AW00026283,Jeremiah,Diaz,S,M,2026-01-14
26284,AW00026284,Garrett,Ward,S,M,2026-01-14
26285,AW00026285,Kayla,Hayes,S,F,2026-01-14
26286,AW00026286,Evan,Phillips,S,M,2026-01-14
26287,AW00026287,Elijah,Baker,S,M,2026-01-14
26288,AW00026288,Alexandra,Russell,M,F,2026-01-14
26289,AW00026289,Samuel,Simmons,M,M,2026-01-14
26290,AW00026290,Noah,Chen,S,M,2026-01-14
26291,AW00026291,Blake,Walker,S,M,2026-01-14
26292,AW00026292,Marty,Simpson,M,F,2026-01-14
26293,AW00026293,Casey,Carlson,M,M,2026-01-14
26294,AW00026294,Andrew,Johnson,M,M,2026-01-14
26295,AW00026295,Toni,Kapoor,M,F,2026-01-14
26296,AW00026296,Grace,Simmons,M,F,2026-01-14
26297,AW00026297,Jeremiah,Lopez,M,M,2026-01-14
26298,AW00026298,Jasmine,Peterson,M,F,2026-01-14
26299,AW00026299,Y.,Yong,S,M,2026-01-14
26300,AW00026300,Audrey,Ortega,S,F,2026-01-14
26301,AW00026301,Isaiah,Hall,S,M,2026-01-14
26302,AW00026302,James,Jackson,M,M,2026-01-14
26303,AW00026303,Devon,Pal,M,M,2026-01-14
26304,AW00026304,Anna,Lewis,M,F,2026-01-14
26305,AW00026305,Julia,Rogers,S,F,2026-01-14
26306,AW00026306,Kyle,Holt,S,M,2026-01-14
26307,AW00026307,Alexander,Miller,M,M,2026-01-14
26308,AW00026308,Sara,Kelly,S,F,2026-01-14
26309,AW00026309,Julian,Powell,S,M,2026-01-14
26310,AW00026310,Kaitlyn,Garcia,S,F,2026-01-14
26311,AW00026311,Brenda,Rodriguez,S,F,2026-01-14
26312,AW00026312,Elizabeth,Wood,M,F,2026-01-14
26313,AW00026313,Dalton,Simmons,M,M,2026-01-14
26314,AW00026314,Angel,Murphy,S,M,2026-01-14
26315,AW00026315,Taylor,Peterson,S,F,2026-01-14
26316,AW00026316,Stephanie,Hughes,S,F,2026-01-14
26317,AW00026317,Amanda,Wright,M,F,2026-01-14
26318,AW00026318,Caleb,Parker,M,M,2026-01-14
26319,AW00026319,Dylan,Martinez,S,M,2026-01-14
26320,AW00026320,Brianna,Diaz,M,F,2026-01-14
26321,AW00026321,Randall,Blanco,M,M,2026-01-14
26322,AW00026322,Justin,Zhang,S,M,2026-01-14
26323,AW00026323,Dwayne,Ruiz,M,M,2026-01-14
26324,AW00026324,Faith,Brooks,S,F,2026-01-14
26325,AW00026325,Tyler,Robinson,M,M,2026-01-14
26326,AW00026326,Trevor,Washington,M,M,2026-01-14
26327,AW00026327,Jack,Jai,M,M,2026-01-14
26328,AW00026328,Edward,Anderson,S,M,2026-01-14
26329,AW00026329,Angelica,Bryant,M,F,2026-01-14
26330,AW00026330,Marcus,Diaz,S,M,2026-01-14
26331,AW00026331,Melanie,Powell,M,F,2026-01-14
26332,AW00026332,Aaron,Mitchell,M,M,2026-01-14
26333,AW00026333,Alexandria,Alexander,M,F,2026-01-14
26334,AW00026334,Ross,Blanco,S,M,2026-01-14
26335,AW00026335,April,Pal,M,F,2026-01-14
26336,AW00026336,Noah,Brown,M,M,2026-01-14
26337,AW00026337,Jennifer,Gonzalez,M,F,2026-01-14
26338,AW00026338,Anna,Coleman,M,F,2026-01-14
26339,AW00026339,Cindy,James,S,F,2026-01-14
26340,AW00026340,Melissa,Morris,M,F,2026-01-14
26341,AW00026341,Olivia,Taylor,M,F,2026-01-14
26342,AW00026342,Eduardo,Griffin,S,M,2026-01-14
26343,AW00026343,Mariah,Washington,S,F,2026-01-14
26344,AW00026344,Natalie,Hughes,S,F,2026-01-14
26345,AW00026345,Connor,Baker,M,M,2026-01-14
26346,AW00026346,Emmanuel,Suri,M,M,2026-01-14
26347,AW00026347,Alvin,Raji,M,M,2026-01-14
26348,AW00026348,Logan,Moore,M,M,2026-01-14
26349,AW00026349,Adam,Lopez,S,M,2026-01-14
26350,AW00026350,Gabrielle,King,M,F,2026-01-14
26351,AW00026351,Emma,Moore,S,F,2026-01-14
26352,AW00026352,Cynthia,Fernandez,S,F,2026-01-14
26353,AW00026353,Holly,Malhotra,S,F,2026-01-14
26354,AW00026354,Nelson,Serrano,S,M,2026-01-14
26355,AW00026355,Darren,Madan,M,M,2026-01-14
26356,AW00026356,Timothy,Howard,M,M,2026-01-14
26357,AW00026357,Sergio,Gonzalez,S,M,2026-01-14
26358,AW00026358,Mason,Gonzalez,S,M,2026-01-14
26359,AW00026359,George,Raman,M,M,2026-01-14
26360,AW00026360,Max,Blanco,M,M,2026-01-14
26361,AW00026361,Ebony,Suarez,M,F,2026-01-14
26362,AW00026362,Joy,Torres,M,F,2026-01-14
26363,AW00026363,Larry,Jimenez,M,M,2026-01-14
26364,AW00026364,Gabriella,Hill,S,F,2026-01-14
26365,AW00026365,Phillip,Fernandez,M,M,2026-01-14
26366,AW00026366,Johnathan,Schmidt,M,M,2026-01-14
26367,AW00026367,Omar,Shan,M,M,2026-01-14
26368,AW00026368,Bharat,Mirchandani,S,M,2026-01-14
26369,AW00026369,Kate,Nath,M,F,2026-01-14
26370,AW00026370,Maria,Bryant,M,F,2026-01-14
26371,AW00026371,Cassandra,Garcia,M,F,2026-01-14
26372,AW00026372,Marie,Browning,M,F,2026-01-14
26373,AW00026373,Mariah,Reed,M,F,2026-01-14
26374,AW00026374,Bradley,Pal,S,M,2026-01-14
26375,AW00026375,Shannon,Ortega,S,M,2026-01-14
26376,AW00026376,Anthony,Martinez,M,M,2026-01-14
26377,AW00026377,Isabelle,Foster,S,F,2026-01-14
26378,AW00026378,Colin,Raje,M,M,2026-01-14
26379,AW00026379,Cindy,Rodriguez,S,F,2026-01-14
26380,AW00026380,Ricardo,Luo,M,M,2026-01-14
26381,AW00026381,Shannon,Romero,M,M,2026-01-14
26382,AW00026382,Dale,Xu,S,M,2026-01-14
26383,AW00026383,Ronnie,Hu,S,M,2026-01-14
26384,AW00026384,Jon,Zhu,M,M,2026-01-14
26385,AW00026385,Javier,Muñoz,S,M,2026-01-14
26386,AW00026386,Kelli,Zhao,S,F,2026-01-14
26387,AW00026387,Dalton,Roberts,S,M,2026-01-14
26388,AW00026388,Wayne,Jai,M,M,2026-01-14
26389,AW00026389,Candice,Zhou,M,F,2026-01-14
26390,AW00026390,Ivan,Mehta,M,M,2026-01-14
26391,AW00026391,Dominique,Arun,S,F,2026-01-14
26392,AW00026392,Kelli,Rai,S,F,2026-01-14
26393,AW00026393,Donald,Raman,S,M,2026-01-14
26394,AW00026394,Martha,Sun,M,F,2026-01-14
26395,AW00026395,Daisy,Gill,S,F,2026-01-14
26396,AW00026396,Terry,Black,M,M,2026-01-14
26397,AW00026397,Micheal,Travers,S,M,2026-01-14
26398,AW00026398,Ian,Watson,M,M,2026-01-14
26399,AW00026399,Erick,Gonzalez,M,M,2026-01-14
26400,AW00026400,Jade,James,M,F,2026-01-14
26401,AW00026401,Natalie,Butler,M,F,2026-01-14
26402,AW00026402,Jamie,Wagner,S,F,2026-01-14
26403,AW00026403,Philip,Navarro,M,M,2026-01-14
26404,AW00026404,Trisha,Wu,M,F,2026-01-14
26405,AW00026405,Naomi,Blanco,M,F,2026-01-14
26406,AW00026406,Haley,Lopez,M,F,2026-01-14
26407,AW00026407,Ashley,Davis,S,F,2026-01-14
26408,AW00026408,Martha,Huang,S,F,2026-01-14
26409,AW00026409,Christy,Goel,S,F,2026-01-14
26410,AW00026410,Franklin,Goel,S,M,2026-01-14
26411,AW00026411,Mario,Xu,S,M,2026-01-14
26412,AW00026412,Kate,Chande,M,F,2026-01-14
26413,AW00026413,Rebekah,Romero,M,F,2026-01-14
26414,AW00026414,George,Patel,M,M,2026-01-14
26415,AW00026415,Latoya,Lal,M,F,2026-01-14
26416,AW00026416,Amy,Zhao,M,F,2026-01-14
26417,AW00026417,Dustin,Rai,S,M,2026-01-14
26418,AW00026418,Rafael,Chande,S,M,2026-01-14
26419,AW00026419,Geoffrey,Suri,M,M,2026-01-14
26420,AW00026420,Bob,Kapoor,S,M,2026-01-14
26421,AW00026421,Allison,Peterson,S,F,2026-01-14
26422,AW00026422,Pedro,Suri,S,M,2026-01-14
26423,AW00026423,Hector,Gutierrez,S,M,2026-01-14
26424,AW00026424,Kayla,White,S,F,2026-01-14
26425,AW00026425,Janelle,Malhotra,S,F,2026-01-14
26426,AW00026426,Heidi,Malhotra,S,F,2026-01-14
26427,AW00026427,Alicia,Xie,S,F,2026-01-14
26428,AW00026428,Colin,Ma,M,M,2026-01-14
26429,AW00026429,Reginald,Ortega,S,M,2026-01-14
26430,AW00026430,Paula,Sanz,S,F,2026-01-14
26431,AW00026431,Shaun,Rai,S,M,2026-01-14
26432,AW00026432,Isabel,Simmons,M,F,2026-01-14
26433,AW00026433,Nelson,Rubio,M,M,2026-01-14
26434,AW00026434,Mallory,Romero,S,F,2026-01-14
26435,AW00026435,Yolanda,Goel,M,F,2026-01-14
26436,AW00026436,Briana,Carlson,S,F,2026-01-14
26437,AW00026437,Tiffany,Zhu,S,F,2026-01-14
26438,AW00026438,Alisha,Shen,M,F,2026-01-14
26439,AW00026439,Isaac,Morris,S,M,2026-01-14
26440,AW00026440,Devin,Green,S,M,2026-01-14
26441,AW00026441,Randy,Lu,M,M,2026-01-14
26442,AW00026442,Barbara,Huang,S,F,2026-01-14
26443,AW00026443,Kathryn,She,M,F,2026-01-14
26444,AW00026444,Pamela,Lopez,S,F,2026-01-14
26445,AW00026445,Aidan,Foster,S,M,2026-01-14
26446,AW00026446,Jamie,Muñoz,S,M,2026-01-14
26447,AW00026447,Noah,Russell,S,M,2026-01-14
26448,AW00026448,Kara,Yuan,M,F,2026-01-14
26449,AW00026449,Jared,Gray,M,M,2026-01-14
26450,AW00026450,Lauren,Ramirez,S,F,2026-01-14
26451,AW00026451,Mariah,Perry,M,F,2026-01-14
26452,AW00026452,James,Martinez,S,M,2026-01-14
26453,AW00026453,Cole,Peterson,S,M,2026-01-14
26454,AW00026454,Sebastian,Cox,M,M,2026-01-14
26455,AW00026455,Samuel,Carter,M,M,2026-01-14
26456,AW00026456,Xavier,Peterson,S,M,2026-01-14
26457,AW00026457,Sydney,Moore,S,F,2026-01-14
26458,AW00026458,Ryan,Moore,M,M,2026-01-14
26459,AW00026459,Angelica,Hayes,S,F,2026-01-14
26460,AW00026460,Gabriella,Cook,M,F,2026-01-14
26461,AW00026461,Brooke,Howard,S,F,2026-01-14
26462,AW00026462,Lauren,Kelly,S,F,2026-01-14
26463,AW00026463,Alexa,Rogers,S,F,2026-01-14
26464,AW00026464,Alexandria,Griffin,S,F,2026-01-14
26465,AW00026465,Andrea,Evans,S,F,2026-01-14
26466,AW00026466,Kevin,Turner,S,M,2026-01-14
26467,AW00026467,Nicole,Brooks,S,F,2026-01-14
26468,AW00026468,Alyssa,Brown,M,F,2026-01-14
26469,AW00026469,Joy,Alvarez,S,F,2026-01-14
26470,AW00026470,Marcus,Cooper,M,M,2026-01-14
26471,AW00026471,Edward,Perez,M,M,2026-01-14
26472,AW00026472,David,Hughes,S,M,2026-01-14
26473,AW00026473,Anna,Wood,S,F,2026-01-14
26474,AW00026474,Mackenzie,Morris,S,F,2026-01-14
26475,AW00026475,Isabella,Gonzalez,S,F,2026-01-14
26476,AW00026476,Jordan,Jai,M,M,2026-01-14
26477,AW00026477,Joel,Rana,S,M,2026-01-14
26478,AW00026478,Sara,Collins,S,F,2026-01-14
26479,AW00026479,Katherine,Cook,S,F,2026-01-14
26480,AW00026480,Jacqueline,Patterson,S,F,2026-01-14
26481,AW00026481,Luke,Young,M,M,2026-01-14
26482,AW00026482,Sydney,Hill,M,F,2026-01-14
26483,AW00026483,Taylor,Ward,S,F,2026-01-14
26484,AW00026484,Fernando,Patterson,S,M,2026-01-14
26485,AW00026485,Jason,Bryant,M,M,2026-01-14
26486,AW00026486,Andrea,Cook,M,F,2026-01-14
26487,AW00026487,Vincent,Ma,S,M,2026-01-14
26488,AW00026488,Julia,Rodriguez,M,F,2026-01-14
26489,AW00026489,Jordan,Collins,S,M,2026-01-14
26490,AW00026490,Antonio,Simmons,S,M,2026-01-14
26491,AW00026491,Riley,Sanchez,S,F,2026-01-14
26492,AW00026492,Ryan,Rodriguez,M,M,2026-01-14
26493,AW00026493,Lawrence,Ramos,M,M,2026-01-14
26494,AW00026494,Nicholas,White,M,M,2026-01-14
26495,AW00026495,Allison,Baker,S,F,2026-01-14
26496,AW00026496,Cassidy,Griffin,M,F,2026-01-14
26497,AW00026497,Karen,Sanchez,M,F,2026-01-14
26498,AW00026498,Ethan,Hayes,M,M,2026-01-14
26499,AW00026499,Renee,Ruiz,M,F,2026-01-14
26500,AW00026500,Billy,Ruiz,M,M,2026-01-14
26501,AW00026501,Allison,Parker,S,F,2026-01-14
26502,AW00026502,Taylor,Brown,S,F,2026-01-14
26503,AW00026503,Jeremiah,Townsend,M,M,2026-01-14
26504,AW00026504,Jennifer,Robinson,M,F,2026-01-14
26505,AW00026505,Jennifer,Wright,M,F,2026-01-14
26506,AW00026506,Ruth,Srini,S,F,2026-01-14
26507,AW00026507,Abhijit,Thakur,M,F,2026-01-14
26508,AW00026508,Marcus,Ross,M,M,2026-01-14
26509,AW00026509,Seth,Taylor,S,M,2026-01-14
26510,AW00026510,Jack,Scott,S,M,2026-01-14
26511,AW00026511,Charles,Weisman,M,M,2026-01-14
26512,AW00026512,Christina,Cooper,M,F,2026-01-14
26513,AW00026513,Stacy,Moreno,S,F,2026-01-14
26514,AW00026514,Cameron,Powell,M,M,2026-01-14
26515,AW00026515,Zoe,Watson,M,F,2026-01-14
26516,AW00026516,Jill,Perry,M,F,2026-01-14
26517,AW00026517,Melanie,Griffin,M,F,2026-01-14
26518,AW00026518,Marcus,Lee,S,M,2026-01-14
26519,AW00026519,Brianna,Wood,M,F,2026-01-14
26520,AW00026520,Chloe,Ramirez,S,F,2026-01-14
26521,AW00026521,Nathan,Taylor,M,M,2026-01-14
26522,AW00026522,Logan,Thompson,M,M,2026-01-14
26523,AW00026523,Casey,Raji,S,F,2026-01-14
26524,AW00026524,Anthony,Robinson,M,M,2026-01-14
26525,AW00026525,Jeremy,Bell,S,M,2026-01-14
26526,AW00026526,Blake,Coleman,M,M,2026-01-14
26527,AW00026527,Oscar,Hayes,M,M,2026-01-14
26528,AW00026528,Samuel,Garcia,S,M,2026-01-14
26529,AW00026529,Jasmine,Davis,S,F,2026-01-14
26530,AW00026530,Riley,Morgan,M,F,2026-01-14
26531,AW00026531,Jeremy,Reed,M,M,2026-01-14
26532,AW00026532,Angela,Barnes,S,F,2026-01-14
26533,AW00026533,Xavier,Mitchell,M,M,2026-01-14
26534,AW00026534,Fernando,Smith,S,M,2026-01-14
26535,AW00026535,Kelly,Perry,M,F,2026-01-14
26536,AW00026536,Katherine,Thomas,S,F,2026-01-14
26537,AW00026537,Wyatt,Perez,S,M,2026-01-14
26538,AW00026538,Warren,Black,M,M,2026-01-14
26539,AW00026539,Faith,Hayes,S,F,2026-01-14
26540,AW00026540,Jada,Sanchez,S,F,2026-01-14
26541,AW00026541,Alexis,Butler,M,F,2026-01-14
26542,AW00026542,Jamie,Torres,M,M,2026-01-14
26543,AW00026543,Susan,Guo,S,F,2026-01-14
26544,AW00026544,Riley,Ramirez,M,F,2026-01-14
26545,AW00026545,Taylor,Ross,M,F,2026-01-14
26546,AW00026546,Miguel,Bennett,M,M,2026-01-14
26547,AW00026547,Barbara,Beck,S,F,2026-01-14
26548,AW00026548,Casey,Suarez,S,M,2026-01-14
26549,AW00026549,Jamie,Sanz,S,M,2026-01-14
26550,AW00026550,Alex,Morris,S,M,2026-01-14
26551,AW00026551,Noah,Moore,S,M,2026-01-14
26552,AW00026552,Judith,Turner,M,F,2026-01-14
26553,AW00026553,Kayla,Powell,S,F,2026-01-14
26554,AW00026554,Michael,Garcia,S,M,2026-01-14
26555,AW00026555,Jeremy,Perry,S,M,2026-01-14
26556,AW00026556,Jeremy,Cooper,M,M,2026-01-14
26557,AW00026557,Katelyn,Morgan,S,F,2026-01-14
26558,AW00026558,Holly,Garcia,M,F,2026-01-14
26559,AW00026559,Marshall,Ye,S,M,2026-01-14
26560,AW00026560,Lindsey,Shen,M,F,2026-01-14
26561,AW00026561,Hannah,Lewis,M,F,2026-01-14
26562,AW00026562,Edward,Wilson,M,M,2026-01-14
26563,AW00026563,Keith,She,M,M,2026-01-14
26564,AW00026564,Franklin,Chen,S,M,2026-01-14
26565,AW00026565,Gabriel,Mitchell,S,M,2026-01-14
26566,AW00026566,Crystal,Chen,S,F,2026-01-14
26567,AW00026567,Michele,Rai,S,F,2026-01-14
26568,AW00026568,Nancy,Kovar,S,F,2026-01-14
26569,AW00026569,Michelle,Sanchez,M,F,2026-01-14
26570,AW00026570,Hunter,Gonzales,M,M,2026-01-14
26571,AW00026571,Lacey,Pal,S,F,2026-01-14
26572,AW00026572,Jessica,Russell,S,F,2026-01-14
26573,AW00026573,Samantha,Clark,M,F,2026-01-14
26574,AW00026574,Jordan,Allen,M,M,2026-01-14
26575,AW00026575,Toni,Gonzalez,S,F,2026-01-14
26576,AW00026576,Kaitlyn,Robinson,M,F,2026-01-14
26577,AW00026577,Cindy,Edwards,M,F,2026-01-14
26578,AW00026578,Jeremy,White,S,M,2026-01-14
26579,AW00026579,Hunter,Hayes,S,M,2026-01-14
26580,AW00026580,Paige,Ramirez,M,F,2026-01-14
26581,AW00026581,Mariah,Patterson,M,F,2026-01-14
26582,AW00026582,Fernando,Moore,M,M,2026-01-14
26583,AW00026583,James,Patterson,S,M,2026-01-14
26584,AW00026584,Benjamin,Alexander,M,M,2026-01-14
26585,AW00026585,Alejandro,Xu,S,M,2026-01-14
26586,AW00026586,Alexandra,Baker,M,F,2026-01-14
26587,AW00026587,Mario,Johnsen,S,M,2026-01-14
26588,AW00026588,Dustin,Pal,M,M,2026-01-14
26589,AW00026589,Julie,Tang,S,F,2026-01-14
26590,AW00026590,Jorge,Guo,M,M,2026-01-14
26591,AW00026591,Aimee,Chen,S,F,2026-01-14
26592,AW00026592,Brenda,Lopez,S,F,2026-01-14
26593,AW00026593,Eduardo,Campbell,S,M,2026-01-14
26594,AW00026594,Melissa,Wood,M,F,2026-01-14
26595,AW00026595,Alyssa,Bailey,M,F,2026-01-14
26596,AW00026596,Antonio,Hayes,M,M,2026-01-14
26597,AW00026597,Madison,Lewis,S,F,2026-01-14
26598,AW00026598,Charles,Adams,S,M,2026-01-14
26599,AW00026599,Allison,Reed,M,F,2026-01-14
26600,AW00026600,Michelle,Gray,S,F,2026-01-14
26601,AW00026601,Kyle,Gonzalez,S,M,2026-01-14
26602,AW00026602,Noah,Yang,S,M,2026-01-14
26603,AW00026603,Sheila,Ruiz,S,F,2026-01-14
26604,AW00026604,Elizabeth,West,S,F,2026-01-14
26605,AW00026605,Brandon,Foster,S,M,2026-01-14
26606,AW00026606,Hannah,Harris,S,F,2026-01-14
26607,AW00026607,Natalie,Powell,M,F,2026-01-14
26608,AW00026608,Aaron,Nelson,S,M,2026-01-14
26609,AW00026609,Abigail,Kelly,M,F,2026-01-14
26610,AW00026610,Mary,Perez,M,F,2026-01-14
26611,AW00026611,Kayla,Henderson,M,F,2026-01-14
26612,AW00026612,Janet,Romero,M,F,2026-01-14
26613,AW00026613,Priscilla,Lal,M,F,2026-01-14
26614,AW00026614,Richard,Robinson,S,M,2026-01-14
26615,AW00026615,David,Powell,M,M,2026-01-14
26616,AW00026616,Colin,Goel,M,M,2026-01-14
26617,AW00026617,Isaiah,Peterson,M,M,2026-01-14
26618,AW00026618,Amanda,Morris,M,F,2026-01-14
26619,AW00026619,Thomas,Hill,M,M,2026-01-14
26620,AW00026620,Isabella,Green,S,F,2026-01-14
26621,AW00026621,Sarah,Wood,S,F,2026-01-14
26622,AW00026622,Jan,Howard,S,F,2026-01-14
26623,AW00026623,Alexandra,Ross,S,F,2026-01-14
26624,AW00026624,Elizabeth,Russell,S,F,2026-01-14
26625,AW00026625,Lauren,Barnes,S,F,2026-01-14
26626,AW00026626,Dalton,Taylor,S,M,2026-01-14
26627,AW00026627,Jose,Alexander,M,M,2026-01-14
26628,AW00026628,Lucas,Lee,S,M,2026-01-14
26629,AW00026629,Miranda,Price,M,F,2026-01-14
26630,AW00026630,Vanessa,Powell,M,F,2026-01-14
26631,AW00026631,Isaiah,Stewart,M,M,2026-01-14
26632,AW00026632,Isabella,Moore,M,F,2026-01-14
26633,AW00026633,Gabrielle,Ward,M,F,2026-01-14
26634,AW00026634,Devin,Walker,M,M,2026-01-14
26635,AW00026635,Jasmine,Harris,M,F,2026-01-14
26636,AW00026636,Miguel,Walker,M,M,2026-01-14
26637,AW00026637,Thomas,Robinson,M,M,2026-01-14
26638,AW00026638,Olivia,Flores,S,F,2026-01-14
26639,AW00026639,Riley,Diaz,M,F,2026-01-14
26640,AW00026640,Eduardo,Lopez,S,M,2026-01-14
26641,AW00026641,Arturo,Xie,S,M,2026-01-14
26642,AW00026642,Gabrielle,Evans,M,F,2026-01-14
26643,AW00026643,Benjamin,Miller,M,M,2026-01-14
26644,AW00026644,Jenna,Hernandez,S,F,2026-01-14
26645,AW00026645,Morgan,Richardson,S,F,2026-01-14
26646,AW00026646,Jordyn,Perry,S,F,2026-01-14
26647,AW00026647,Jasmine,Simmons,S,F,2026-01-14
26648,AW00026648,Riley,Rogers,S,F,2026-01-14
26649,AW00026649,Emily,Perry,S,F,2026-01-14
26650,AW00026650,Kevin,Collins,S,M,2026-01-14
26651,AW00026651,Gregory,Nara,S,M,2026-01-14
26652,AW00026652,Bruce,Moreno,M,M,2026-01-14
26653,AW00026653,Kaylee,Allen,M,F,2026-01-14
26654,AW00026654,Kathleen,Jimenez,M,F,2026-01-14
26655,AW00026655,Kelvin,Sharma,M,M,2026-01-14
26656,AW00026656,Amanda,Hall,M,F,2026-01-14
26657,AW00026657,Lucas,Hughes,S,M,2026-01-14
26658,AW00026658,Darryl,Liang,M,M,2026-01-14
26659,AW00026659,Katrina,Yuan,M,F,2026-01-14
26660,AW00026660,Kern,Sutton,M,M,2026-01-14
26661,AW00026661,Dawn,Zhu,S,F,2026-01-14
26662,AW00026662,Lori,Alvarez,S,F,2026-01-14
26663,AW00026663,Joanna,Serrano,S,F,2026-01-14
26664,AW00026664,Amy,Zhu,M,F,2026-01-14
26665,AW00026665,Jésus,Vazquez,S,M,2026-01-14
26666,AW00026666,Ashlee,Beck,S,F,2026-01-14
26667,AW00026667,Jillian,Patel,S,F,2026-01-14
26668,AW00026668,Toni,Madan,M,F,2026-01-14
26669,AW00026669,Curtis,Zeng,M,M,2026-01-14
26670,AW00026670,Jerry,Johnsen,M,M,2026-01-14
26671,AW00026671,Arthur,Patel,M,M,2026-01-14
26672,AW00026672,Kelli,Sharma,M,F,2026-01-14
26673,AW00026673,Austin,Alexander,M,M,2026-01-14
26674,AW00026674,Ashley,Jackson,M,F,2026-01-14
26675,AW00026675,Natalie,King,M,F,2026-01-14
26676,AW00026676,Emily,Jenkins,M,F,2026-01-14
26677,AW00026677,William,Johnson,M,M,2026-01-14
26678,AW00026678,Miranda,Hughes,S,F,2026-01-14
26679,AW00026679,Noah,Perry,M,M,2026-01-14
26680,AW00026680,Melissa,Powell,S,F,2026-01-14
26681,AW00026681,Zachary,Jackson,S,M,2026-01-14
26682,AW00026682,Richard,Diaz,M,M,2026-01-14
26683,AW00026683,Mariah,Simmons,S,F,2026-01-14
26684,AW00026684,Dustin,Andersen,M,M,2026-01-14
26685,AW00026685,Noah,Baker,S,M,2026-01-14
26686,AW00026686,Christian,Washington,M,M,2026-01-14
26687,AW00026687,Marshall,Xu,M,M,2026-01-14
26688,AW00026688,Brittney,Xu,M,F,2026-01-14
26689,AW00026689,Arthur,Gill,S,M,2026-01-14
26690,AW00026690,Alexia,Bennett,M,F,2026-01-14
26691,AW00026691,Tina,Suri,S,F,2026-01-14
26692,AW00026692,Isabella,Brown,M,F,2026-01-14
26693,AW00026693,Charles,Perez,M,M,2026-01-14
26694,AW00026694,Aaron,Hughes,S,M,2026-01-14
26695,AW00026695,Jocelyn,Diaz,M,F,2026-01-14
26696,AW00026696,Robyn,Suarez,S,F,2026-01-14
26697,AW00026697,Manuel,Arun,M,M,2026-01-14
26698,AW00026698,Brooke,Rivera,M,F,2026-01-14
26699,AW00026699,Joan,Coleman,S,F,2026-01-14
26700,AW00026700,Sydney,Ramirez,S,F,2026-01-14
26701,AW00026701,Katherine,Hill,M,F,2026-01-14
26702,AW00026702,Cynthia,Arun,M,F,2026-01-14
26703,AW00026703,Wyatt,Miller,M,M,2026-01-14
26704,AW00026704,Frank,Alvarez,S,M,2026-01-14
26705,AW00026705,Eric,Jenkins,S,M,2026-01-14
26706,AW00026706,Bailey,Mitchell,M,F,2026-01-14
26707,AW00026707,Sydney,Brooks,M,F,2026-01-14
26708,AW00026708,Katherine,Washington,S,F,2026-01-14
26709,AW00026709,Mary,King,S,F,2026-01-14
26710,AW00026710,Jan,Green,M,F,2026-01-14
26711,AW00026711,Mya,Bryant,S,F,2026-01-14
26712,AW00026712,Ashley,Wilson,S,F,2026-01-14
26713,AW00026713,Stephanie,Edwards,M,F,2026-01-14
26714,AW00026714,Angela,Long,S,F,2026-01-14
26715,AW00026715,Gabriella,Bell,M,F,2026-01-14
26716,AW00026716,Megan,Smith,M,F,2026-01-14
26717,AW00026717,David,Simpson,M,M,2026-01-14
26718,AW00026718,Richard,Flores,M,M,2026-01-14
26719,AW00026719,Tamara,Li,S,F,2026-01-14
26720,AW00026720,Seth,Watson,M,M,2026-01-14
26721,AW00026721,Paula,Jimenez,S,F,2026-01-14
26722,AW00026722,Alexandra,McDonald,M,F,2026-01-14
26723,AW00026723,Devin,Kelly,S,M,2026-01-14
26724,AW00026724,Sydney,Edwards,S,F,2026-01-14
26725,AW00026725,Alexis,Smith,M,F,2026-01-14
26726,AW00026726,Danielle,Rivera,S,F,2026-01-14
26727,AW00026727,Jose,Clark,M,M,2026-01-14
26728,AW00026728,Elijah,Roberts,S,M,2026-01-14
26729,AW00026729,Brian,Gray,S,M,2026-01-14
26730,AW00026730,Rachel,Sanchez,S,F,2026-01-14
26731,AW00026731,Ethan,Clark,M,M,2026-01-14
26732,AW00026732,Martin,Rienstra,S,M,2026-01-14
26733,AW00026733,Benjamin,Smith,M,M,2026-01-14
26734,AW00026734,Morgan,Powell,M,F,2026-01-14
26735,AW00026735,Grace,White,S,F,2026-01-14
26736,AW00026736,Lacey,Xu,S,F,2026-01-14
26737,AW00026737,Katherine,Young,S,F,2026-01-14
26738,AW00026738,Katherine,Simmons,S,F,2026-01-14
26739,AW00026739,Corey,Shen,M,M,2026-01-14
26740,AW00026740,Donald,Lopez,M,M,2026-01-14
26741,AW00026741,Nichole,Pal,M,F,2026-01-14
26742,AW00026742,James,Collins,M,M,2026-01-14
26743,AW00026743,Derek,Chande,S,M,2026-01-14
26744,AW00026744,Mitchell,Yuan,M,M,2026-01-14
26745,AW00026745,Valerie,Huang,M,F,2026-01-14
26746,AW00026746,Amber,Adams,S,F,2026-01-14
26747,AW00026747,Candice,Cai,S,F,2026-01-14
26748,AW00026748,Stacey,She,S,F,2026-01-14
26749,AW00026749,Rafael,Sun,M,M,2026-01-14
26750,AW00026750,Randall,Alvarez,S,M,2026-01-14
26751,AW00026751,Mallory,Serrano,S,F,2026-01-14
26752,AW00026752,Henry,Perez,M,M,2026-01-14
26753,AW00026753,Summer,Patel,S,F,2026-01-14
26754,AW00026754,Candice,Zimmerman,S,F,2026-01-14
26755,AW00026755,Brendan,Jai,M,M,2026-01-14
26756,AW00026756,Brooke,Gray,S,F,2026-01-14
26757,AW00026757,Evan,Rivera,S,M,2026-01-14
26758,AW00026758,Damien,Zhang,S,M,2026-01-14
26759,AW00026759,Hailey,Allen,M,F,2026-01-14
26760,AW00026760,Katherine,Butler,S,F,2026-01-14
26761,AW00026761,Tabitha,Prasad,M,F,2026-01-14
26762,AW00026762,Rachael,Perez,M,F,2026-01-14
26763,AW00026763,Grant,Shen,M,M,2026-01-14
26764,AW00026764,Alvin,Li,M,M,2026-01-14
26765,AW00026765,Dominique,Chandra,S,F,2026-01-14
26766,AW00026766,Jodi,Andersen,M,F,2026-01-14
26767,AW00026767,Alisha,Goel,S,F,2026-01-14
26768,AW00026768,Cristina,Shen,M,F,2026-01-14
26769,AW00026769,Holly,Sai,M,F,2026-01-14
26770,AW00026770,Katie,Ashe,M,F,2026-01-14
26771,AW00026771,Eric,Shan,M,M,2026-01-14
26772,AW00026772,Jamie,Hu,M,F,2026-01-14
26773,AW00026773,Meghan,Martin,M,F,2026-01-14
26774,AW00026774,Arianna,Ross,M,F,2026-01-14
26775,AW00026775,Riley,Bryant,M,F,2026-01-14
26776,AW00026776,Jenny,Guo,S,F,2026-01-14
26777,AW00026777,Andrew,Clark,S,M,2026-01-14
26778,AW00026778,Sierra,Perez,S,F,2026-01-14
26779,AW00026779,Alexandra,Henderson,M,F,2026-01-14
26780,AW00026780,Julia,Butler,S,F,2026-01-14
26781,AW00026781,Jan,Cox,M,F,2026-01-14
26782,AW00026782,Seth,Lewis,S,M,2026-01-14
26783,AW00026783,Juan,Torres,M,M,2026-01-14
26784,AW00026784,Walter,Torres,S,M,2026-01-14
26785,AW00026785,Raul,Raje,M,M,2026-01-14
26786,AW00026786,Seth,Smith,S,M,2026-01-14
26787,AW00026787,Austin,Moore,S,M,2026-01-14
26788,AW00026788,Destiny,Howard,S,F,2026-01-14
26789,AW00026789,Chase,Morris,S,M,2026-01-14
26790,AW00026790,Chloe,Cook,S,F,2026-01-14
26791,AW00026791,Kelvin,Nath,S,M,2026-01-14
26792,AW00026792,Casey,Torres,S,M,2026-01-14
26793,AW00026793,Jesse,Nelson,S,M,2026-01-14
26794,AW00026794,Michele,Dominguez,M,F,2026-01-14
26795,AW00026795,Elijah,Shan,M,M,2026-01-14
26796,AW00026796,Warren,Raji,S,M,2026-01-14
26797,AW00026797,Marshall,Hu,S,M,2026-01-14
26798,AW00026798,Jeremiah,Garcia,M,M,2026-01-14
26799,AW00026799,Ryan,Russell,M,M,2026-01-14
26800,AW00026800,Lauren,Lewis,S,F,2026-01-14
26801,AW00026801,Wyatt,Washington,M,M,2026-01-14
26802,AW00026802,Lucas,Sanders,S,M,2026-01-14
26803,AW00026803,Xavier,Bennett,M,M,2026-01-14
26804,AW00026804,Trinity,Sanders,S,F,2026-01-14
26805,AW00026805,Alexandria,Reed,S,F,2026-01-14
26806,AW00026806,Caleb,Mitchell,M,M,2026-01-14
26807,AW00026807,Angel,Hall,S,M,2026-01-14
26808,AW00026808,Kimberly,Howard,S,F,2026-01-14
26809,AW00026809,Julia,Morgan,S,F,2026-01-14
26810,AW00026810,Melanie,Stewart,S,F,2026-01-14
26811,AW00026811,Rachael,Sanchez,S,F,2026-01-14
26812,AW00026812,James,Hernandez,M,M,2026-01-14
26813,AW00026813,Xavier,Diaz,S,M,2026-01-14
26814,AW00026814,Alex,Hernandez,M,M,2026-01-14
26815,AW00026815,Erin,Cox,M,F,2026-01-14
26816,AW00026816,Ronnie,Wu,M,M,2026-01-14
26817,AW00026817,Melvin,Ashe,S,M,2026-01-14
26818,AW00026818,Eduardo,Coleman,S,M,2026-01-14
26819,AW00026819,Devin,Mitchell,M,M,2026-01-14
26820,AW00026820,Carol,Nath,M,F,2026-01-14
26821,AW00026821,Tamara,Guo,M,F,2026-01-14
26822,AW00026822,Cindy,Gonzalez,S,F,2026-01-14
26823,AW00026823,Kaitlin,Raman,S,F,2026-01-14
26824,AW00026824,Theresa,Blanco,S,F,2026-01-14
26825,AW00026825,Jamie,Jimenez,M,M,2026-01-14
26826,AW00026826,Kendra,Romero,S,F,2026-01-14
26827,AW00026827,Renee,Rubio,S,F,2026-01-14
26828,AW00026828,Stephanie,Rivera,M,F,2026-01-14
26829,AW00026829,Morgan,Evans,M,F,2026-01-14
26830,AW00026830,Levi,Perez,M,M,2026-01-14
26831,AW00026831,Drew,Raje,M,M,2026-01-14
26832,AW00026832,Kate,Xie,M,F,2026-01-14
26833,AW00026833,Kelvin,Rai,M,M,2026-01-14
26834,AW00026834,Teresa,Romero,M,F,2026-01-14
26835,AW00026835,Kyle,Turner,M,M,2026-01-14
26836,AW00026836,Hector,Diaz,S,M,2026-01-14
26837,AW00026837,Albert,Martin,M,M,2026-01-14
26838,AW00026838,Cassie,Shan,S,F,2026-01-14
26839,AW00026839,Jeremy,Nelson,S,M,2026-01-14
26840,AW00026840,Eric,Yang,M,M,2026-01-14
26841,AW00026841,Roberto,Jiménez,M,M,2026-01-14
26842,AW00026842,Felicia,Alonso,M,F,2026-01-14
26843,AW00026843,Noah,Gonzalez,S,M,2026-01-14
26844,AW00026844,Erin,Cooper,S,F,2026-01-14
26845,AW00026845,Theodore,Ortega,S,M,2026-01-14
26846,AW00026846,Dustin,Kumar,M,M,2026-01-14
26847,AW00026847,Brent,Yang,S,M,2026-01-14
26848,AW00026848,Alisha,Rai,M,F,2026-01-14
26849,AW00026849,Billy,Martin,M,M,2026-01-14
26850,AW00026850,Terry,Luo,S,M,2026-01-14
26851,AW00026851,Diane,Alvarez,S,F,2026-01-14
26852,AW00026852,Karen,She,M,F,2026-01-14
26853,AW00026853,Shane,Rana,S,M,2026-01-14
26854,AW00026854,Jonathan,Hayes,S,M,2026-01-14
26855,AW00026855,Carla,Fernandez,M,F,2026-01-14
26856,AW00026856,Jessica,Brooks,M,F,2026-01-14
26857,AW00026857,Willie,Anand,M,M,2026-01-14
26858,AW00026858,Samuel,Lopez,M,M,2026-01-14
26859,AW00026859,Darrell,Pal,M,M,2026-01-14
26860,AW00026860,Olivia,Miller,M,F,2026-01-14
26861,AW00026861,Bruce,Gutierrez,S,M,2026-01-14
26862,AW00026862,Tina,Vance,S,F,2026-01-14
26863,AW00026863,Alvin,Chen,S,M,2026-01-14
26864,AW00026864,Christine,Sutton,S,F,2026-01-14
26865,AW00026865,Tabitha,Martinez,M,F,2026-01-14
26866,AW00026866,Jada,Allen,S,F,2026-01-14
26867,AW00026867,Danny,Romero,M,M,2026-01-14
26868,AW00026868,Lydia,Raman,M,F,2026-01-14
26869,AW00026869,Anne,Sims,M,M,2026-01-14
26870,AW00026870,Jill,Gill,M,F,2026-01-14
26871,AW00026871,Justin,Chen,S,M,2026-01-14
26872,AW00026872,Wyatt,Hughes,M,M,2026-01-14
26873,AW00026873,Ann,Suri,S,F,2026-01-14
26874,AW00026874,Jorge,Zhang,S,M,2026-01-14
26875,AW00026875,Bobby,Perez,S,M,2026-01-14
26876,AW00026876,Holly,Lopez,S,F,2026-01-14
26877,AW00026877,Damien,Nara,M,M,2026-01-14
26878,AW00026878,Madeline,Roberts,M,F,2026-01-14
26879,AW00026879,Shannon,Lin,S,F,2026-01-14
26880,AW00026880,Heather,Xu,S,F,2026-01-14
26881,AW00026881,Regina,Fernandez,M,F,2026-01-14
26882,AW00026882,Mayra,Sanchez,S,F,2026-01-14
26883,AW00026883,Shelby,Bradley,S,F,2026-01-14
26884,AW00026884,Paige,James,S,F,2026-01-14
26885,AW00026885,Victor,Martin,S,M,2026-01-14
26886,AW00026886,Jasmine,Robinson,S,F,2026-01-14
26887,AW00026887,Janelle,Rodriguez,M,F,2026-01-14
26888,AW00026888,Bruce,Fernandez,S,M,2026-01-14
26889,AW00026889,Natasha,Torres,S,F,2026-01-14
26890,AW00026890,Bryan,Rogers,M,M,2026-01-14
26891,AW00026891,Arturo,Zhang,M,M,2026-01-14
26892,AW00026892,Cody,Rogers,M,M,2026-01-14
26893,AW00026893,Sharon,Deng,M,F,2026-01-14
26894,AW00026894,Lindsey,Goel,S,F,2026-01-14
26895,AW00026895,Christine,Shan,S,F,2026-01-14
26896,AW00026896,Michele,Malhotra,S,F,2026-01-14
26897,AW00026897,Katrina,Xie,M,F,2026-01-14
26898,AW00026898,Ashley,Simmons,S,F,2026-01-14
26899,AW00026899,Rachael,Vance,M,F,2026-01-14
26900,AW00026900,Rosa,Sun,S,F,2026-01-14
26901,AW00026901,Louis,Nara,M,M,2026-01-14
26902,AW00026902,Clifford,Mehta,M,M,2026-01-14
26903,AW00026903,Rafael,Luo,M,M,2026-01-14
26904,AW00026904,Judith,Parker,S,F,2026-01-14
26905,AW00026905,Kari,Serrano,S,F,2026-01-14
26906,AW00026906,Darrell,Rai,M,M,2026-01-14
26907,AW00026907,Dana,Torres,M,F,2026-01-14
26908,AW00026908,Glenn,Zheng,M,M,2026-01-14
26909,AW00026909,Christine,Nath,S,F,2026-01-14
26910,AW00026910,Kristina,Kovar,S,F,2026-01-14
26911,AW00026911,Kristi,Gomez,S,F,2026-01-14
26912,AW00026912,Denise,Rodriguez,S,F,2026-01-14
26913,AW00026913,Harold,Lopez,M,M,2026-01-14
26914,AW00026914,Cindy,Prasad,S,F,2026-01-14
26915,AW00026915,Peter,Kumar,S,M,2026-01-14
26916,AW00026916,Mackenzie,King,M,F,2026-01-14
26917,AW00026917,Roberto,Dominguez,M,M,2026-01-14
26918,AW00026918,Krista,Hernandez,S,F,2026-01-14
26919,AW00026919,Ramon,He,S,M,2026-01-14
26920,AW00026920,Jon,Chen,M,M,2026-01-14
26921,AW00026921,Cynthia,Weber,M,F,2026-01-14
26922,AW00026922,Trevor,Powell,M,M,2026-01-14
26923,AW00026923,Krystal,Ye,M,F,2026-01-14
26924,AW00026924,Erica,Zeng,S,F,2026-01-14
26925,AW00026925,Dominic,Rana,S,M,2026-01-14
26926,AW00026926,Sergio,Mehta,M,M,2026-01-14
26927,AW00026927,Jill,Dominguez,M,F,2026-01-14
26928,AW00026928,Roger,Nara,S,M,2026-01-14
26929,AW00026929,Maurice,Pal,M,M,2026-01-14
26930,AW00026930,Sharon,Andersen,M,F,2026-01-14
26931,AW00026931,Edward,Lopez,M,M,2026-01-14
26932,AW00026932,Kristina,Raman,S,F,2026-01-14
26933,AW00026933,Jessie,Sanz,M,F,2026-01-14
26934,AW00026934,Kelli,Chander,S,F,2026-01-14
26935,AW00026935,Gabriel,Butler,S,M,2026-01-14
26936,AW00026936,Jaclyn,He,S,F,2026-01-14
26937,AW00026937,Audrey,Navarro,S,F,2026-01-14
26938,AW00026938,Maurice,Shen,M,M,2026-01-14
26939,AW00026939,Craig,Diaz,M,M,2026-01-14
26940,AW00026940,Franklin,Tang,S,M,2026-01-14
26941,AW00026941,Gerald,Vazquez,M,M,2026-01-14
26942,AW00026942,Tanya,Alonso,S,F,2026-01-14
26943,AW00026943,Ashlee,Xie,S,F,2026-01-14
26944,AW00026944,Drew,Nara,S,M,2026-01-14
26945,AW00026945,Katelyn,Hill,S,F,2026-01-14
26946,AW00026946,Andre,Madan,S,M,2026-01-14
26947,AW00026947,Suzanne,Ma,S,F,2026-01-14
26948,AW00026948,Abby,Garcia,S,F,2026-01-14
26949,AW00026949,Lindsey,Chander,S,F,2026-01-14
26950,AW00026950,Dominic,Suri,M,M,2026-01-14
26951,AW00026951,Trisha,Hu,S,F,2026-01-14
26952,AW00026952,Mircea,Singer,M,F,2026-01-14
26953,AW00026953,Roy,Rubio,M,M,2026-01-14
26954,AW00026954,Gerald,Torres,S,M,2026-01-14
26955,AW00026955,Carlos,Cook,M,M,2026-01-14
26956,AW00026956,Kristin,Pal,S,F,2026-01-14
26957,AW00026957,Kristina,Sai,S,F,2026-01-14
26958,AW00026958,Jerry,Xu,M,M,2026-01-14
26959,AW00026959,Alisha,Nara,M,F,2026-01-14
26960,AW00026960,Jose,Thomas,S,M,2026-01-14
26961,AW00026961,Carly,Chander,M,F,2026-01-14
26962,AW00026962,Francis,Moreno,M,M,2026-01-14
26963,AW00026963,Meredith,Arun,S,F,2026-01-14
26964,AW00026964,Kelli,Tang,S,F,2026-01-14
26965,AW00026965,Jordan,Nelson,M,F,2026-01-14
26966,AW00026966,Cedric,Zhang,S,M,2026-01-14
26967,AW00026967,Edwin,Li,S,M,2026-01-14
26968,AW00026968,Henry,Sanchez,M,M,2026-01-14
26969,AW00026969,Cedric,Hu,S,M,2026-01-14
26970,AW00026970,Kara,Rai,S,F,2026-01-14
26971,AW00026971,Douglas,Madan,S,M,2026-01-14
26972,AW00026972,Kristopher,Sara,S,M,2026-01-14
26973,AW00026973,Alberto,Rowe,M,M,2026-01-14
26974,AW00026974,Philip,Suarez,S,M,2026-01-14
26975,AW00026975,Janet,Ward,S,F,2026-01-14
26976,AW00026976,Erik,Serrano,S,M,2026-01-14
26977,AW00026977,Barry,Madan,S,M,2026-01-14
26978,AW00026978,Cassie,Sharma,M,F,2026-01-14
26979,AW00026979,Christy,Jai,M,F,2026-01-14
26980,AW00026980,Marc,Suarez,M,M,2026-01-14
26981,AW00026981,Audrey,Suarez,S,F,2026-01-14
26982,AW00026982,Jose,Muñoz,S,M,2026-01-14
26983,AW00026983,Adriana,Vance,M,F,2026-01-14
26984,AW00026984,Manuel,Prasad,M,M,2026-01-14
26985,AW00026985,Jésus,Diaz,M,M,2026-01-14
26986,AW00026986,Riley,Watson,M,F,2026-01-14
26987,AW00026987,Roy,Lopez,M,M,2026-01-14
26988,AW00026988,Brandy,Srini,M,F,2026-01-14
26989,AW00026989,Mason,Campbell,M,M,2026-01-14
26990,AW00026990,Darren,Patel,M,M,2026-01-14
26991,AW00026991,Rodney,Ortega,M,M,2026-01-14
26992,AW00026992,Brad,Andersen,S,M,2026-01-14
26993,AW00026993,Julio,Gill,S,M,2026-01-14
26994,AW00026994,Erika,Torres,M,F,2026-01-14
26995,AW00026995,Caleb,Washington,M,M,2026-01-14
26996,AW00026996,Natasha,Oliver,S,F,2026-01-14
26997,AW00026997,Katie,Becker,M,F,2026-01-14
26998,AW00026998,Fernando,Perry,M,M,2026-01-14
26999,AW00026999,Samuel,Brown,S,M,2026-01-14
27000,AW00027000,Brandi,Dominguez,S,F,2026-01-14
27001,AW00027001,Carla,Kapoor,M,F,2026-01-14
27002,AW00027002,Kelvin,She,M,M,2026-01-14
27003,AW00027003,Roger,Jai,M,M,2026-01-14
27004,AW00027004,Philip,Moreno,S,M,2026-01-14
27005,AW00027005,Susan,Lin,S,F,2026-01-14
27006,AW00027006,Shane,Madan,S,M,2026-01-14
27007,AW00027007,Joe,Gonzalez,S,M,2026-01-14
27008,AW00027008,Oscar,Blue,S,M,2026-01-14
27009,AW00027009,Erica,Lu,S,F,2026-01-14
27010,AW00027010,Jordyn,Patterson,M,F,2026-01-14
27011,AW00027011,Kevin,Powell,M,M,2026-01-14
27012,AW00027012,Anne,Jiménez,S,F,2026-01-14
27013,AW00027013,Alisha,Yuan,M,F,2026-01-14
27014,AW00027014,Luke,Hughes,M,M,2026-01-14
27015,AW00027015,Jessica,Torres,S,F,2026-01-14
27016,AW00027016,Lauren,Reed,S,F,2026-01-14
27017,AW00027017,Jonathan,Thompson,S,M,2026-01-14
27018,AW00027018,Blake,Price,S,M,2026-01-14
27019,AW00027019,Victoria,Jackson,S,F,2026-01-14
27020,AW00027020,Rachel,Perry,M,F,2026-01-14
27021,AW00027021,Victoria,Peterson,M,F,2026-01-14
27022,AW00027022,Anthony,Johnson,S,M,2026-01-14
27023,AW00027023,Emily,Simmons,S,F,2026-01-14
27024,AW00027024,Austin,Patterson,S,M,2026-01-14
27025,AW00027025,Jasmine,Rivera,S,F,2026-01-14
27026,AW00027026,Jonathan,Perry,S,M,2026-01-14
27027,AW00027027,Jennifer,White,S,F,2026-01-14
27028,AW00027028,Sarah,Robinson,S,F,2026-01-14
27029,AW00027029,Elizabeth,Hughes,S,F,2026-01-14
27030,AW00027030,Jan,Gray,S,F,2026-01-14
27031,AW00027031,Jessica,Garcia,S,F,2026-01-14
27032,AW00027032,Miguel,Garcia,S,M,2026-01-14
27033,AW00027033,Ernest,Harrison,S,M,2026-01-14
27034,AW00027034,Corey,Nara,S,M,2026-01-14
27035,AW00027035,Ana,Long,S,F,2026-01-14
27036,AW00027036,Hunter,Brown,S,M,2026-01-14
27037,AW00027037,Lauren,Rodriguez,M,F,2026-01-14
27038,AW00027038,Eduardo,Reed,M,M,2026-01-14
27039,AW00027039,Jonathan,Lewis,S,M,2026-01-14
27040,AW00027040,Paul,Singh,M,M,2026-01-14
27041,AW00027041,Edward,Smith,S,M,2026-01-14
27042,AW00027042,Noah,Roberts,M,M,2026-01-14
27043,AW00027043,Dalton,Murphy,S,M,2026-01-14
27044,AW00027044,Carol,Long,S,F,2026-01-14
27045,AW00027045,Angel,Brooks,S,M,2026-01-14
27046,AW00027046,Allison,Howard,M,F,2026-01-14
27047,AW00027047,Yolanda,Rai,M,F,2026-01-14
27048,AW00027048,Melanie,Watson,M,F,2026-01-14
27049,AW00027049,Faith,Sanchez,M,F,2026-01-14
27050,AW00027050,Chloe,Turner,S,F,2026-01-14
27051,AW00027051,Charles,Brown,S,M,2026-01-14
27052,AW00027052,Jada,Bailey,S,F,2026-01-14
27053,AW00027053,Steven,Cook,S,M,2026-01-14
27054,AW00027054,Shawn,Sharma,M,M,2026-01-14
27055,AW00027055,Isabella,Sanchez,S,F,2026-01-14
27056,AW00027056,Mackenzie,James,S,F,2026-01-14
27057,AW00027057,Brooke,Morris,S,F,2026-01-14
27058,AW00027058,Nathan,Butler,S,M,2026-01-14
27059,AW00027059,Hunter,Perry,M,M,2026-01-14
27060,AW00027060,Lucas,Coleman,M,M,2026-01-14
27061,AW00027061,Gabrielle,Scott,S,F,2026-01-14
27062,AW00027062,Edward,Harris,S,M,2026-01-14
27063,AW00027063,Taylor,Flores,M,F,2026-01-14
27064,AW00027064,Barbara,Chande,M,F,2026-01-14
27065,AW00027065,Jordan,Wright,M,M,2026-01-14
27066,AW00027066,Cole,Murphy,S,M,2026-01-14
27067,AW00027067,Jennifer,Rodriguez,S,F,2026-01-14
27068,AW00027068,Jade,Kelly,S,F,2026-01-14
27069,AW00027069,Gabriella,Perez,M,F,2026-01-14
27070,AW00027070,Nathan,Davis,M,M,2026-01-14
27071,AW00027071,Anthony,Clark,S,M,2026-01-14
27072,AW00027072,Alex,Baker,M,M,2026-01-14
27073,AW00027073,Sydney,Sanders,M,F,2026-01-14
27074,AW00027074,Kristi,Sanchez,M,F,2026-01-14
27075,AW00027075,Jackson,Chen,M,M,2026-01-14
27076,AW00027076,Dakota,Russell,M,M,2026-01-14
27077,AW00027077,Robert,Henderson,S,M,2026-01-14
27078,AW00027078,Chloe,Scott,M,F,2026-01-14
27079,AW00027079,Natalie,Lewis,M,F,2026-01-14
27080,AW00027080,Nathan,Campbell,M,M,2026-01-14
27081,AW00027081,Jason,Ross,M,M,2026-01-14
27082,AW00027082,Zachary,Taylor,M,M,2026-01-14
27083,AW00027083,Kevin,Perry,M,M,2026-01-14
27084,AW00027084,Fernando,Russell,M,M,2026-01-14
27085,AW00027085,Christian,Wilson,M,M,2026-01-14
27086,AW00027086,Lauren,Howard,M,F,2026-01-14
27087,AW00027087,Justin,Clark,M,M,2026-01-14
27088,AW00027088,Tristan,Patterson,S,M,2026-01-14
27089,AW00027089,Janelle,Garcia,S,F,2026-01-14
27090,AW00027090,Elizabeth,Brown,M,F,2026-01-14
27091,AW00027091,Miguel,Martin,M,M,2026-01-14
27092,AW00027092,Marissa,Ross,S,F,2026-01-14
27093,AW00027093,Alexandra,Martin,S,F,2026-01-14
27094,AW00027094,Sean,Kelly,S,M,2026-01-14
27095,AW00027095,Spencer,Flores,M,M,2026-01-14
27096,AW00027096,Chase,Watson,M,M,2026-01-14
27097,AW00027097,Kaitlyn,Gonzales,M,F,2026-01-14
27098,AW00027098,Sarah,Wilson,M,F,2026-01-14
27099,AW00027099,Zachary,Williams,M,M,2026-01-14
27100,AW00027100,Hunter,Walker,M,M,2026-01-14
27101,AW00027101,Eduardo,Bell,S,M,2026-01-14
27102,AW00027102,Katherine,Miller,S,F,2026-01-14
27103,AW00027103,Chloe,Brooks,S,F,2026-01-14
27104,AW00027104,Randy,Zhu,M,M,2026-01-14
27105,AW00027105,Sean,Perez,S,M,2026-01-14
27106,AW00027106,Jennifer,Allen,S,F,2026-01-14
27107,AW00027107,Alexa,Stewart,M,F,2026-01-14
27108,AW00027108,Rachel,Thompson,S,F,2026-01-14
27109,AW00027109,Mandy,Cai,M,F,2026-01-14
27110,AW00027110,Andrew,Miller,M,M,2026-01-14
27111,AW00027111,Gabriel,Flores,M,M,2026-01-14
27112,AW00027112,Caleb,Foster,S,M,2026-01-14
27113,AW00027113,Ashley,Diaz,M,F,2026-01-14
27114,AW00027114,Alexander,Thompson,M,M,2026-01-14
27115,AW00027115,Kristi,Navarro,M,F,2026-01-14
27116,AW00027116,Regina,Gonzalez,S,F,2026-01-14
27117,AW00027117,Jermaine,Prasad,M,M,2026-01-14
27118,AW00027118,Tina,Kapoor,M,F,2026-01-14
27119,AW00027119,Mayra,Gonzalez,M,F,2026-01-14
27120,AW00027120,Clarence,Kumar,M,M,2026-01-14
27121,AW00027121,Teresa,Rubio,S,F,2026-01-14
27122,AW00027122,Ernest,Liang,S,M,2026-01-14
27123,AW00027123,Jaclyn,Xie,S,F,2026-01-14
27124,AW00027124,Raymond,Kovar,M,M,2026-01-14
27125,AW00027125,Albert,Dominguez,M,M,2026-01-14
27126,AW00027126,Derek,Sharma,S,M,2026-01-14
27127,AW00027127,Misty,Black,S,F,2026-01-14
27128,AW00027128,Heather,Cai,S,F,2026-01-14
27129,AW00027129,Mindy,Tang,S,F,2026-01-14
27130,AW00027130,Eric,Parker,S,M,2026-01-14
27131,AW00027131,Edgar,Madan,S,M,2026-01-14
27132,AW00027132,Eduardo,Gonzalez,S,M,2026-01-14
27133,AW00027133,Phillip,Arun,M,M,2026-01-14
27134,AW00027134,Glenn,Chen,S,M,2026-01-14
27135,AW00027135,David,Martin,S,M,2026-01-14
27136,AW00027136,Isabella,Coleman,M,F,2026-01-14
27137,AW00027137,Cindy,Lopez,S,F,2026-01-14
27138,AW00027138,Veronica,Sara,M,F,2026-01-14
27139,AW00027139,Jon,Liu,S,M,2026-01-14
27140,AW00027140,Roger,Holt,S,M,2026-01-14
27141,AW00027141,Tonya,Anand,M,F,2026-01-14
27142,AW00027142,Lindsay,Andersen,S,F,2026-01-14
27143,AW00027143,Alvin,Deng,S,M,2026-01-14
27144,AW00027144,Franklin,Shen,S,M,2026-01-14
27145,AW00027145,Pamela,Chapman,S,F,2026-01-14
27146,AW00027146,Danny,Hernandez,S,M,2026-01-14
27147,AW00027147,Melvin,Nara,S,M,2026-01-14
27148,AW00027148,Edwin,Zhu,S,M,2026-01-14
27149,AW00027149,Jeffery,She,M,M,2026-01-14
27150,AW00027150,Lacey,Anand,M,F,2026-01-14
27151,AW00027151,Carrie,Moreno,S,F,2026-01-14
27152,AW00027152,Dawn,Wang,S,F,2026-01-14
27153,AW00027153,Gina,Ruiz,S,F,2026-01-14
27154,AW00027154,Holly,Arun,S,F,2026-01-14
27155,AW00027155,Eric,Hall,M,M,2026-01-14
27156,AW00027156,Makayla,Morgan,M,F,2026-01-14
27157,AW00027157,Raul,Xu,M,M,2026-01-14
27158,AW00027158,Lucas,Jones,M,M,2026-01-14
27159,AW00027159,Veronica,Rodriguez,S,F,2026-01-14
27160,AW00027160,Brandi,Vazquez,M,F,2026-01-14
27161,AW00027161,Reginald,Gill,S,M,2026-01-14
27162,AW00027162,Phillip,Madan,M,M,2026-01-14
27163,AW00027163,Wayne,Luo,S,M,2026-01-14
27164,AW00027164,Micheal,Carlson,S,M,2026-01-14
27165,AW00027165,Bruce,Patel,S,M,2026-01-14
27166,AW00027166,Trisha,Ye,S,F,2026-01-14
27167,AW00027167,Tanya,Vazquez,M,F,2026-01-14
27168,AW00027168,Donald,Madan,M,M,2026-01-14
27169,AW00027169,Louis,Xu,S,M,2026-01-14
27170,AW00027170,Douglas,Sara,M,M,2026-01-14
27171,AW00027171,Kristi,Gill,S,F,2026-01-14
27172,AW00027172,Jessie,Navarro,S,F,2026-01-14
27173,AW00027173,Suzanne,Ye,M,F,2026-01-14
27174,AW00027174,Fernando,Bennett,S,M,2026-01-14
27175,AW00027175,Marshall,Raji,S,M,2026-01-14
27176,AW00027176,Erik,Martin,M,M,2026-01-14
27177,AW00027177,Henry,Arun,M,M,2026-01-14
27178,AW00027178,Terrance,Mehta,S,M,2026-01-14
27179,AW00027179,Jamie,Rubio,S,M,2026-01-14
27180,AW00027180,Joe,Diaz,S,M,2026-01-14
27181,AW00027181,Rafael,Deng,S,M,2026-01-14
27182,AW00027182,Jarrod,Srini,M,M,2026-01-14
27183,AW00027183,Geoffrey,Garcia,S,M,2026-01-14
27184,AW00027184,Donald,Subram,S,M,2026-01-14
27185,AW00027185,Haley,Nelson,S,F,2026-01-14
27186,AW00027186,Lindsay,Shan,S,F,2026-01-14
27187,AW00027187,Lucas,Diaz,M,M,2026-01-14
27188,AW00027188,Claudia,She,S,F,2026-01-14
27189,AW00027189,Elizabeth,Diaz,M,F,2026-01-14
27190,AW00027190,Shelby,Reed,M,F,2026-01-14
27191,AW00027191,David,Brown,S,M,2026-01-14
27192,AW00027192,Angelica,Gonzales,S,F,2026-01-14
27193,AW00027193,Daniel,Miller,S,M,2026-01-14
27194,AW00027194,Chase,Cooper,M,M,2026-01-14
27195,AW00027195,Robert,Perez,M,M,2026-01-14
27196,AW00027196,Lauren,Robinson,S,F,2026-01-14
27197,AW00027197,Isaiah,Bell,M,M,2026-01-14
27198,AW00027198,Jocelyn,Flores,S,F,2026-01-14
27199,AW00027199,Jesse,Wright,M,M,2026-01-14
27200,AW00027200,Anna,Thompson,S,F,2026-01-14
27201,AW00027201,Jose,Taylor,M,M,2026-01-14
27202,AW00027202,James,Hall,S,M,2026-01-14
27203,AW00027203,Jennifer,Sanchez,S,F,2026-01-14
27204,AW00027204,Devin,Hall,S,M,2026-01-14
27205,AW00027205,Erin,Murphy,M,F,2026-01-14
27206,AW00027206,Marcus,Mitchell,M,M,2026-01-14
27207,AW00027207,Taylor,Morris,S,F,2026-01-14
27208,AW00027208,David,Chen,S,M,2026-01-14
27209,AW00027209,Erick,Rodriguez,S,M,2026-01-14
27210,AW00027210,Hunter,Flores,S,M,2026-01-14
27211,AW00027211,Isaiah,Roberts,M,M,2026-01-14
27212,AW00027212,Sophia,Roberts,M,F,2026-01-14
27213,AW00027213,Julia,Lewis,S,F,2026-01-14
27214,AW00027214,Bianca,Zimmerman,M,F,2026-01-14
27215,AW00027215,Samantha,Hughes,S,F,2026-01-14
27216,AW00027216,Ana,Diaz,M,F,2026-01-14
27217,AW00027217,Julia,Walker,S,F,2026-01-14
27218,AW00027218,Bailey,Allen,M,F,2026-01-14
27219,AW00027219,Benjamin,Yang,S,M,2026-01-14
27220,AW00027220,Jackson,Long,S,M,2026-01-14
27221,AW00027221,Matthew,Jones,S,M,2026-01-14
27222,AW00027222,Virginia,Sai,M,F,2026-01-14
27223,AW00027223,Jeremy,Wright,M,M,2026-01-14
27224,AW00027224,Jessica,Griffin,M,F,2026-01-14
27225,AW00027225,Isaac,Murphy,M,M,2026-01-14
27226,AW00027226,Christian,Wang,M,M,2026-01-14
27227,AW00027227,Emily,Bryant,S,F,2026-01-14
27228,AW00027228,Amanda,Young,M,F,2026-01-14
27229,AW00027229,Zachary,Zhang,M,M,2026-01-14
27230,AW00027230,Hunter,Wilson,S,M,2026-01-14
27231,AW00027231,Tyrone,Ramos,S,M,2026-01-14
27232,AW00027232,Ram,Thirunavukkarasu,S,M,2026-01-14
27233,AW00027233,Seth,Ward,S,M,2026-01-14
27234,AW00027234,Gabriel,Jenkins,S,M,2026-01-14
27235,AW00027235,Robert,Li,S,M,2026-01-14
27236,AW00027236,Nicole,Alexander,S,F,2026-01-14
27237,AW00027237,Jasmine,Ramirez,M,F,2026-01-14
27238,AW00027238,Jesse,Hernandez,S,M,2026-01-14
27239,AW00027239,Noah,Simmons,S,M,2026-01-14
27240,AW00027240,Dalton,Cooper,S,M,2026-01-14
27241,AW00027241,Oscar,Butler,M,M,2026-01-14
27242,AW00027242,Hunter,Diaz,M,M,2026-01-14
27243,AW00027243,Mariah,Bailey,S,F,2026-01-14
27244,AW00027244,Arianna,Kelly,M,F,2026-01-14
27245,AW00027245,Lauren,Jones,M,F,2026-01-14
27246,AW00027246,Aaron,Hall,M,M,2026-01-14
27247,AW00027247,Blake,Hughes,M,M,2026-01-14
27248,AW00027248,Kayla,Taylor,M,F,2026-01-14
27249,AW00027249,Emma,Cox,M,F,2026-01-14
27250,AW00027250,Virginia,Vance,M,F,2026-01-14
27251,AW00027251,Jessica,Flores,M,F,2026-01-14
27252,AW00027252,Andrea,Stewart,M,F,2026-01-14
27253,AW00027253,Connor,Jai,M,M,2026-01-14
27254,AW00027254,Theodore,Jimenez,M,M,2026-01-14
27255,AW00027255,Xavier,Rivera,M,M,2026-01-14
27256,AW00027256,Caleb,Lopez,M,M,2026-01-14
27257,AW00027257,Rebekah,Sara,S,F,2026-01-14
27258,AW00027258,Christian,Flores,S,M,2026-01-14
27259,AW00027259,Angela,Diaz,M,F,2026-01-14
27260,AW00027260,Candice,Ma,M,F,2026-01-14
27261,AW00027261,Omar,Chande,M,M,2026-01-14
27262,AW00027262,Courtney,Hill,M,F,2026-01-14
27263,AW00027263,Aaron,Kumar,M,M,2026-01-14
27264,AW00027264,Jacob,Clark,S,M,2026-01-14
27265,AW00027265,Isabella,Thomas,S,F,2026-01-14
27266,AW00027266,Riley,Gonzales,S,F,2026-01-14
27267,AW00027267,Emily,Davis,S,F,2026-01-14
27268,AW00027268,Latasha,Serrano,S,F,2026-01-14
27269,AW00027269,Victoria,Lee,S,F,2026-01-14
27270,AW00027270,Connor,Collins,M,M,2026-01-14
27271,AW00027271,Anna,Reed,M,F,2026-01-14
27272,AW00027272,Elijah,Chen,M,M,2026-01-14
27273,AW00027273,Marcus,Miller,S,M,2026-01-14
27274,AW00027274,Marcus,Morris,S,M,2026-01-14
27275,AW00027275,Aidan,Powell,M,M,2026-01-14
27276,AW00027276,Faith,Alexander,S,F,2026-01-14
27277,AW00027277,Jeremy,Wood,M,M,2026-01-14
27278,AW00027278,Brian,Cook,M,M,2026-01-14
27279,AW00027279,Katelyn,Brooks,S,F,2026-01-14
27280,AW00027280,Naomi,Gutierrez,M,F,2026-01-14
27281,AW00027281,Jenny,Nath,S,F,2026-01-14
27282,AW00027282,Barry,Perez,M,M,2026-01-14
27283,AW00027283,Jamie,Hernandez,S,M,2026-01-14
27284,AW00027284,Danielle,Bailey,M,F,2026-01-14
27285,AW00027285,Zachary,Jones,S,M,2026-01-14
27286,AW00027286,Shawn,Pal,S,M,2026-01-14
27287,AW00027287,Samuel,Perez,M,M,2026-01-14
27288,AW00027288,Destiny,Richardson,S,F,2026-01-14
27289,AW00027289,Anna,Long,S,F,2026-01-14
27290,AW00027290,Marcus,Evans,M,M,2026-01-14
27291,AW00027291,Bobby,Mehta,S,M,2026-01-14
27292,AW00027292,Julia,Evans,S,F,2026-01-14
27293,AW00027293,Kaitlyn,Jackson,M,F,2026-01-14
27294,AW00027294,Ana,Bradley,S,F,2026-01-14
27295,AW00027295,Wyatt,Taylor,S,M,2026-01-14
27296,AW00027296,Rodrigo,Ready,S,M,2026-01-14
27297,AW00027297,Ashley,Coleman,S,F,2026-01-14
27298,AW00027298,Jennifer,Coleman,S,F,2026-01-14
27299,AW00027299,Micheal,Gutierrez,M,M,2026-01-14
27300,AW00027300,Robert,Baker,M,M,2026-01-14
27301,AW00027301,Clarence,Zhou,M,M,2026-01-14
27302,AW00027302,Charles,Smith,M,M,2026-01-14
27303,AW00027303,Arturo,Yang,M,M,2026-01-14
27304,AW00027304,Alexandra,Robinson,S,F,2026-01-14
27305,AW00027305,Terry,Nara,M,M,2026-01-14
27306,AW00027306,Tony,Black,S,M,2026-01-14
27307,AW00027307,Andre,Prasad,M,M,2026-01-14
27308,AW00027308,Marie,Rana,S,F,2026-01-14
27309,AW00027309,Tony,Deng,M,M,2026-01-14
27310,AW00027310,Isabella,Hill,M,F,2026-01-14
27311,AW00027311,Jenna,Adams,M,F,2026-01-14
27312,AW00027312,Sandra,Sun,S,F,2026-01-14
27313,AW00027313,Diane,Moreno,M,F,2026-01-14
27314,AW00027314,Jarrod,Arthur,S,M,2026-01-14
27315,AW00027315,James,Mitchell,M,M,2026-01-14
27316,AW00027316,Jarrod,Malhotra,M,M,2026-01-14
27317,AW00027317,Raymond,Lopez,M,M,2026-01-14
27318,AW00027318,James,Bryant,M,M,2026-01-14
27319,AW00027319,Ian,Bryant,M,M,2026-01-14
27320,AW00027320,Jose,Green,M,M,2026-01-14
27321,AW00027321,Dylan,Zhang,M,M,2026-01-14
27322,AW00027322,Derrick,Bradley,S,M,2026-01-14
27323,AW00027323,Michele,Shan,S,F,2026-01-14
27324,AW00027324,Candice,Xu,S,F,2026-01-14
27325,AW00027325,Todd,Liang,M,M,2026-01-14
27326,AW00027326,Ashlee,Goel,S,F,2026-01-14
27327,AW00027327,Melody,Nicholls,S,F,2026-01-14
27328,AW00027328,Edgar,Srini,S,M,2026-01-14
27329,AW00027329,Gloria,Vazquez,M,F,2026-01-14
27330,AW00027330,Brendan,Nara,M,M,2026-01-14
27331,AW00027331,Julia,Richardson,M,F,2026-01-14
27332,AW00027332,Tony,Raji,M,M,2026-01-14
27333,AW00027333,Kathryn,Luo,M,F,2026-01-14
27334,AW00027334,Corey,Yuan,S,M,2026-01-14
27335,AW00027335,Ricardo,Raji,M,M,2026-01-14
27336,AW00027336,George,Suri,S,M,2026-01-14
27337,AW00027337,Julia,Hall,M,F,2026-01-14
27338,AW00027338,Virginia,Lopez,M,F,2026-01-14
27339,AW00027339,Ann,Sai,S,F,2026-01-14
27340,AW00027340,Francis,Carlson,S,M,2026-01-14
27341,AW00027341,Kari,Sanz,S,F,2026-01-14
27342,AW00027342,Henry,Rana,M,M,2026-01-14
27343,AW00027343,Dale,Nath,S,M,2026-01-14
27344,AW00027344,Hector,Sanz,S,M,2026-01-14
27345,AW00027345,Darrell,Shan,S,M,2026-01-14
27346,AW00027346,Leslie,Dominguez,S,F,2026-01-14
27347,AW00027347,Jeffery,Lin,M,M,2026-01-14
27348,AW00027348,Clayton,Zhou,M,M,2026-01-14
27349,AW00027349,Sheila,Diaz,M,F,2026-01-14
27350,AW00027350,Arthur,Subram,S,M,2026-01-14
27351,AW00027351,Jenny,Liang,M,F,2026-01-14
27352,AW00027352,Douglas,Subram,S,M,2026-01-14
27353,AW00027353,Gilbert,Andersen,S,M,2026-01-14
27354,AW00027354,Deanna,Patel,S,F,2026-01-14
27355,AW00027355,Nelson,Suarez,M,M,2026-01-14
27356,AW00027356,Mayra,Lopez,M,F,2026-01-14
27357,AW00027357,Victor,Gutierrez,M,M,2026-01-14
27358,AW00027358,Devon,Shen,M,M,2026-01-14
27359,AW00027359,Morgan,Davis,S,F,2026-01-14
27360,AW00027360,Kurt,Kumar,M,M,2026-01-14
27361,AW00027361,Valerie,Yang,S,F,2026-01-14
27362,AW00027362,Alex,Cooper,S,M,2026-01-14
27363,AW00027363,Tara,Jai,M,F,2026-01-14
27364,AW00027364,Cedric,Li,S,M,2026-01-14
27365,AW00027365,Jimmy,Jimenez,S,M,2026-01-14
27366,AW00027366,Bob,Alan,S,M,2026-01-14
27367,AW00027367,Sydney,Adams,S,F,2026-01-14
27368,AW00027368,Brandy,Gonzalez,M,F,2026-01-14
27369,AW00027369,Pamela,Raman,M,F,2026-01-14
27370,AW00027370,Stephanie,Bell,S,F,2026-01-14
27371,AW00027371,Carolyn,Srini,S,F,2026-01-14
27372,AW00027372,Andre,Sai,S,M,2026-01-14
27373,AW00027373,Eduardo,Rivera,S,M,2026-01-14
27374,AW00027374,Robert,Phillips,S,M,2026-01-14
27375,AW00027375,Nicole,Wilson,M,F,2026-01-14
27376,AW00027376,Courtney,Gonzalez,S,F,2026-01-14
27377,AW00027377,Melanie,Alexander,S,F,2026-01-14
27378,AW00027378,Samantha,Lee,M,F,2026-01-14
27379,AW00027379,Isabel,Ross,S,F,2026-01-14
27380,AW00027380,Eric,Green,S,M,2026-01-14
27381,AW00027381,Miguel,Sanz,S,F,2026-01-14
27382,AW00027382,Kaitlin,Chapman,S,F,2026-01-14
27383,AW00027383,Jay,Hernandez,S,M,2026-01-14
27384,AW00027384,Eric,Patterson,M,M,2026-01-14
27385,AW00027385,Jonathon,Ramos,M,M,2026-01-14
27386,AW00027386,James,Garcia,M,M,2026-01-14
27387,AW00027387,Noah,Washington,S,M,2026-01-14
27388,AW00027388,Xavier,Cox,M,M,2026-01-14
27389,AW00027389,Lucas,Henderson,S,M,2026-01-14
27390,AW00027390,Leah,Zeng,S,F,2026-01-14
27391,AW00027391,Logan,Young,S,M,2026-01-14
27392,AW00027392,Felicia,Romero,M,F,2026-01-14
27393,AW00027393,Sierra,Hernandez,M,F,2026-01-14
27394,AW00027394,Kyle,Alexander,S,M,2026-01-14
27395,AW00027395,Jenny,Lu,S,F,2026-01-14
27396,AW00027396,Adrian,Cook,S,M,2026-01-14
27397,AW00027397,Alex,James,S,M,2026-01-14
27398,AW00027398,Alexis,Lee,S,F,2026-01-14
27399,AW00027399,Thomas,Parker,S,M,2026-01-14
27400,AW00027400,Miguel,Coleman,M,M,2026-01-14
27401,AW00027401,Micah,He,M,M,2026-01-14
27402,AW00027402,Adam,Nelson,S,M,2026-01-14
27403,AW00027403,Dylan,Coleman,S,M,2026-01-14
27404,AW00027404,Maria,Mitchell,M,F,2026-01-14
27405,AW00027405,Jackson,Shan,M,M,2026-01-14
27406,AW00027406,Richard,Sanchez,S,M,2026-01-14
27407,AW00027407,Faith,Griffin,S,F,2026-01-14
27408,AW00027408,Tabitha,Sanchez,M,F,2026-01-14
27409,AW00027409,Preston,Smith,M,M,2026-01-14
27410,AW00027410,Brianna,Patterson,S,F,2026-01-14
27411,AW00027411,Mason,Bendixen,S,M,2026-01-14
27412,AW00027412,Miguel,Price,S,M,2026-01-14
27413,AW00027413,Kaitlyn,Reed,M,F,2026-01-14
27414,AW00027414,Julia,Young,M,F,2026-01-14
27415,AW00027415,Trevor,Butler,M,M,2026-01-14
27416,AW00027416,Jeremiah,Morris,S,M,2026-01-14
27417,AW00027417,Edwin,She,M,M,2026-01-14
27418,AW00027418,Mya,Coleman,S,F,2026-01-14
27419,AW00027419,Rebekah,Mehta,S,F,2026-01-14
27420,AW00027420,Samuel,Turner,S,M,2026-01-14
27421,AW00027421,Mindy,Chander,S,F,2026-01-14
27422,AW00027422,Evan,Gonzalez,M,M,2026-01-14
27423,AW00027423,Dakota,Butler,S,M,2026-01-14
27424,AW00027424,Luis,Mitchell,S,M,2026-01-14
27425,AW00027425,Steven,Morris,S,M,2026-01-14
27426,AW00027426,Evan,Stewart,S,M,2026-01-14
27427,AW00027427,Mason,Young,S,M,2026-01-14
27428,AW00027428,Paige,Foster,S,F,2026-01-14
27429,AW00027429,Stephanie,Ward,S,F,2026-01-14
27430,AW00027430,Stephanie,Young,M,F,2026-01-14
27431,AW00027431,Ethan,Jenkins,S,M,2026-01-14
27432,AW00027432,Craig,Ruiz,S,M,2026-01-14
27433,AW00027433,Barry,Garcia,S,M,2026-01-14
27434,AW00027434,David,Patterson,S,M,2026-01-14
27435,AW00027435,Alexandra,Johnson,M,F,2026-01-14
27436,AW00027436,Carmen,Mehta,S,F,2026-01-14
27437,AW00027437,Gabriella,Reed,S,F,2026-01-14
27438,AW00027438,Alejandro,Shan,M,M,2026-01-14
27439,AW00027439,Chase,Ramirez,S,M,2026-01-14
27440,AW00027440,Trinity,Howard,S,F,2026-01-14
27441,AW00027441,Jose,Ross,M,M,2026-01-14
27442,AW00027442,Janelle,Raman,M,F,2026-01-14
27443,AW00027443,Jessica,Jackson,S,F,2026-01-14
27444,AW00027444,Kayla,Martinez,M,F,2026-01-14
27445,AW00027445,Shaun,Tang,M,M,2026-01-14
27446,AW00027446,Tyler,Jones,S,M,2026-01-14
27447,AW00027447,Miranda,Hayes,M,F,2026-01-14
27448,AW00027448,Marc,Romero,S,M,2026-01-14
27449,AW00027449,Bryan,Cox,S,M,2026-01-14
27450,AW00027450,Abigail,Ross,M,F,2026-01-14
27451,AW00027451,Thomas,Washington,S,M,2026-01-14
27452,AW00027452,Evan,Watson,S,M,2026-01-14
27453,AW00027453,Carson,Henderson,S,M,2026-01-14
27454,AW00027454,Benjamin,Wang,M,M,2026-01-14
27455,AW00027455,Brianna,Jenkins,S,F,2026-01-14
27456,AW00027456,Jackson,Hughes,M,M,2026-01-14
27457,AW00027457,Elizabeth,Walker,S,F,2026-01-14
27458,AW00027458,Roger,Liang,M,M,2026-01-14
27459,AW00027459,Kevin,Kumar,M,M,2026-01-14
27460,AW00027460,Grant,Goel,S,M,2026-01-14
27461,AW00027461,Arianna,Coleman,S,F,2026-01-14
27462,AW00027462,Xavier,Rodriguez,S,M,2026-01-14
27463,AW00027463,Rachel,Morgan,S,F,2026-01-14
27464,AW00027464,Jacquelyn,Torres,M,F,2026-01-14
27465,AW00027465,Seth,Garcia,S,M,2026-01-14
27466,AW00027466,Abigail,Murphy,S,F,2026-01-14
27467,AW00027467,Jackson,Coleman,M,M,2026-01-14
27468,AW00027468,Robert,Powell,M,M,2026-01-14
27469,AW00027469,Anne,Gill,S,F,2026-01-14
27470,AW00027470,Raquel,Dominguez,M,F,2026-01-14
27471,AW00027471,Susan,Gao,S,F,2026-01-14
27472,AW00027472,Mindy,Chande,S,F,2026-01-14
27473,AW00027473,Gabriel,Lal,S,M,2026-01-14
27474,AW00027474,Alexandria,Hayes,S,F,2026-01-14
27475,AW00027475,Alexa,Bailey,S,F,2026-01-14
27476,AW00027476,Alexis,Alexander,S,F,2026-01-14
27477,AW00027477,Hunter,Wright,S,M,2026-01-14
27478,AW00027478,Sheila,Alvarez,M,F,2026-01-14
27479,AW00027479,Kaitlyn,Sanders,S,F,2026-01-14
27480,AW00027480,Chloe,Parker,S,F,2026-01-14
27481,AW00027481,Oscar,Gonzales,S,M,2026-01-14
27482,AW00027482,Gary,Diaz,M,M,2026-01-14
27483,AW00027483,Thomas,Shan,M,M,2026-01-14
27484,AW00027484,Kristen,Zhang,S,F,2026-01-14
27485,AW00027485,Nina,Tang,S,F,2026-01-14
27486,AW00027486,Mathew,Gill,S,M,2026-01-14
27487,AW00027487,Cedric,Guo,M,M,2026-01-14
27488,AW00027488,Sheila,Munoz,M,F,2026-01-14
27489,AW00027489,Haley,Hall,S,F,2026-01-14
27490,AW00027490,Natasha,Martin,S,F,2026-01-14
27491,AW00027491,Maurice,Luo,M,M,2026-01-14
27492,AW00027492,Clayton,Lin,M,M,2026-01-14
27493,AW00027493,Barbara,Zheng,M,F,2026-01-14
27494,AW00027494,Virginia,Perez,S,F,2026-01-14
27495,AW00027495,Nina,Luo,S,F,2026-01-14
27496,AW00027496,Stanley,Suri,S,M,2026-01-14
27497,AW00027497,Johnathan,Rana,S,M,2026-01-14
27498,AW00027498,Marie,Ruiz,S,F,2026-01-14
27499,AW00027499,Barbara,Kumar,M,F,2026-01-14
27500,AW00027500,Luis,Hill,S,M,2026-01-14
27501,AW00027501,Darren,Alonso,M,M,2026-01-14
27502,AW00027502,Tyler,Thompson,S,M,2026-01-14
27503,AW00027503,Warren,Shen,S,M,2026-01-14
27504,AW00027504,Rebecca,Lopez,S,F,2026-01-14
27505,AW00027505,Bonnie,Skelly,S,F,2026-01-14
27506,AW00027506,Carla,Srini,M,F,2026-01-14
27507,AW00027507,Valerie,Li,M,F,2026-01-14
27508,AW00027508,James,Edwards,S,M,2026-01-14
27509,AW00027509,Zachary,Johnson,S,M,2026-01-14
27510,AW00027510,Cole,Bailey,S,M,2026-01-14
27511,AW00027511,Bethany,Goel,S,F,2026-01-14
27512,AW00027512,Joe,Lopez,S,M,2026-01-14
27513,AW00027513,Cara,Zheng,S,F,2026-01-14
27514,AW00027514,Daisy,Navarro,S,F,2026-01-14
27515,AW00027515,Keith,Becker,S,M,2026-01-14
27516,AW00027516,Charles,Murphy,S,M,2026-01-14
27517,AW00027517,Jessie,Xu,M,M,2026-01-14
27518,AW00027518,Stefanie,Perez,M,F,2026-01-14
27519,AW00027519,Alejandro,Li,S,M,2026-01-14
27520,AW00027520,Francis,Navarro,S,M,2026-01-14
27521,AW00027521,Gabriel,Foster,S,M,2026-01-14
27522,AW00027522,Madeline,Carter,M,F,2026-01-14
27523,AW00027523,Kayla,Martin,S,F,2026-01-14
27524,AW00027524,Denise,Suri,S,F,2026-01-14
27525,AW00027525,Ariana,Sanders,M,F,2026-01-14
27526,AW00027526,Ramon,Ma,M,M,2026-01-14
27527,AW00027527,Tina,Sanchez,S,F,2026-01-14
27528,AW00027528,Jade,Stewart,M,F,2026-01-14
27529,AW00027529,Rachel,White,M,F,2026-01-14
27530,AW00027530,Maria,Ross,M,F,2026-01-14
27531,AW00027531,Abigail,Bailey,S,F,2026-01-14
27532,AW00027532,Kaitlyn,Flores,S,F,2026-01-14
27533,AW00027533,Allison,Perez,M,F,2026-01-14
27534,AW00027534,Candace,Chapman,S,F,2026-01-14
27535,AW00027535,Ian,Cook,S,M,2026-01-14
27536,AW00027536,Victoria,Wilson,M,F,2026-01-14
27537,AW00027537,Amanda,Bryant,M,F,2026-01-14
27538,AW00027538,José,Jackson,M,M,2026-01-14
27539,AW00027539,Samuel,Winston,S,M,2026-01-14
27540,AW00027540,Jacqueline,Butler,S,F,2026-01-14
27541,AW00027541,Samantha,Martin,S,F,2026-01-14
27542,AW00027542,Jessica,Rivera,M,F,2026-01-14
27543,AW00027543,Katherine,Griffin,M,F,2026-01-14
27544,AW00027544,Marissa,Hayes,M,F,2026-01-14
27545,AW00027545,Lucas,Garcia,M,M,2026-01-14
27546,AW00027546,Jackson,Ross,S,M,2026-01-14
27547,AW00027547,Kevin,Hill,M,M,2026-01-14
27548,AW00027548,Mason,Green,M,M,2026-01-14
27549,AW00027549,Hunter,Johnson,M,M,2026-01-14
27550,AW00027550,Marcus,Blue,S,M,2026-01-14
27551,AW00027551,Antonio,Long,M,M,2026-01-14
27552,AW00027552,Shannon,Guo,S,F,2026-01-14
27553,AW00027553,Julia,Sanders,S,F,2026-01-14
27554,AW00027554,Jordyn,West,M,F,2026-01-14
27555,AW00027555,Isabella,Alexander,M,F,2026-01-14
27556,AW00027556,Amanda,Cox,M,F,2026-01-14
27557,AW00027557,Richard,Thomas,M,M,2026-01-14
27558,AW00027558,Caleb,Kumar,M,M,2026-01-14
27559,AW00027559,Emily,Rodriguez,M,F,2026-01-14
27560,AW00027560,Grace,Patterson,M,F,2026-01-14
27561,AW00027561,Kimberly,Brooks,S,F,2026-01-14
27562,AW00027562,Haley,Bailey,M,F,2026-01-14
27563,AW00027563,Devin,Bennett,M,M,2026-01-14
27564,AW00027564,Kevin,Lal,S,M,2026-01-14
27565,AW00027565,Kayla,Wood,M,F,2026-01-14
27566,AW00027566,Tristan,Long,M,M,2026-01-14
27567,AW00027567,Miranda,Foster,M,F,2026-01-14
27568,AW00027568,Miguel,Evans,S,M,2026-01-14
27569,AW00027569,Jocelyn,Wood,S,F,2026-01-14
27570,AW00027570,Natasha,Navarro,S,F,2026-01-14
27571,AW00027571,Shannon,Gao,M,F,2026-01-14
27572,AW00027572,Isaiah,Carter,M,M,2026-01-14
27573,AW00027573,Hunter,Lal,M,M,2026-01-14
27574,AW00027574,Madeline,Hill,M,F,2026-01-14
27575,AW00027575,Emma,Wilson,S,F,2026-01-14
27576,AW00027576,Caroline,Gonzales,M,F,2026-01-14
27577,AW00027577,Patrick,Cook,S,M,2026-01-14
27578,AW00027578,Courtney,Carter,M,F,2026-01-14
27579,AW00027579,Bruce,Suarez,M,M,2026-01-14
27580,AW00027580,Krista,Blanco,M,F,2026-01-14
27581,AW00027581,Phillip,Kapoor,M,M,2026-01-14
27582,AW00027582,Latoya,Nath,S,F,2026-01-14
27583,AW00027583,Calvin,Xu,M,M,2026-01-14
27584,AW00027584,Tina,Malhotra,S,F,2026-01-14
27585,AW00027585,Candace,Subram,M,F,2026-01-14
27586,AW00027586,Jenny,She,M,F,2026-01-14
27587,AW00027587,Cara,Li,S,F,2026-01-14
27588,AW00027588,Virginia,Chandra,S,F,2026-01-14
27589,AW00027589,Derek,Yuan,S,M,2026-01-14
27590,AW00027590,Dominic,Lopez,M,M,2026-01-14
27591,AW00027591,Gerald,Serrano,M,M,2026-01-14
27592,AW00027592,Hector,Ruiz,S,M,2026-01-14
27593,AW00027593,Jorge,Lin,M,M,2026-01-14
27594,AW00027594,Nicolas,Andersen,S,M,2026-01-14
27595,AW00027595,Jamie,Wu,M,F,2026-01-14
27596,AW00027596,Edgar,Raman,M,M,2026-01-14
27597,AW00027597,Carl,Jai,S,M,2026-01-14
27598,AW00027598,Marco,Gonzalez,S,M,2026-01-14
27599,AW00027599,Cory,Subram,M,M,2026-01-14
27600,AW00027600,Destiny,Sanchez,S,F,2026-01-14
27601,AW00027601,Sydney,Rogers,S,F,2026-01-14
27602,AW00027602,Wyatt,Campbell,S,M,2026-01-14
27603,AW00027603,Mya,Barnes,M,F,2026-01-14
27604,AW00027604,Richard,Brooks,M,M,2026-01-14
27605,AW00027605,Miguel,Martinez,M,M,2026-01-14
27606,AW00027606,Courtney,Edwards,S,F,2026-01-14
27607,AW00027607,Joshua,Martin,M,M,2026-01-14
27608,AW00027608,Hector,Hernandez,M,M,2026-01-14
27609,AW00027609,Audrey,Alonso,M,F,2026-01-14
27610,AW00027610,Jeremy,Washington,S,M,2026-01-15
27611,AW00027611,Jack,Edwards,M,M,2026-01-16
27612,AW00027612,Lucas,Hill,M,M,2026-01-17
27613,AW00027613,Alexia,Washington,S,F,2026-01-18
27614,AW00027614,Warren,Ye,M,M,2026-01-19
27615,AW00027615,Maria,Henderson,M,F,2026-01-20
27616,AW00027616,Emma,Brown,S,F,2026-01-21
27617,AW00027617,Morgan,Phillips,S,F,2026-01-22
27618,AW00027618,Melanie,Diaz,M,F,2026-01-23
27619,AW00027619,Joseph,Lee,S,M,2026-01-24
27620,AW00027620,Nicole,Hughes,S,F,2026-01-25
27621,AW00027621,Edward,Brown,S,M,2026-01-25
27622,AW00027622,Lucas,Wilson,M,M,2026-01-25
27623,AW00027623,Christian,Jackson,S,M,2026-01-25
27624,AW00027624,Connor,Russell,M,M,2026-01-25
27625,AW00027625,Alexandria,Hughes,S,F,2026-01-25
27626,AW00027626,Connor,Hayes,S,M,2026-01-25
27627,AW00027627,Jason,Yang,S,M,2026-01-25
27628,AW00027628,Jasmine,Hughes,S,F,2026-01-25
27629,AW00027629,Jose,Bryant,M,M,2026-01-25
27630,AW00027630,Xavier,Coleman,S,M,2026-01-25
27631,AW00027631,Gabriella,Phillips,S,F,2026-01-25
27632,AW00027632,Sheila,Ortega,M,F,2026-01-25
27633,AW00027633,Richard,Russell,M,M,2026-01-25
27634,AW00027634,Jacqueline,Cooper,S,F,2026-01-25
27635,AW00027635,Grace,Perry,M,F,2026-01-25
27636,AW00027636,Paige,Murphy,M,F,2026-01-25
27637,AW00027637,Gabrielle,Cook,S,F,2026-01-25
27638,AW00027638,Marcus,Brooks,S,M,2026-01-25
27639,AW00027639,Emma,Price,S,F,2026-01-25
27640,AW00027640,Lauren,Thomas,S,F,2026-01-25
27641,AW00027641,Miranda,Alexander,S,F,2026-01-25
27642,AW00027642,Kayla,Johnson,S,F,2026-01-25
27643,AW00027643,Austin,Henderson,S,M,2026-01-25
27644,AW00027644,Alexandria,Sanchez,M,F,2026-01-25
27645,AW00027645,Colin,Anand,M,M,2026-01-25
27646,AW00027646,Jackson,Li,S,M,2026-01-25
27647,AW00027647,Daniel,Moore,M,M,2026-01-25
27648,AW00027648,Chase,Rogers,S,M,2026-01-25
27649,AW00027649,Evan,Bailey,M,M,2026-01-25
27650,AW00027650,Richard,Griffin,M,M,2026-01-25
27651,AW00027651,Jeremy,Murphy,M,M,2026-01-25
27652,AW00027652,Miguel,Foster,M,M,2026-01-25
27653,AW00027653,Kellie,Rubio,M,F,2026-01-25
27654,AW00027654,Carrie,Diaz,M,F,2026-01-25
27655,AW00027655,Melinda,Alvarez,S,F,2026-01-25
27656,AW00027656,Gabriel,Bryant,S,M,2026-01-25
27657,AW00027657,Frederick,Chandra,M,M,2026-01-25
27658,AW00027658,Cole,Gray,S,M,2026-01-25
27659,AW00027659,Jesse,Lopez,M,M,2026-01-25
27660,AW00027660,Gerald,Carlson,M,M,2026-01-25
27661,AW00027661,Christopher,Martinez,M,M,2026-01-25
27662,AW00027662,Bianca,Zheng,S,F,2026-01-25
27663,AW00027663,Aaron,Collins,S,M,2026-01-25
27664,AW00027664,Luis,Roberts,M,M,2026-01-25
27665,AW00027665,Miguel,Patterson,S,M,2026-01-25
27666,AW00027666,Alyssa,Garcia,M,F,2026-01-25
27667,AW00027667,Jessica,Sanchez,M,F,2026-01-25
27668,AW00027668,Kevin,Gonzalez,S,M,2026-01-25
27669,AW00027669,Katelyn,Allen,M,F,2026-01-25
27670,AW00027670,Kayla,Long,S,F,2026-01-25
27671,AW00027671,Jeremiah,Martinez,S,M,2026-01-25
27672,AW00027672,Justin,Brown,S,M,2026-01-25
27673,AW00027673,Jennifer,Young,S,F,2026-01-25
27674,AW00027674,Gabrielle,Rivera,M,F,2026-01-25
27675,AW00027675,Arianna,Bell,M,F,2026-01-25
27676,AW00027676,Trevor,Flores,M,M,2026-01-25
27677,AW00027677,Marissa,Powell,M,F,2026-01-25
27678,AW00027678,Angel,Carter,S,M,2026-01-25
27679,AW00027679,Kayla,Walker,M,F,2026-01-25
27680,AW00027680,Benjamin,Foster,S,M,2026-01-25
27681,AW00027681,Olivia,Jackson,M,F,2026-01-25
27682,AW00027682,Jennifer,Kelly,S,F,2026-01-25
27683,AW00027683,Alexandra,Reed,M,F,2026-01-25
27684,AW00027684,Emma,Coleman,M,F,2026-01-25
27685,AW00027685,Alfredo,Torres,M,M,2026-01-25
27686,AW00027686,Vincent,Zhang,M,M,2026-01-25
27687,AW00027687,Brandy,Madan,S,F,2026-01-25
27688,AW00027688,Arthur,Sanz,S,M,2026-01-25
27689,AW00027689,Seth,Walker,S,M,2026-01-25
27690,AW00027690,Jaime,Navarro,M,F,2026-01-25
27691,AW00027691,Marshall,Goel,M,M,2026-01-25
27692,AW00027692,Isaac,Lopez,M,M,2026-01-25
27693,AW00027693,Tyrone,Alvarez,S,M,2026-01-25
27694,AW00027694,Lee,Gill,M,M,2026-01-25
27695,AW00027695,Leslie,Blanco,M,F,2026-01-25
27696,AW00027696,Ruben,Rana,M,M,2026-01-25
27697,AW00027697,Melvin,Nath,M,M,2026-01-25
27698,AW00027698,Isabella,Bell,M,F,2026-01-25
27699,AW00027699,Rebecca,Turner,S,F,2026-01-25
27700,AW00027700,Barry,Arun,M,M,2026-01-25
27701,AW00027701,Joel,Arthur,M,M,2026-01-25
27702,AW00027702,Darryl,Lu,S,M,2026-01-25
27703,AW00027703,Meredith,Navarro,S,F,2026-01-25
27704,AW00027704,Jimmy,Romero,S,M,2026-01-25
27705,AW00027705,Roger,Pal,M,M,2026-01-25
27706,AW00027706,Brianna,Flores,S,F,2026-01-25
27707,AW00027707,Colleen,Raji,S,F,2026-01-25
27708,AW00027708,Katie,Goel,S,F,2026-01-25
27709,AW00027709,Clifford,Lopez,S,M,2026-01-25
27710,AW00027710,Sean,Bailey,S,M,2026-01-25
27711,AW00027711,Barbara,Tang,M,F,2026-01-25
27712,AW00027712,Teresa,Munoz,M,F,2026-01-25
27713,AW00027713,Lacey,Zhao,S,F,2026-01-25
27714,AW00027714,Omar,Pal,M,M,2026-01-25
27715,AW00027715,Mya,Ross,S,F,2026-01-25
27716,AW00027716,Albert,Ramos,S,M,2026-01-25
27717,AW00027717,Ebony,Romero,M,F,2026-01-25
27718,AW00027718,Franklin,Shan,M,M,2026-01-25
27719,AW00027719,Nathan,King,M,M,2026-01-25
27720,AW00027720,Arturo,Wang,M,M,2026-01-25
27721,AW00027721,Clayton,Pal,M,M,2026-01-25
27722,AW00027722,Melvin,Jai,M,M,2026-01-25
27723,AW00027723,Ruth,Sullivan,S,F,2026-01-25
27724,AW00027724,Tyler,Martin,M,M,2026-01-25
27725,AW00027725,Samuel,Sharma,M,M,2026-01-25
27726,AW00027726,Sophia,Hall,S,F,2026-01-25
27727,AW00027727,Chloe,Hill,S,F,2026-01-25
27728,AW00027728,Colleen,Deng,S,F,2026-01-25
27729,AW00027729,Sophia,Phillips,S,F,2026-01-25
27730,AW00027730,Isabella,Cox,S,F,2026-01-25
27731,AW00027731,Gabriel,Shan,M,M,2026-01-25
27732,AW00027732,Katherine,White,M,F,2026-01-25
27733,AW00027733,Ronald,Subram,S,M,2026-01-25
27734,AW00027734,Aaron,McDonald,S,M,2026-01-25
27735,AW00027735,Shelby,Sanders,S,F,2026-01-25
27736,AW00027736,Mackenzie,Young,S,F,2026-01-25
27737,AW00027737,Brandon,Taylor,S,M,2026-01-25
27738,AW00027738,Kaylee,Parker,S,F,2026-01-25
27739,AW00027739,Marie,Moreno,S,F,2026-01-25
27740,AW00027740,Jodi,Nath,M,F,2026-01-25
27741,AW00027741,Gabrielle,Foster,S,F,2026-01-25
27742,AW00027742,Devin,Jones,S,M,2026-01-25
27743,AW00027743,Stefanie,Garcia,M,F,2026-01-25
27744,AW00027744,Gilbert,Pal,M,M,2026-01-25
27745,AW00027745,Levi,Sanchez,S,M,2026-01-25
27746,AW00027746,Dale,Raje,S,M,2026-01-25
27747,AW00027747,Edward,Henderson,M,M,2026-01-25
27748,AW00027748,Luis,Patterson,S,M,2026-01-25
27749,AW00027749,Alexis,Brown,S,F,2026-01-25
27750,AW00027750,Carlos,Phillips,S,M,2026-01-25
27751,AW00027751,Zoe,Cooper,S,F,2026-01-25
27752,AW00027752,Christian,Butler,S,M,2026-01-25
27753,AW00027753,Steven,Morgan,M,M,2026-01-25
27754,AW00027754,Marcus,Gonzalez,S,M,2026-01-25
27755,AW00027755,Alyssa,Jenkins,S,F,2026-01-25
27756,AW00027756,Angela,Ward,S,F,2026-01-25
27757,AW00027757,Bobby,Van,M,M,2026-01-25
27758,AW00027758,Sara,Cox,M,F,2026-01-25
27759,AW00027759,Alexandria,Brooks,S,F,2026-01-25
27760,AW00027760,Latasha,Bradley,S,F,2026-01-25
27761,AW00027761,Monica,Madan,M,F,2026-01-25
27762,AW00027762,Shawn,Yuan,M,M,2026-01-25
27763,AW00027763,Stephanie,Wright,M,F,2026-01-25
27764,AW00027764,Jaclyn,Becker,S,F,2026-01-25
27765,AW00027765,Jerry,Tang,S,M,2026-01-25
27766,AW00027766,Joel,Vance,S,M,2026-01-25
27767,AW00027767,Brandy,Arun,S,F,2026-01-25
27768,AW00027768,Deanna,Madan,S,F,2026-01-25
27769,AW00027769,Marie,Madan,S,F,2026-01-25
27770,AW00027770,Autumn,Zhao,S,F,2026-01-25
27771,AW00027771,Terrance,Subram,S,M,2026-01-25
27772,AW00027772,Darrell,Goel,S,M,2026-01-25
27773,AW00027773,Alan,Li,S,M,2026-01-25
27774,AW00027774,Marc,Munoz,S,M,2026-01-25
27775,AW00027775,Nina,Shen,S,F,2026-01-25
27776,AW00027776,Audrey,Gomez,S,F,2026-01-25
27777,AW00027777,Jarred,Martin,M,M,2026-01-25
27778,AW00027778,Tabitha,Garcia,M,F,2026-01-25
27779,AW00027779,Jordan,Washington,M,M,2026-01-25
27780,AW00027780,Christy,Andersen,M,F,2026-01-25
27781,AW00027781,Allen,Sai,S,M,2026-01-25
27782,AW00027782,Mason,Hernandez,S,M,2026-01-25
27783,AW00027783,Isabel,Bradley,M,F,2026-01-25
27784,AW00027784,Shane,Arun,S,M,2026-01-25
27785,AW00027785,Sebastian,Bell,M,M,2026-01-25
27786,AW00027786,Cynthia,Raman,S,F,2026-01-25
27787,AW00027787,Gerald,Ramos,M,M,2026-01-25
27788,AW00027788,Brent,Lin,S,M,2026-01-25
27789,AW00027789,Nicolas,Goldberg,M,M,2026-01-25
27790,AW00027790,Molly,Srini,S,F,2026-01-25
27791,AW00027791,Shawna,Deng,S,F,2026-01-25
27792,AW00027792,Jacquelyn,Alonso,S,F,2026-01-25
27793,AW00027793,Mitchell,Shan,S,M,2026-01-25
27794,AW00027794,Dawn,Kumar,M,F,2026-01-25
27795,AW00027795,Holly,Vance,S,F,2026-01-25
27796,AW00027796,Jarrod,Patel,S,M,2026-01-25
27797,AW00027797,Melvin,Deng,M,M,2026-01-25
27798,AW00027798,Brandon,Bryant,M,M,2026-01-25
27799,AW00027799,Bryce,Watson,S,M,2026-01-25
27800,AW00027800,Regina,Suri,S,F,2026-01-25
27801,AW00027801,Kaitlyn,Cooper,M,F,2026-01-25
27802,AW00027802,Robyn,Romero,S,F,2026-01-25
27803,AW00027803,Theresa,Suarez,S,F,2026-01-25
27804,AW00027804,Shaun,Xu,S,M,2026-01-25
27805,AW00027805,Barbara,Ye,S,F,2026-01-25
27806,AW00027806,Krista,Sanz,S,F,2026-01-25
27807,AW00027807,Shaun,Kumar,S,M,2026-01-25
27808,AW00027808,Christopher,Clark,M,M,2026-01-25
27809,AW00027809,Arianna,Sanchez,M,F,2026-01-25
27810,AW00027810,Meghan,Munoz,M,F,2026-01-25
27811,AW00027811,Darren,Vazquez,M,M,2026-01-25
27812,AW00027812,Alison,Lal,S,F,2026-01-25
27813,AW00027813,Roy,Vance,S,M,2026-01-25
27814,AW00027814,Katrina,Shan,S,F,2026-01-25
27815,AW00027815,Jamie,Chow,M,F,2026-01-25
27816,AW00027816,Erick,Kapoor,S,M,2026-01-25
27817,AW00027817,Sandra,Hu,M,F,2026-01-25
27818,AW00027818,Candice,Hu,M,F,2026-01-25
27819,AW00027819,Michele,Martin,M,F,2026-01-25
27820,AW00027820,Joel,Patel,M,M,2026-01-25
27821,AW00027821,Leonard,Deng,M,M,2026-01-25
27822,AW00027822,Jerry,Lal,S,M,2026-01-25
27823,AW00027823,Joan,Gao,M,F,2026-01-25
27824,AW00027824,Michele,Moreno,S,F,2026-01-25
27825,AW00027825,Christy,Zimmerman,S,F,2026-01-25
27826,AW00027826,Nicolas,Xu,S,M,2026-01-25
27827,AW00027827,Meagan,Malhotra,M,F,2026-01-25
27828,AW00027828,Ernest,Gao,M,M,2026-01-25
27829,AW00027829,Jorge,Wang,S,M,2026-01-25
27830,AW00027830,Caleb,Hall,S,M,2026-01-25
27831,AW00027831,Clinton,Vazquez,S,M,2026-01-25
27832,AW00027832,Margaret,Powell,S,F,2026-01-25
27833,AW00027833,Dawn,Lu,S,F,2026-01-25
27834,AW00027834,Diana,Suarez,S,F,2026-01-25
27835,AW00027835,Darren,Ruiz,M,M,2026-01-25
27836,AW00027836,Pedro,Navarro,M,M,2026-01-25
27837,AW00027837,Kelsey,Jai,S,F,2026-01-25
27838,AW00027838,Janelle,Sai,M,F,2026-01-25
27839,AW00027839,Susan,Li,M,F,2026-01-25
27840,AW00027840,John,Johnson,S,M,2026-01-25
27841,AW00027841,Gerald,Vance,M,M,2026-01-25
27842,AW00027842,Evelyn,Arun,M,F,2026-01-25
27843,AW00027843,Gerald,Navarro,S,M,2026-01-25
27844,AW00027844,Arturo,Li,M,M,2026-01-25
27845,AW00027845,Angel,Wright,S,M,2026-01-25
27846,AW00027846,Albert,Rubio,M,M,2026-01-25
27847,AW00027847,Kristina,Rana,M,F,2026-01-25
27848,AW00027848,Fernando,Perez,M,M,2026-01-25
27849,AW00027849,Dalton,Adams,M,M,2026-01-25
27850,AW00027850,Jason,Green,S,M,2026-01-25
27851,AW00027851,Diana,Martin,M,F,2026-01-25
27852,AW00027852,Jamie,Ramos,M,M,2026-01-25
27853,AW00027853,Amy,Zheng,S,F,2026-01-25
27854,AW00027854,Marc,Rubio,S,M,2026-01-25
27855,AW00027855,Lisa,Ye,S,F,2026-01-25
27856,AW00027856,Bonnie,Tang,M,F,2026-01-25
27857,AW00027857,Brandi,Munoz,S,F,2026-01-25
27858,AW00027858,Anders,Skjønaa,S,F,2026-01-25
27859,AW00027859,Danny,Carlson,M,M,2026-01-25
27860,AW00027860,Hector,Martin,M,M,2026-01-25
27861,AW00027861,Karen,He,S,F,2026-01-25
27862,AW00027862,Joanna,Alonso,M,F,2026-01-25
27863,AW00027863,Carolyn,Ruiz,M,F,2026-01-25
27864,AW00027864,Shaun,Luo,S,M,2026-01-25
27865,AW00027865,Destiny,Butler,M,F,2026-01-25
27866,AW00027866,Sergio,Raman,S,M,2026-01-25
27867,AW00027867,Alberto,Blanco,M,M,2026-01-25
27868,AW00027868,Jessie,Rubio,S,F,2026-01-25
27869,AW00027869,Shawna,Shan,S,F,2026-01-25
27870,AW00027870,Ryan,Davis,S,M,2026-01-25
27871,AW00027871,Faith,Cook,M,F,2026-01-25
27872,AW00027872,Ivan,Martinez,S,M,2026-01-25
27873,AW00027873,Dawn,Xu,M,F,2026-01-25
27874,AW00027874,Randy,Zhao,S,M,2026-01-25
27875,AW00027875,Pamela,Patel,S,F,2026-01-25
27876,AW00027876,Willie,Deng,M,M,2026-01-25
27877,AW00027877,Rebekah,Dominguez,S,F,2026-01-25
27878,AW00027878,Dennis,He,S,M,2026-01-25
27879,AW00027879,Kelvin,Chander,M,M,2026-01-25
27880,AW00027880,Curtis,Hu,S,M,2026-01-25
27881,AW00027881,Raul,Nath,S,M,2026-01-25
27882,AW00027882,Franklin,Hu,M,M,2026-01-25
27883,AW00027883,Marc,Hernandez,S,M,2026-01-25
27884,AW00027884,Jill,Alonso,M,F,2026-01-25
27885,AW00027885,Marvin,Torres,M,M,2026-01-25
27886,AW00027886,Denise,Gonzalez,S,F,2026-01-25
27887,AW00027887,Eugene,Zhang,S,M,2026-01-25
27888,AW00027888,Tina,Rodriguez,S,F,2026-01-25
27889,AW00027889,Jodi,Xie,S,F,2026-01-25
27890,AW00027890,Kyle,Evans,S,M,2026-01-25
27891,AW00027891,Carlos,Howard,M,M,2026-01-25
27892,AW00027892,Isabella,Foster,M,F,2026-01-25
27893,AW00027893,Clinton,Jiménez,S,M,2026-01-25
27894,AW00027894,Gerald,Sai,S,M,2026-01-25
27895,AW00027895,Colin,Pal,S,M,2026-01-25
27896,AW00027896,Orlando,Torres,M,M,2026-01-25
27897,AW00027897,Robin,Munoz,M,F,2026-01-25
27898,AW00027898,Trinity,Bell,M,F,2026-01-25
27899,AW00027899,Mandy,Xu,S,F,2026-01-25
27900,AW00027900,Toni,Prasad,S,F,2026-01-25
27901,AW00027901,Mariah,Cooper,M,F,2026-01-25
27902,AW00027902,Carolyn,Alonso,S,F,2026-01-25
27903,AW00027903,Janelle,Suri,M,F,2026-01-25
27904,AW00027904,Andre,Rana,M,M,2026-01-25
27905,AW00027905,Mario,Black,S,M,2026-01-25
27906,AW00027906,Gilbert,Chen,M,M,2026-01-25
27907,AW00027907,Michael,Taylor,S,M,2026-01-25
27908,AW00027908,Adriana,Sanchez,S,F,2026-01-25
27909,AW00027909,Mayra,Randall,S,F,2026-01-25
27910,AW00027910,Arturo,Zhou,M,M,2026-01-25
27911,AW00027911,Robert,Moore,S,M,2026-01-25
27912,AW00027912,Caitlin,Ramirez,M,F,2026-01-25
27913,AW00027913,Brittney,Zheng,M,F,2026-01-25
27914,AW00027914,Jasmine,Foster,S,F,2026-01-25
27915,AW00027915,Jordan,Green,S,F,2026-01-25
27916,AW00027916,Aaron,Carter,S,M,2026-01-25
27917,AW00027917,Andrea,Sanders,S,F,2026-01-25
27918,AW00027918,Samantha,Ross,M,F,2026-01-25
27919,AW00027919,Ryan,Lal,S,M,2026-01-25
27920,AW00027920,Mary,Howard,S,F,2026-01-25
27921,AW00027921,Sydney,Long,M,F,2026-01-25
27922,AW00027922,Isabella,King,M,F,2026-01-25
27923,AW00027923,Douglas,Arun,S,M,2026-01-25
27924,AW00027924,Jeffery,He,S,M,2026-01-25
27925,AW00027925,Adam,Butler,S,M,2026-01-25
27926,AW00027926,Eduardo,Mitchell,S,M,2026-01-25
27927,AW00027927,Omar,Zhao,M,M,2026-01-25
27928,AW00027928,Dianne,Slattengren,S,F,2026-01-25
27929,AW00027929,Ross,Madan,S,M,2026-01-25
27930,AW00027930,Clarence,Sharma,S,M,2026-01-25
27931,AW00027931,Tabitha,Patel,M,F,2026-01-25
27932,AW00027932,Leslie,Diaz,S,F,2026-01-25
27933,AW00027933,Amber,Evans,S,F,2026-01-25
27934,AW00027934,Lanna,Slaven,M,F,2026-01-25
27935,AW00027935,Johnny,Chander,M,M,2026-01-25
27936,AW00027936,Bruce,Martin,M,M,2026-01-25
27937,AW00027937,Kristine,Alvarez,S,F,2026-01-25
27938,AW00027938,Ricky,Serrano,S,M,2026-01-25
27939,AW00027939,Lawrence,Navarro,M,M,2026-01-25
27940,AW00027940,Ross,Suarez,S,M,2026-01-25
27941,AW00027941,Margaret,Chen,M,F,2026-01-25
27942,AW00027942,Marvin,Diaz,S,M,2026-01-25
27943,AW00027943,Sabrina,Alvarez,S,F,2026-01-25
27944,AW00027944,Dalton,Bell,S,M,2026-01-25
27945,AW00027945,Christine,Andersen,S,F,2026-01-25
27946,AW00027946,Katie,Holt,M,F,2026-01-25
27947,AW00027947,Alison,Andersen,S,F,2026-01-25
27948,AW00027948,Cathy,Sloan,M,M,2026-01-25
27949,AW00027949,Jason,Russell,S,M,2026-01-25
27950,AW00027950,Shannon,Sanz,M,M,2026-01-25
27951,AW00027951,Roy,Torres,S,M,2026-01-25
27952,AW00027952,Roy,Perez,M,M,2026-01-25
27953,AW00027953,Marie,Garcia,M,F,2026-01-25
27954,AW00027954,Brenda,Saunders,S,F,2026-01-25
27955,AW00027955,Ramon,Wu,M,M,2026-01-25
27956,AW00027956,Terrence,Jai,M,M,2026-01-25
27957,AW00027957,Tabitha,Suri,S,F,2026-01-25
27958,AW00027958,Marcus,Clark,S,M,2026-01-25
27959,AW00027959,Armando,Ramos,S,M,2026-01-25
27960,AW00027960,Randall,Alonso,M,M,2026-01-25
27961,AW00027961,Alejandro,Zheng,M,M,2026-01-25
27962,AW00027962,Rebekah,Martin,S,F,2026-01-25
27963,AW00027963,Kendra,Dominguez,M,F,2026-01-25
27964,AW00027964,Alicia,Shan,S,F,2026-01-25
27965,AW00027965,Meredith,Gomez,S,F,2026-01-25
27966,AW00027966,Jenny,Chen,S,F,2026-01-25
27967,AW00027967,Stefanie,Patel,S,F,2026-01-25
27968,AW00027968,Roger,Xu,M,M,2026-01-25
27969,AW00027969,Bryant,Patel,M,M,2026-01-25
27970,AW00027970,Willie,Andersen,M,M,2026-01-25
27971,AW00027971,Jodi,Jai,S,F,2026-01-25
27972,AW00027972,Leonard,Smith,M,M,2026-01-25
27973,AW00027973,Randall,Serrano,M,M,2026-01-25
27974,AW00027974,Dustin,Shen,S,M,2026-01-25
27975,AW00027975,Jay,Gill,S,M,2026-01-25
27976,AW00027976,Dominique,Gonzalez,S,F,2026-01-25
27977,AW00027977,Jerome,Alonso,S,M,2026-01-25
27978,AW00027978,Barbara,Luo,S,F,2026-01-25
27979,AW00027979,Ramon,Zeng,M,M,2026-01-25
27980,AW00027980,Crystal,Hu,M,F,2026-01-25
27981,AW00027981,Aimee,Hu,S,F,2026-01-25
27982,AW00027982,Cesar,Perez,S,M,2026-01-25
27983,AW00027983,Ruben,Saunders,S,M,2026-01-25
27984,AW00027984,Rebekah,Ramos,S,F,2026-01-25
27985,AW00027985,Michele,Shen,S,F,2026-01-25
27986,AW00027986,Henry,Vance,S,M,2026-01-25
27987,AW00027987,Wyatt,Jenkins,S,M,2026-01-25
27988,AW00027988,Dylan,Ross,M,M,2026-01-25
27989,AW00027989,Joseph,Thomas,M,M,2026-01-25
27990,AW00027990,Katherine,Thompson,S,F,2026-01-25
27991,AW00027991,Natalie,Rivera,M,F,2026-01-25
27992,AW00027992,Dylan,Taylor,S,M,2026-01-25
27993,AW00027993,Hunter,Miller,S,M,2026-01-25
27994,AW00027994,Jodi,Rai,M,F,2026-01-25
27995,AW00027995,Carlos,Stewart,S,M,2026-01-25
27996,AW00027996,Angela,Alexander,M,F,2026-01-25
27997,AW00027997,Lydia,Malhotra,S,F,2026-01-25
27998,AW00027998,Ethan,Lewis,S,M,2026-01-25
27999,AW00027999,Nathan,Shan,S,M,2026-01-25
28000,AW00028000,Rebecca,Roberts,S,F,2026-01-25
28001,AW00028001,Sydney,Rodriguez,M,F,2026-01-25
28002,AW00028002,Christy,Kumar,S,F,2026-01-25
28003,AW00028003,Julia,Sanchez,M,F,2026-01-25
28004,AW00028004,Andrea,Edwards,M,F,2026-01-25
28005,AW00028005,Amber,Young,M,F,2026-01-25
28006,AW00028006,Seth,Torres,S,M,2026-01-25
28007,AW00028007,Clayton,Ye,M,M,2026-01-25
28008,AW00028008,Jada,Baker,S,F,2026-01-25
28009,AW00028009,Arianna,Washington,S,F,2026-01-25
28010,AW00028010,Justin,Long,S,M,2026-01-25
28011,AW00028011,Andrew,Lan,M,M,2026-01-25
28012,AW00028012,Ian,Stewart,S,M,2026-01-25
28013,AW00028013,James,Miller,M,M,2026-01-25
28014,AW00028014,Rachel,Robinson,S,F,2026-01-25
28015,AW00028015,Christian,Chen,M,M,2026-01-25
28016,AW00028016,Cody,Sanders,S,M,2026-01-25
28017,AW00028017,Christopher,Martin,S,M,2026-01-25
28018,AW00028018,Rachel,Foster,S,F,2026-01-25
28019,AW00028019,Melissa,Ramirez,M,F,2026-01-25
28020,AW00028020,Lucas,Griffin,S,M,2026-01-25
28021,AW00028021,Katherine,Nelson,S,F,2026-01-25
28022,AW00028022,Jason,Lopez,S,M,2026-01-25
28023,AW00028023,Andrea,James,S,F,2026-01-25
28024,AW00028024,Miguel,Perry,M,M,2026-01-25
28025,AW00028025,Mya,Russell,M,F,2026-01-25
28026,AW00028026,Paige,Ross,M,F,2026-01-25
28027,AW00028027,Destiny,Hughes,M,F,2026-01-25
28028,AW00028028,Elijah,Allen,S,M,2026-01-25
28029,AW00028029,Seth,Price,M,M,2026-01-25
28030,AW00028030,Jason,Gonzalez,S,M,2026-01-25
28031,AW00028031,Kari,Navarro,S,F,2026-01-25
28032,AW00028032,Grace,Coleman,M,F,2026-01-25
28033,AW00028033,Gavin,Jenkins,S,M,2026-01-25
28034,AW00028034,Gabriella,Stewart,M,F,2026-01-25
28035,AW00028035,Gabriella,Green,M,F,2026-01-25
28036,AW00028036,Jonathan,Gonzales,S,M,2026-01-25
28037,AW00028037,Jeremiah,Gonzales,M,M,2026-01-25
28038,AW00028038,Philip,Gomez,M,M,2026-01-25
28039,AW00028039,Xavier,Lee,S,M,2026-01-25
28040,AW00028040,Jack,Mitchell,M,M,2026-01-25
28041,AW00028041,Rebecca,Wright,S,F,2026-01-25
28042,AW00028042,Joseph,Brown,S,M,2026-01-25
28043,AW00028043,Gabrielle,Young,M,F,2026-01-25
28044,AW00028044,Jimmy,Navarro,S,M,2026-01-25
28045,AW00028045,Zachary,Thomas,M,M,2026-01-25
28046,AW00028046,Michelle,Reed,M,F,2026-01-25
28047,AW00028047,Jay,Sanchez,S,M,2026-01-25
28048,AW00028048,Samuel,Powell,M,M,2026-01-25
28049,AW00028049,Xavier,Washington,S,M,2026-01-25
28050,AW00028050,Isaiah,Evans,M,M,2026-01-25
28051,AW00028051,Thomas,Young,S,M,2026-01-25
28052,AW00028052,Franklin,Li,M,M,2026-01-25
28053,AW00028053,Jared,Howard,M,M,2026-01-25
28054,AW00028054,Carol,Cox,M,F,2026-01-25
28055,AW00028055,Brooke,Peterson,S,F,2026-01-25
28056,AW00028056,Alex,Gray,M,M,2026-01-25
28057,AW00028057,Rachel,Anderson,M,F,2026-01-25
28058,AW00028058,Jaime,Alvarez,S,F,2026-01-25
28059,AW00028059,Bradley,Shen,S,M,2026-01-25
28060,AW00028060,Blake,Rodriguez,M,M,2026-01-25
28061,AW00028061,Kyle,Lopez,S,M,2026-01-25
28062,AW00028062,Xavier,Roberts,S,M,2026-01-25
28063,AW00028063,Gabrielle,Turner,M,F,2026-01-25
28064,AW00028064,Tamara,Nath,S,F,2026-01-25
28065,AW00028065,Carrie,Gill,S,F,2026-01-25
28066,AW00028066,Justin,Taylor,M,M,2026-01-25
28067,AW00028067,Olivia,Bennett,M,F,2026-01-25
28068,AW00028068,Amanda,Wood,S,F,2026-01-25
28069,AW00028069,Jacob,Johnson,S,M,2026-01-25
28070,AW00028070,Ian,Morris,S,M,2026-01-25
28071,AW00028071,Trevor,Ross,M,M,2026-01-25
28072,AW00028072,Alyssa,Morris,M,F,2026-01-25
28073,AW00028073,Mackenzie,Green,S,F,2026-01-25
28074,AW00028074,Justin,Davis,M,M,2026-01-25
28075,AW00028075,Edward,Jones,S,M,2026-01-25
28076,AW00028076,Logan,Williams,S,M,2026-01-25
28077,AW00028077,Sarah,Williams,S,F,2026-01-25
28078,AW00028078,Jack,Young,S,M,2026-01-25
28079,AW00028079,Haley,Phillips,M,F,2026-01-25
28080,AW00028080,Isabella,Peterson,S,F,2026-01-25
28081,AW00028081,Paige,Watson,M,F,2026-01-25
28082,AW00028082,Nathaniel,Peterson,S,M,2026-01-25
28083,AW00028083,Kaitlyn,Foster,M,F,2026-01-25
28084,AW00028084,Cameron,McDonald,S,M,2026-01-25
28085,AW00028085,Jeremiah,Evans,M,M,2026-01-25
28086,AW00028086,Bridget,Anand,S,F,2026-01-25
28087,AW00028087,Maria,Simmons,S,F,2026-01-25
28088,AW00028088,Marshall,Lal,M,M,2026-01-25
28089,AW00028089,Xavier,Campbell,M,M,2026-01-25
28090,AW00028090,Edward,Walker,M,M,2026-01-25
28091,AW00028091,Valerie,Liang,S,F,2026-01-25
28092,AW00028092,Morgan,Hall,S,F,2026-01-25
28093,AW00028093,Brad,Kumar,M,M,2026-01-25
28094,AW00028094,Melanie,Peterson,M,F,2026-01-25
28095,AW00028095,Natalie,Bryant,M,F,2026-01-25
28096,AW00028096,Alexandra,Stewart,M,F,2026-01-25
28097,AW00028097,Jennifer,Barnes,S,F,2026-01-25
28098,AW00028098,Roger,Zhu,M,M,2026-01-25
28099,AW00028099,Jesse,Turner,M,M,2026-01-25
28100,AW00028100,Kimberly,Gray,S,F,2026-01-25
28101,AW00028101,Timothy,Bell,S,M,2026-01-25
28102,AW00028102,Arturo,Deng,M,M,2026-01-25
28103,AW00028103,Pedro,Martin,S,M,2026-01-25
28104,AW00028104,Hannah,Williams,M,F,2026-01-25
28105,AW00028105,Hannah,Garcia,M,F,2026-01-25
28106,AW00028106,Chloe,Williams,M,F,2026-01-25
28107,AW00028107,Tara,Simpson,S,F,2026-01-25
28108,AW00028108,Roger,Yang,S,M,2026-01-25
28109,AW00028109,Leonard,Tang,S,M,2026-01-25
28110,AW00028110,Cassandra,Sai,M,F,2026-01-25
28111,AW00028111,Jon,Zhang,M,M,2026-01-25
28112,AW00028112,Savannah,Evans,M,F,2026-01-25
28113,AW00028113,Amanda,Powell,S,F,2026-01-25
28114,AW00028114,Jared,Cox,S,M,2026-01-25
28115,AW00028115,Deanna,Jiménez,M,F,2026-01-25
28116,AW00028116,Sabrina,Dominguez,S,F,2026-01-25
28117,AW00028117,Craig,Vazquez,S,M,2026-01-25
28118,AW00028118,Briana,Jiménez,M,F,2026-01-25
28119,AW00028119,Curtis,Ma,S,M,2026-01-25
28120,AW00028120,Pedro,Alvarez,S,M,2026-01-25
28121,AW00028121,Julia,Robinson,M,F,2026-01-25
28122,AW00028122,Gabriel,King,M,M,2026-01-25
28123,AW00028123,Daisy,Ortega,S,F,2026-01-25
28124,AW00028124,Mackenzie,Kelly,M,F,2026-01-25
28125,AW00028125,Dalton,Jackson,M,M,2026-01-25
28126,AW00028126,Anna,Johnson,M,F,2026-01-25
28127,AW00028127,Fernando,Price,M,M,2026-01-25
28128,AW00028128,Jeremiah,Lee,M,M,2026-01-25
28129,AW00028129,Justin,Griffin,S,M,2026-01-25
28130,AW00028130,Joshua,Taylor,S,M,2026-01-25
28131,AW00028131,Todd,Zhu,S,M,2026-01-25
28132,AW00028132,Clinton,Romero,S,M,2026-01-25
28133,AW00028133,Willie,Huang,S,M,2026-01-25
28134,AW00028134,Terrance,Rana,M,M,2026-01-25
28135,AW00028135,Carla,Madan,S,F,2026-01-25
28136,AW00028136,Kelli,Raje,M,F,2026-01-25
28137,AW00028137,Kristi,Lopez,S,F,2026-01-25
28138,AW00028138,Marvin,Ramos,S,M,2026-01-25
28139,AW00028139,Carrie,Gutierrez,M,F,2026-01-25
28140,AW00028140,Gilbert,Kumar,S,M,2026-01-25
28141,AW00028141,Joseph,Robinson,M,M,2026-01-25
28142,AW00028142,Willie,Lin,S,M,2026-01-25
28143,AW00028143,Samuel,Gonzalez,S,M,2026-01-25
28144,AW00028144,Noah,Phillips,S,M,2026-01-25
28145,AW00028145,Brandon,Jones,S,M,2026-01-25
28146,AW00028146,Gavin,Washington,S,M,2026-01-25
28147,AW00028147,Omar,Black,S,M,2026-01-25
28148,AW00028148,Jon,Zhao,S,M,2026-01-25
28149,AW00028149,William,Miller,M,M,2026-01-25
28150,AW00028150,Connor,Chen,S,M,2026-01-25
28151,AW00028151,Katherine,Walker,S,F,2026-01-25
28152,AW00028152,Ian,Rivera,M,M,2026-01-25
28153,AW00028153,Mackenzie,Torres,S,F,2026-01-25
28154,AW00028154,Katherine,Patterson,S,F,2026-01-25
28155,AW00028155,Taylor,Watson,S,F,2026-01-25
28156,AW00028156,Gabrielle,Hall,S,F,2026-01-25
28157,AW00028157,Elijah,Edwards,M,M,2026-01-25
28158,AW00028158,Clarence,Luo,S,M,2026-01-25
28159,AW00028159,Tamara,Yang,M,F,2026-01-25
28160,AW00028160,Melanie,Reed,S,F,2026-01-25
28161,AW00028161,Jessica,Perry,S,F,2026-01-25
28162,AW00028162,Bruce,Ward,M,M,2026-01-25
28163,AW00028163,Rachel,Washington,M,F,2026-01-25
28164,AW00028164,Gabrielle,Coleman,M,F,2026-01-25
28165,AW00028165,Alexa,Rivera,M,F,2026-01-25
28166,AW00028166,Cassidy,Coleman,M,F,2026-01-25
28167,AW00028167,Samuel,Hughes,S,M,2026-01-25
28168,AW00028168,Jacqueline,Ward,M,F,2026-01-25
28169,AW00028169,Lucas,Blue,M,M,2026-01-25
28170,AW00028170,Isabella,Johnson,M,F,2026-01-25
28171,AW00028171,Aidan,Henderson,M,M,2026-01-25
28172,AW00028172,Charles,Moore,M,M,2026-01-25
28173,AW00028173,Timothy,Young,S,M,2026-01-25
28174,AW00028174,Marco,Subram,M,M,2026-01-25
28175,AW00028175,Clifford,Subram,M,M,2026-01-25
28176,AW00028176,Natalie,Roberts,S,F,2026-01-25
28177,AW00028177,Cameron,Henderson,S,M,2026-01-25
28178,AW00028178,Katherine,James,S,F,2026-01-25
28179,AW00028179,Billy,Alvarez,S,M,2026-01-25
28180,AW00028180,Jerry,Chander,S,M,2026-01-25
28181,AW00028181,Katherine,Rodriguez,M,F,2026-01-25
28182,AW00028182,Fernando,Turner,M,M,2026-01-25
28183,AW00028183,Nicole,Howard,M,F,2026-01-25
28184,AW00028184,Madison,Russell,M,F,2026-01-25
28185,AW00028185,Eric,Alexander,M,M,2026-01-25
28186,AW00028186,Jenny,Wagner,M,F,2026-01-25
28187,AW00028187,Aaron,Chen,M,M,2026-01-25
28188,AW00028188,Kayla,Price,S,F,2026-01-25
28189,AW00028189,James,Griffin,S,M,2026-01-25
28190,AW00028190,Kimberly,Cook,S,F,2026-01-25
28191,AW00028191,Mya,Long,S,F,2026-01-25
28192,AW00028192,Abigail,Sanchez,M,F,2026-01-25
28193,AW00028193,Taylor,Davis,S,F,2026-01-25
28194,AW00028194,Lydia,Garcia,S,F,2026-01-25
28195,AW00028195,Kellie,Martin,S,F,2026-01-25
28196,AW00028196,Timothy,Cox,M,M,2026-01-25
28197,AW00028197,Kayla,Rodriguez,S,F,2026-01-25
28198,AW00028198,Jared,Moyer,M,M,2026-01-25
28199,AW00028199,Alyssa,Jones,S,F,2026-01-25
28200,AW00028200,Morgan,Henderson,M,F,2026-01-25
28201,AW00028201,Tyler,Martinez,M,M,2026-01-25
28202,AW00028202,Maria,King,S,F,2026-01-25
28203,AW00028203,Victor,Gomez,M,M,2026-01-25
28204,AW00028204,Peter,Xu,M,M,2026-01-25
28205,AW00028205,Carolyn,Mehta,M,F,2026-01-25
28206,AW00028206,Angelica,Long,S,F,2026-01-25
28207,AW00028207,Larry,Moreno,M,M,2026-01-25
28208,AW00028208,Karen,Sun,S,F,2026-01-25
28209,AW00028209,Krista,Carlson,M,F,2026-01-25
28210,AW00028210,Meghan,Alan,M,F,2026-01-25
28211,AW00028211,Randall,Suarez,M,M,2026-01-25
28212,AW00028212,Melody,Hernandez,M,F,2026-01-25
28213,AW00028213,Jared,Morgan,M,M,2026-01-25
28214,AW00028214,Hailey,King,M,F,2026-01-25
28215,AW00028215,Priscilla,Shen,S,F,2026-01-25
28216,AW00028216,Adrienne,Ramos,M,F,2026-01-25
28217,AW00028217,Kristy,Carlson,S,F,2026-01-25
28218,AW00028218,Denise,Arun,M,F,2026-01-25
28219,AW00028219,Chad,Goel,S,M,2026-01-25
28220,AW00028220,Kelsey,Xu,S,F,2026-01-25
28221,AW00028221,Isabella,Rodriguez,M,F,2026-01-25
28222,AW00028222,Eduardo,Lewis,S,M,2026-01-25
28223,AW00028223,Jessica,Davis,S,F,2026-01-25
28224,AW00028224,Spencer,Henderson,S,M,2026-01-25
28225,AW00028225,Robert,Ross,M,M,2026-01-25
28226,AW00028226,Sebastian,Ramirez,M,M,2026-01-25
28227,AW00028227,Caleb,Wang,S,M,2026-01-25
28228,AW00028228,Gloria,Reed,S,F,2026-01-25
28229,AW00028229,Samantha,Wilson,S,F,2026-01-25
28230,AW00028230,Stephanie,Morgan,S,F,2026-01-25
28231,AW00028231,James,Powell,S,M,2026-01-25
28232,AW00028232,Gavin,Russell,S,M,2026-01-25
28233,AW00028233,Patrick,Richardson,S,M,2026-01-25
28234,AW00028234,Jack,Nelson,M,M,2026-01-25
28235,AW00028235,Cole,Rogers,S,M,2026-01-25
28236,AW00028236,Isabel,Diaz,S,F,2026-01-25
28237,AW00028237,Hailey,Foster,M,F,2026-01-25
28238,AW00028238,Dalton,Flores,S,M,2026-01-25
28239,AW00028239,Richard,Ramirez,S,M,2026-01-25
28240,AW00028240,Eduardo,Clark,M,M,2026-01-25
28241,AW00028241,Charles,King,M,M,2026-01-25
28242,AW00028242,Madison,Butler,M,F,2026-01-25
28243,AW00028243,Marcus,Cook,S,M,2026-01-25
28244,AW00028244,Samantha,Davis,M,F,2026-01-25
28245,AW00028245,Gavin,Henderson,S,M,2026-01-25
28246,AW00028246,Alexa,Gray,S,F,2026-01-25
28247,AW00028247,Jonathan,Adams,S,M,2026-01-25
28248,AW00028248,Eric,Scott,S,M,2026-01-25
28249,AW00028249,Julia,Carter,M,F,2026-01-25
28250,AW00028250,Tyrone,Dominguez,M,M,2026-01-25
28251,AW00028251,Joe,Rubio,M,M,2026-01-25
28252,AW00028252,Sydney,Murphy,M,F,2026-01-25
28253,AW00028253,Jeremiah,Green,S,M,2026-01-25
28254,AW00028254,Jacqueline,Brooks,S,F,2026-01-25
28255,AW00028255,Robert,Clark,S,M,2026-01-25
28256,AW00028256,Colin,Beck,M,M,2026-01-25
28257,AW00028257,Zachary,Martin,S,M,2026-01-25
28258,AW00028258,Destiny,Bryant,S,F,2026-01-25
28259,AW00028259,Samuel,Mitchell,M,M,2026-01-25
28260,AW00028260,Hunter,Roberts,S,M,2026-01-25
28261,AW00028261,Stephanie,Griffin,M,F,2026-01-25
28262,AW00028262,Destiny,Diaz,M,F,2026-01-25
28263,AW00028263,Jonathan,Lee,M,M,2026-01-25
28264,AW00028264,Nicole,Diaz,S,F,2026-01-25
28265,AW00028265,Shirleen,Travers,S,M,2026-01-25
28266,AW00028266,Wyatt,Flores,S,M,2026-01-25
28267,AW00028267,Jordan,Young,M,F,2026-01-25
28268,AW00028268,Jordan,Campbell,S,F,2026-01-25
28269,AW00028269,Alexandra,Green,S,F,2026-01-25
28270,AW00028270,Samuel,Long,S,M,2026-01-25
28271,AW00028271,Sean,Gonzalez,S,M,2026-01-25
28272,AW00028272,Hunter,Jai,M,M,2026-01-25
28273,AW00028273,Madeline,Mitchell,M,F,2026-01-25
28274,AW00028274,William,Rodriguez,S,M,2026-01-25
28275,AW00028275,Ian,Howard,S,M,2026-01-25
28276,AW00028276,Christy,Deng,M,F,2026-01-25
28277,AW00028277,Katrina,Deng,S,F,2026-01-25
28278,AW00028278,Jaime,Becker,M,M,2026-01-25
28279,AW00028279,Spencer,Simmons,M,M,2026-01-25
28280,AW00028280,Tristan,Powell,S,M,2026-01-25
28281,AW00028281,Juan,Cox,M,M,2026-01-25
28282,AW00028282,Cindy,Foster,S,F,2026-01-25
28283,AW00028283,Rachel,Long,S,F,2026-01-25
28284,AW00028284,Bailey,Kelly,S,F,2026-01-25
28285,AW00028285,Savannah,King,M,F,2026-01-25
28286,AW00028286,Destiny,Alexander,M,F,2026-01-25
28287,AW00028287,Lauren,Bennett,M,F,2026-01-25
28288,AW00028288,Marco,Srini,S,M,2026-01-25
28289,AW00028289,Jack,Gonzales,S,M,2026-01-25
28290,AW00028290,Ian,Brooks,S,M,2026-01-25
28291,AW00028291,David,Miller,S,M,2026-01-25
28292,AW00028292,Alexandra,Smith,S,F,2026-01-25
28293,AW00028293,Shelby,Cox,S,F,2026-01-25
28294,AW00028294,Alexis,Jenkins,S,F,2026-01-25
28295,AW00028295,Wyatt,Collins,M,M,2026-01-25
28296,AW00028296,Thomas,Butler,S,M,2026-01-25
28297,AW00028297,Gabrielle,Edwards,S,F,2026-01-25
28298,AW00028298,Maria,Edwards,M,F,2026-01-25
28299,AW00028299,Jonathan,Shan,S,M,2026-01-25
28300,AW00028300,Abigail,Bennett,S,F,2026-01-25
28301,AW00028301,Jasmine,Long,S,F,2026-01-25
28302,AW00028302,Caroline,Hughes,M,F,2026-01-25
28303,AW00028303,Justin,Lewis,S,M,2026-01-25
28304,AW00028304,Colleen,Zeng,M,F,2026-01-25
28305,AW00028305,Patricia,Lopez,S,F,2026-01-25
28306,AW00028306,Elizabeth,Powell,M,F,2026-01-25
28307,AW00028307,Morgan,Gray,M,F,2026-01-25
28308,AW00028308,Hector,Serrano,S,M,2026-01-25
28309,AW00028309,Julie,Lal,M,F,2026-01-25
28310,AW00028310,Ross,Sanchez,M,M,2026-01-25
28311,AW00028311,Terry,Raje,S,M,2026-01-25
28312,AW00028312,Joy,Jimenez,S,F,2026-01-25
28313,AW00028313,Brett,Perez,S,M,2026-01-25
28314,AW00028314,Dwayne,Romero,S,M,2026-01-25
28315,AW00028315,Stacy,Alonso,S,F,2026-01-25
28316,AW00028316,Jaime,Martin,M,F,2026-01-25
28317,AW00028317,Ivan,Weber,M,M,2026-01-25
28318,AW00028318,Grace,Lee,M,F,2026-01-25
28319,AW00028319,Ashlee,She,S,F,2026-01-25
28320,AW00028320,Janet,Navarro,S,F,2026-01-25
28321,AW00028321,Arturo,Wu,M,M,2026-01-25
28322,AW00028322,Willie,Chen,S,M,2026-01-25
28323,AW00028323,Nathan,Moore,S,M,2026-01-25
28324,AW00028324,Jésus,Martin,M,M,2026-01-25
28325,AW00028325,Drew,Lal,S,M,2026-01-25
28326,AW00028326,Carla,Lopez,S,F,2026-01-25
28327,AW00028327,Tabitha,Serrano,S,F,2026-01-25
28328,AW00028328,Kyle,Green,M,M,2026-01-25
28329,AW00028329,Marcus,Washington,S,M,2026-01-25
28330,AW00028330,Charles,Bailey,M,M,2026-01-25
28331,AW00028331,Colleen,Beck,M,F,2026-01-25
28332,AW00028332,Ryan,Washington,M,M,2026-01-25
28333,AW00028333,Jaime,Jimenez,M,F,2026-01-25
28334,AW00028334,Marco,Tanara,S,F,2026-01-25
28335,AW00028335,Rebekah,Srini,M,F,2026-01-25
28336,AW00028336,Edward,Martin,M,M,2026-01-25
28337,AW00028337,Melissa,Bennett,M,F,2026-01-25
28338,AW00028338,Kristi,Vance,M,F,2026-01-25
28339,AW00028339,Sean,Edwards,S,M,2026-01-25
28340,AW00028340,Lucas,Butler,S,M,2026-01-25
28341,AW00028341,Jeremy,Wilson,S,M,2026-01-25
28342,AW00028342,Brianna,Murphy,M,F,2026-01-25
28343,AW00028343,Shelby,Morgan,S,F,2026-01-25
28344,AW00028344,Alvin,Zhu,S,M,2026-01-25
28345,AW00028345,Diana,Serrano,M,F,2026-01-25
28346,AW00028346,Eduardo,Russell,S,M,2026-01-25
28347,AW00028347,Latoya,Anand,S,F,2026-01-25
28348,AW00028348,Nichole,Jai,S,F,2026-01-25
28349,AW00028349,Kristi,Vazquez,S,F,2026-01-25
28350,AW00028350,Alisha,Holt,S,F,2026-01-25
28351,AW00028351,Donald,Rodriguez,M,M,2026-01-25
28352,AW00028352,Meghan,Sanz,S,F,2026-01-25
28353,AW00028353,Summer,Kapoor,S,F,2026-01-25
28354,AW00028354,Ian,Wilson,S,M,2026-01-25
28355,AW00028355,Carlos,James,S,M,2026-01-25
28356,AW00028356,Blake,Gonzalez,M,M,2026-01-25
28357,AW00028357,Danielle,Howard,S,F,2026-01-25
28358,AW00028358,Austin,Powell,M,M,2026-01-25
28359,AW00028359,Madison,Anderson,M,F,2026-01-25
28360,AW00028360,Isaiah,Adams,M,M,2026-01-25
28361,AW00028361,Kayla,Wilson,M,F,2026-01-25
28362,AW00028362,Kaylee,Sanchez,S,F,2026-01-25
28363,AW00028363,Savannah,Travers,S,F,2026-01-25
28364,AW00028364,Alison,Nara,M,F,2026-01-25
28365,AW00028365,Stacey,Zhao,M,F,2026-01-25
28366,AW00028366,Dalton,Rivera,S,M,2026-01-25
28367,AW00028367,Jerome,Johnsen,S,M,2026-01-25
28368,AW00028368,Fernando,Butler,S,M,2026-01-25
28369,AW00028369,Carolyn,Moreno,S,F,2026-01-25
28370,AW00028370,Eddie,Gutierrez,S,M,2026-01-25
28371,AW00028371,Mandy,Liang,S,F,2026-01-25
28372,AW00028372,Vincent,Hu,S,M,2026-01-25
28373,AW00028373,Shane,Lopez,S,,2026-01-25
28374,AW00028374,Ruben,Vance,M,,2026-01-25
28375,AW00028375,Kathleen,Diaz,S,,2026-01-25
28376,AW00028376,Eugene,Chen,S,,2026-01-25
28377,AW00028377,Walter,Ortega,M,,2026-01-25
28378,AW00028378,Sara,Sanchez,S,,2026-01-25
28379,AW00028379,Edgar,Rana,M,,2026-01-25
28380,AW00028380,Lindsay,Goel,S,,2026-01-25
28381,AW00028381,Cedric,Tang,S,,2026-01-25
28382,AW00028382,Roberto,Ortega,M,,2026-01-25
28383,AW00028383,Lacey,Zhou,S,,2026-01-25
28384,AW00028384,Tamara,Xie,M,,2026-01-25
28385,AW00028385,Cassie,Deng,M,,2026-01-25
28386,AW00028386,Sergio,Subram,M,,2026-01-25
28387,AW00028387,Roberto,Alvarez,M,,2026-01-25
28388,AW00028388,Sheila,Rowe,S,,2026-01-25
28389,AW00028389,Rachael,Martinez,S,,2026-01-25
28390,AW00028390,Frederick,Suri,S,,2026-01-25
28391,AW00028391,Monique,Jimenez,M,,2026-01-25
28392,AW00028392,Luke,Green,M,,2026-01-25
28393,AW00028393,Ramon,Zheng,S,,2026-01-25
28394,AW00028394,Alisha,Zhang,M,,2026-01-25
28395,AW00028395,Shannon,Dominguez,S,,2026-01-25
28396,AW00028396,Rebekah,Munoz,S,,2026-01-25
28397,AW00028397,Cynthia,Rana,M,,2026-01-25
28398,AW00028398,Shawn,Lal,S,,2026-01-25
28399,AW00028399,Dale,Deng,M,,2026-01-25
28400,AW00028400,Cedric,Anand,S,,2026-01-25
28401,AW00028401,Maria,Alexander,S,,2026-01-25
28402,AW00028402,Kristin,Kumar,S,,2026-01-25
28403,AW00028403,Jaclyn,Sharma,M,,2026-01-25
28404,AW00028404,Whitney,Raman,M,,2026-01-25
28405,AW00028405,Erick,Malhotra,M,,2026-01-25
28406,AW00028406,Gerald,Srini,M,,2026-01-25
28407,AW00028407,Emma,Miller,S,,2026-01-25
28408,AW00028408,Tasha,Lal,S,,2026-01-25
28409,AW00028409,Bonnie,Rai,M,,2026-01-25
28410,AW00028410,Cheryl,Gill,M,,2026-01-25
28411,AW00028411,Jay,Rodriguez,S,,2026-01-25
28412,AW00028412,Walter,Vazquez,S,,2026-01-25
28413,AW00028413,Dalton,Martinez,M,,2026-01-25
28414,AW00028414,Bradley,Luo,S,,2026-01-25
28415,AW00028415,Melissa,Rogers,M,,2026-01-25
28416,AW00028416,Roger,Black,M,,2026-01-25
28417,AW00028417,Ashlee,Lal,M,,2026-01-25
28418,AW00028418,Kelli,Zhu,M,,2026-01-25
28419,AW00028419,Cheryl,Suarez,M,,2026-01-25
28420,AW00028420,Tracy,Chapman,M,,2026-01-25
28421,AW00028421,Monica,Gonzalez,S,,2026-01-25
28422,AW00028422,Joy,Moyer,S,,2026-01-25
28423,AW00028423,Victor,Ortega,S,,2026-01-25
28424,AW00028424,Neil,Romero,S,,2026-01-25
28425,AW00028425,Gilbert,Nara,S,,2026-01-25
28426,AW00028426,Melvin,Xie,S,,2026-01-25
28427,AW00028427,Yolanda,Deng,S,,2026-01-25
28428,AW00028428,Ebony,Alvarez,S,,2026-01-25
28429,AW00028429,Devin,Bell,S,,2026-01-25
28430,AW00028430,Armando,Suarez,M,,2026-01-25
28431,AW00028431,Tyrone,Sanz,M,,2026-01-25
28432,AW00028432,Bruce,Carlson,S,,2026-01-25
28433,AW00028433,Deborah,Shen,S,,2026-01-25
28434,AW00028434,Brian,Lauer,S,,2026-01-25
28435,AW00028435,Edwin,Liu,M,,2026-01-25
28436,AW00028436,Derrick,Carlson,S,,2026-01-25
28437,AW00028437,Mary,Smith,S,,2026-01-25
28438,AW00028438,Heidi,Sanchez,S,,2026-01-25
28439,AW00028439,Olivia,Gray,S,,2026-01-25
28440,AW00028440,Allison,Ramirez,S,,2026-01-25
28441,AW00028441,Peter,Nath,S,,2026-01-25
28442,AW00028442,Phillip,Prasad,S,,2026-01-25
28443,AW00028443,Alfredo,Dominguez,S,,2026-01-25
28444,AW00028444,Pedro,Sai,S,,2026-01-25
28445,AW00028445,Shaun,She,S,,2026-01-25
28446,AW00028446,Mayra,Subram,M,,2026-01-25
28447,AW00028447,Dalton,Walker,S,,2026-01-25
28448,AW00028448,Katherine,Campbell,M,,2026-01-25
28449,AW00028449,Jarred,Gill,M,,2026-01-25
28450,AW00028450,Nelson,Martin,S,,2026-01-25
28451,AW00028451,Nichole,Chander,M,,2026-01-25
28452,AW00028452,Alexandra,Young,S,,2026-01-25
28453,AW00028453,Valerie,Lin,M,,2026-01-25
28454,AW00028454,Shawna,Simpson,M,,2026-01-25
28455,AW00028455,Raymond,Sara,M,,2026-01-25
28456,AW00028456,Todd,Xu,M,,2026-01-25
28457,AW00028457,Bruce,Gonzalez,S,,2026-01-25
28458,AW00028458,Casey,She,S,,2026-01-25
28459,AW00028459,Dana,Muñoz,M,,2026-01-25
28460,AW00028460,Nathan,Powell,M,,2026-01-25
28461,AW00028461,Joe,Dominguez,M,,2026-01-25
28462,AW00028462,Kendra,Serrano,M,,2026-01-25
28463,AW00028463,Emmanuel,Arun,S,,2026-01-25
28464,AW00028464,Eddie,Hernandez,M,,2026-01-25
28465,AW00028465,Wendy,Serrano,M,F,2026-01-25
28466,AW00028466,Marco,Chandra,S,M,2026-01-25
28467,AW00028467,Tasha,Tang,M,F,2026-01-25
28468,AW00028468,Melody,Harrison,M,F,2026-01-25
28469,AW00028469,Morgan,Green,M,F,2026-01-25
28470,AW00028470,Tamara,Tang,M,F,2026-01-25
28471,AW00028471,Phillip,Sullivan,S,M,2026-01-25
28472,AW00028472,Kellie,Ramos,M,F,2026-01-25
28473,AW00028473,Bruce,Rodriguez,S,M,2026-01-25
28474,AW00028474,Terrence,Nara,S,M,2026-01-25
28475,AW00028475,Bruce,Ramos,S,M,2026-01-25
28476,AW00028476,Bradley,Xie,S,M,2026-01-25
28477,AW00028477,Kenneth,Tang,M,M,2026-01-25
28478,AW00028478,Riley,Long,S,F,2026-01-25
28479,AW00028479,Marvin,Gomez,S,M,2026-01-25
28480,AW00028480,Arthur,Vazquez,S,M,2026-01-25
28481,AW00028481,Kristine,Moreno,M,F,2026-01-25
28482,AW00028482,Jaime,She,S,M,2026-01-25
28483,AW00028483,Tara,Raje,S,F,2026-01-25
28484,AW00028484,Harold,Raman,M,M,2026-01-25
28485,AW00028485,Bianca,Wu,S,F,2026-01-25
28486,AW00028486,Rebekah,Chandra,M,F,2026-01-25
28487,AW00028487,Gerald,Gill,S,M,2026-01-25
28488,AW00028488,Reginald,Travers,S,M,2026-01-25
28489,AW00028489,Jeffery,Zhu,S,M,2026-01-25
28490,AW00028490,Krista,Ramos,S,F,2026-01-25
28491,AW00028491,Cassie,Jai,S,F,2026-01-25
28492,AW00028492,Bethany,Tang,M,F,2026-01-25
28493,AW00028493,Morgan,Wilson,M,F,2026-01-25
28494,AW00028494,Ross,Martinez,S,M,2026-01-25
28495,AW00028495,Catherine,Morgan,S,F,2026-01-25
28496,AW00028496,Adam,Shan,S,M,2026-01-25
28497,AW00028497,Alvin,Yang,S,M,2026-01-25
28498,AW00028498,Tabitha,Ruiz,S,F,2026-01-25
28499,AW00028499,Lydia,Srini,S,F,2026-01-25
28500,AW00028500,Jermaine,Gonzalez,S,M,2026-01-25
28501,AW00028501,Gerald,Perez,S,M,2026-01-25
28502,AW00028502,Dominique,Jordan,S,F,2026-01-25
28503,AW00028503,Jay,Sanz,S,M,2026-01-25
28504,AW00028504,Reginald,Gomez,S,M,2026-01-25
28505,AW00028505,Barbara,Xie,M,F,2026-01-25
28506,AW00028506,Ruth,Schmidt,S,F,2026-01-25
28507,AW00028507,Deanna,Suri,M,F,2026-01-25
28508,AW00028508,Jaime,Romero,M,F,2026-01-25
28509,AW00028509,Audrey,Diaz,S,F,2026-01-25
28510,AW00028510,Gregory,Andersen,S,M,2026-01-25
28511,AW00028511,Chase,Rivera,S,M,2026-01-25
28512,AW00028512,Dwayne,Alonso,S,M,2026-01-25
28513,AW00028513,Molly,Fernandez,M,F,2026-01-25
28514,AW00028514,Lisa,Chen,S,F,2026-01-25
28515,AW00028515,Tony,Lal,M,M,2026-01-25
28516,AW00028516,Vincent,Lin,S,M,2026-01-25
28517,AW00028517,Troy,Gonzalez,S,M,2026-01-25
28518,AW00028518,Tammy,Sanchez,S,F,2026-01-25
28519,AW00028519,Jésus,Ramos,M,M,2026-01-25
28520,AW00028520,Susan,Liang,M,F,2026-01-25
28521,AW00028521,Bradley,Tang,S,M,2026-01-25
28522,AW00028522,Rosa,Ma,M,F,2026-01-25
28523,AW00028523,Charles,James,S,M,2026-01-25
28524,AW00028524,Paula,Gill,M,F,2026-01-25
28525,AW00028525,Dominic,Rodriguez,S,M,2026-01-25
28526,AW00028526,Luke,Yang,S,M,2026-01-25
28527,AW00028527,Dwayne,Rubio,S,M,2026-01-25
28528,AW00028528,Tasha,Chande,M,F,2026-01-25
28529,AW00028529,Tara,Chande,S,F,2026-01-25
28530,AW00028530,Gavin,Powell,S,M,2026-01-25
28531,AW00028531,Jared,Reed,S,M,2026-01-25
28532,AW00028532,Tony,Xie,M,M,2026-01-25
28533,AW00028533,Clayton,Sun,S,M,2026-01-25
28534,AW00028534,Sabrina,Romero,M,F,2026-01-25
28535,AW00028535,Leslie,Ferrier,S,F,2026-01-25
28536,AW00028536,Martha,Guo,M,F,2026-01-25
28537,AW00028537,Christian,Hayes,S,M,2026-01-25
28538,AW00028538,Jerome,Sanz,S,M,2026-01-25
28539,AW00028539,Barbara,Zhou,S,F,2026-01-25
28540,AW00028540,Leah,Zhang,M,F,2026-01-25
28541,AW00028541,Isabella,Perez,S,F,2026-01-25
28542,AW00028542,Martha,Zhao,S,F,2026-01-25
28543,AW00028543,Roger,Ye,S,M,2026-01-25
28544,AW00028544,Nicolas,Shan,S,M,2026-01-25
28545,AW00028545,Micheal,Ramos,M,M,2026-01-25
28546,AW00028546,Alisha,Xu,M,F,2026-01-25
28547,AW00028547,April,Shen,S,F,2026-01-25
28548,AW00028548,Krista,Ortega,S,F,2026-01-25
28549,AW00028549,Lydia,Subram,M,F,2026-01-25
28550,AW00028550,Wayne,Andersen,S,M,2026-01-25
28551,AW00028551,Warren,Xu,S,M,2026-01-25
28552,AW00028552,Holly,Subram,S,F,2026-01-25
28553,AW00028553,Sabrina,Serrano,M,F,2026-01-25
28554,AW00028554,Natalie,Sanders,M,F,2026-01-25
28555,AW00028555,Monique,Serrano,M,F,2026-01-25
28556,AW00028556,Isabel,Gonzales,M,F,2026-01-25
28557,AW00028557,Casey,Alvarez,M,M,2026-01-25
28558,AW00028558,Dawn,Stone,S,F,2026-01-25
28559,AW00028559,Billy,Gutierrez,M,M,2026-01-25
28560,AW00028560,Peggy,Smith,S,F,2026-01-25
28561,AW00028561,Carlos,Kelly,S,M,2026-01-25
28562,AW00028562,Phillip,Martinez,M,M,2026-01-25
28563,AW00028563,Dennis,Cai,S,M,2026-01-25
28564,AW00028564,Alisha,Deng,S,F,2026-01-25
28565,AW00028565,James,Allen,S,M,2026-01-25
28566,AW00028566,Colin,Sun,S,M,2026-01-25
28567,AW00028567,Ann,Kapoor,S,F,2026-01-25
28568,AW00028568,Daisy,Alonso,M,F,2026-01-25
28569,AW00028569,Dustin,Jai,M,M,2026-01-25
28570,AW00028570,Jenna,Turner,S,F,2026-01-25
28571,AW00028571,Anna,Torres,S,F,2026-01-25
28572,AW00028572,Jeffery,Ye,M,M,2026-01-25
28573,AW00028573,Tyrone,Gill,S,M,2026-01-25
28574,AW00028574,Kayla,Flores,S,F,2026-01-25
28575,AW00028575,Linda,Gutierrez,S,F,2026-01-25
28576,AW00028576,Sunil,Uppal,M,M,2026-01-25
28577,AW00028577,Austin,Harris,M,M,2026-01-25
28578,AW00028578,Zoe,Rogers,S,F,2026-01-25
28579,AW00028579,Grace,Ross,S,F,2026-01-25
28580,AW00028580,Aimee,Liu,M,F,2026-01-25
28581,AW00028581,Allison,Collins,S,F,2026-01-25
28582,AW00028582,Olivia,Hall,S,F,2026-01-25
28583,AW00028583,Ryan,Long,M,M,2026-01-25
28584,AW00028584,Rolando,Smith,M,F,2026-01-25
28585,AW00028585,Julian,Russell,S,M,2026-01-25
28586,AW00028586,Gabriel,Diaz,M,M,2026-01-25
28587,AW00028587,Xavier,Harris,M,M,2026-01-25
28588,AW00028588,Emma,Griffin,M,F,2026-01-25
28589,AW00028589,John,Walker,S,M,2026-01-25
28590,AW00028590,Gabriel,Jai,S,M,2026-01-25
28591,AW00028591,Mary,Collins,S,F,2026-01-25
28592,AW00028592,Alyssa,Johnson,S,F,2026-01-25
28593,AW00028593,Faith,Peterson,S,F,2026-01-25
28594,AW00028594,Sydney,Cooper,S,F,2026-01-25
28595,AW00028595,Xavier,James,S,M,2026-01-25
28596,AW00028596,Haley,Butler,S,F,2026-01-25
28597,AW00028597,Brianna,Harris,S,F,2026-01-25
28598,AW00028598,Wyatt,Russell,M,M,2026-01-25
28599,AW00028599,Stephanie,Perry,S,F,2026-01-25
28600,AW00028600,Destiny,Clark,S,F,2026-01-25
28601,AW00028601,Christian,Gonzales,S,M,2026-01-25
28602,AW00028602,Isabella,Morgan,S,F,2026-01-25
28603,AW00028603,Brian,Bell,M,M,2026-01-25
28604,AW00028604,Allison,James,S,F,2026-01-25
28605,AW00028605,Caleb,Coleman,S,M,2026-01-25
28606,AW00028606,Joshua,Wilson,S,M,2026-01-25
28607,AW00028607,Hunter,Sharma,S,M,2026-01-25
28608,AW00028608,Brian,Richardson,S,M,2026-01-25
28609,AW00028609,Jose,Harris,M,M,2026-01-25
28610,AW00028610,Jacqueline,Bailey,M,F,2026-01-25
28611,AW00028611,Christian,Alexander,S,M,2026-01-25
28612,AW00028612,Gabriel,Roberts,S,M,2026-01-25
28613,AW00028613,James,Campbell,M,M,2026-01-25
28614,AW00028614,Luis,Jenkins,S,M,2026-01-25
28615,AW00028615,Jonathan,Flores,M,M,2026-01-25
28616,AW00028616,Sarah,Harris,S,F,2026-01-25
28617,AW00028617,Noah,Davis,S,M,2026-01-25
28618,AW00028618,Katelyn,Bailey,M,F,2026-01-25
28619,AW00028619,Brianna,Bailey,M,F,2026-01-25
28620,AW00028620,Cole,Richardson,M,M,2026-01-25
28621,AW00028621,Kristen,Liu,M,F,2026-01-25
28622,AW00028622,Julia,Cooper,M,F,2026-01-25
28623,AW00028623,Marcus,Turner,M,M,2026-01-25
28624,AW00028624,Carson,Jenkins,S,M,2026-01-25
28625,AW00028625,Logan,Griffin,S,M,2026-01-25
28626,AW00028626,Bailey,Hernandez,S,F,2026-01-25
28627,AW00028627,Edward,Collins,S,M,2026-01-25
28628,AW00028628,Courtney,Phillips,S,F,2026-01-25
28629,AW00028629,Cynthia,Madan,M,F,2026-01-25
28630,AW00028630,Jack,Zimmerman,S,M,2026-01-25
28631,AW00028631,Isaiah,Phillips,S,M,2026-01-25
28632,AW00028632,Kathryn,Nath,M,F,2026-01-25
28633,AW00028633,Christina,Howard,S,F,2026-01-25
28634,AW00028634,Nathan,Mitchell,S,M,2026-01-25
28635,AW00028635,Levi,Gonzalez,M,M,2026-01-25
28636,AW00028636,Victoria,Bryant,M,F,2026-01-25
28637,AW00028637,Brandon,Lee,M,M,2026-01-25
28638,AW00028638,Alexandra,Thompson,S,F,2026-01-25
28639,AW00028639,Jacqueline,Morgan,M,F,2026-01-25
28640,AW00028640,Bryce,Cook,S,M,2026-01-25
28641,AW00028641,Brittany,Butler,M,F,2026-01-25
28642,AW00028642,Lauren,Ward,M,F,2026-01-25
28643,AW00028643,Xavier,Gray,M,M,2026-01-25
28644,AW00028644,Martha,Chow,M,F,2026-01-25
28645,AW00028645,Martin,Fernandez,M,M,2026-01-25
28646,AW00028646,Alexis,Moore,M,F,2026-01-25
28647,AW00028647,Hannah,Foster,M,F,2026-01-25
28648,AW00028648,Dylan,Harris,M,M,2026-01-25
28649,AW00028649,Nathan,Martinez,S,M,2026-01-25
28650,AW00028650,Jessica,Clark,M,F,2026-01-25
28651,AW00028651,Lauren,Brown,M,F,2026-01-25
28652,AW00028652,Mariah,Murphy,M,F,2026-01-25
28653,AW00028653,Grace,Williams,M,F,2026-01-25
28654,AW00028654,Miguel,Nelson,M,M,2026-01-25
28655,AW00028655,Devin,Smith,M,M,2026-01-25
28656,AW00028656,Lucas,Murphy,M,M,2026-01-25
28657,AW00028657,Ryan,Hayes,S,M,2026-01-25
28658,AW00028658,Jasmine,Bailey,S,F,2026-01-25
28659,AW00028659,Vanessa,Simmons,S,F,2026-01-25
28660,AW00028660,Justin,Anderson,S,M,2026-01-25
28661,AW00028661,Dalton,Ward,S,M,2026-01-25
28662,AW00028662,Isaiah,Murphy,S,M,2026-01-25
28663,AW00028663,Marcus,Coleman,S,M,2026-01-25
28664,AW00028664,Ashlee,Sharma,S,F,2026-01-25
28665,AW00028665,Donna,Anand,M,F,2026-01-25
28666,AW00028666,Kelvin,Zhu,M,M,2026-01-25
28667,AW00028667,Devin,Williams,S,M,2026-01-25
28668,AW00028668,Jeremy,Parker,S,M,2026-01-25
28669,AW00028669,Jordan,Carter,S,M,2026-01-25
28670,AW00028670,Julia,Gonzales,M,F,2026-01-25
28671,AW00028671,Gabrielle,Russell,M,F,2026-01-25
28672,AW00028672,Blake,Johnson,S,M,2026-01-25
28673,AW00028673,Arianna,Reed,M,F,2026-01-25
28674,AW00028674,Nathan,Yang,M,M,2026-01-25
28675,AW00028675,Angel,Mitchell,S,M,2026-01-25
28676,AW00028676,Alex,Bailey,S,M,2026-01-25
28677,AW00028677,Damien,Tang,S,M,2026-01-25
28678,AW00028678,Ben,Adams,S,M,2026-01-25
28679,AW00028679,Julian,Bryant,S,M,2026-01-25
28680,AW00028680,Hannah,Brown,S,F,2026-01-25
28681,AW00028681,Victoria,Johnson,M,F,2026-01-25
28682,AW00028682,Cassidy,Perry,M,F,2026-01-25
28683,AW00028683,Mallory,Munoz,S,F,2026-01-25
28684,AW00028684,Kristi,Saunders,M,F,2026-01-25
28685,AW00028685,Marshall,Zhu,M,M,2026-01-25
28686,AW00028686,Sheena,Jai,S,F,2026-01-25
28687,AW00028687,Javier,Gutierrez,S,M,2026-01-25
28688,AW00028688,Margaret,Ye,S,F,2026-01-25
28689,AW00028689,Kelvin,Zhang,S,M,2026-01-25
28690,AW00028690,Cory,Chandra,S,M,2026-01-25
28691,AW00028691,Alejandro,Andersen,S,M,2026-01-25
28692,AW00028692,Kristi,Rowe,S,F,2026-01-25
28693,AW00028693,Tamara,Chande,S,F,2026-01-25
28694,AW00028694,Larry,Suarez,M,M,2026-01-25
28695,AW00028695,Mario,Raji,M,M,2026-01-25
28696,AW00028696,Robin,Navarro,S,F,2026-01-25
28697,AW00028697,Raquel,Gutierrez,M,F,2026-01-25
28698,AW00028698,Kristina,Madan,S,F,2026-01-25
28699,AW00028699,Leah,Lu,S,F,2026-01-25
28700,AW00028700,Summer,Garcia,S,F,2026-01-25
28701,AW00028701,Felicia,Gill,S,F,2026-01-25
28702,AW00028702,Danny,Martin,S,M,2026-01-25
28703,AW00028703,Felicia,Suarez,M,F,2026-01-25
28704,AW00028704,Roy,Ruiz,M,M,2026-01-25
28705,AW00028705,Ashley,Powell,S,F,2026-01-25
28706,AW00028706,Reginald,Ashe,S,M,2026-01-25
28707,AW00028707,Sharon,Raje,S,F,2026-01-25
28708,AW00028708,Darryl,Sun,S,M,2026-01-25
28709,AW00028709,Stefanie,Gonzalez,S,F,2026-01-25
28710,AW00028710,Tyrone,Vazquez,M,M,2026-01-25
28711,AW00028711,Rebekah,Torres,M,F,2026-01-25
28712,AW00028712,Gregory,Goel,S,M,2026-01-25
28713,AW00028713,Franklin,Nath,M,M,2026-01-25
28714,AW00028714,Arturo,Gao,S,M,2026-01-25
28715,AW00028715,Maria,Foster,S,F,2026-01-25
28716,AW00028716,Darren,Garcia,S,M,2026-01-25
28717,AW00028717,Calvin,Anand,M,M,2026-01-25
28718,AW00028718,Cassandra,Raman,M,F,2026-01-25
28719,AW00028719,Neil,Vazquez,S,M,2026-01-25
28720,AW00028720,Candice,Liu,S,F,2026-01-25
28721,AW00028721,Jaclyn,Lin,M,F,2026-01-25
28722,AW00028722,Carmen,Stone,S,F,2026-01-25
28723,AW00028723,Ryan,Yang,S,M,2026-01-25
28724,AW00028724,Marvin,Navarro,S,M,2026-01-25
28725,AW00028725,Edward,Jenkins,S,M,2026-01-25
28726,AW00028726,Kelli,Liang,S,F,2026-01-25
28727,AW00028727,Brett,Madan,S,M,2026-01-25
28728,AW00028728,Dylan,Long,S,M,2026-01-25
28729,AW00028729,Heather,Sun,S,F,2026-01-25
28730,AW00028730,Nicole,Robinson,S,F,2026-01-25
28731,AW00028731,Jermaine,Subram,S,M,2026-01-25
28732,AW00028732,Bianca,Yang,M,F,2026-01-25
28733,AW00028733,Diana,Ramos,M,F,2026-01-25
28734,AW00028734,Briana,Moreno,M,F,2026-01-25
28735,AW00028735,Kimberly,Morgan,S,F,2026-01-25
28736,AW00028736,Paula,Navarro,S,F,2026-01-25
28737,AW00028737,Eugene,Lin,S,M,2026-01-25
28738,AW00028738,Lori,Romero,M,F,2026-01-25
28739,AW00028739,Mya,Perry,S,F,2026-01-25
28740,AW00028740,Alisha,Alan,M,F,2026-01-25
28741,AW00028741,Bruce,Dominguez,M,M,2026-01-25
28742,AW00028742,Erick,Vance,M,M,2026-01-25
28743,AW00028743,Kelly,Wood,S,F,2026-01-25
28744,AW00028744,Jenny,Xu,S,F,2026-01-25
28745,AW00028745,Geoffrey,Rana,S,M,2026-01-25
28746,AW00028746,Juan,Ruiz,M,M,2026-01-25
28747,AW00028747,Arthur,Gonzalez,M,M,2026-01-25
28748,AW00028748,Kelly,Washington,S,F,2026-01-25
28749,AW00028749,Franklin,Zhou,S,M,2026-01-25
28750,AW00028750,Andy,Romero,M,M,2026-01-25
28751,AW00028751,Joe,Belson,M,M,2026-01-25
28752,AW00028752,Andre,Subram,S,M,2026-01-25
28753,AW00028753,Kristine,Carlson,S,F,2026-01-25
28754,AW00028754,Chad,Nara,S,M,2026-01-25
28755,AW00028755,Raymond,Gonzalez,S,M,2026-01-25
28756,AW00028756,Stacey,Hee,S,F,2026-01-25
28757,AW00028757,Ronald,Rodriguez,M,M,2026-01-25
28758,AW00028758,Troy,Rodriguez,M,M,2026-01-25
28759,AW00028759,Melissa,Rivera,S,F,2026-01-25
28760,AW00028760,Lucas,Hall,M,M,2026-01-25
28761,AW00028761,Robert,Campbell,S,M,2026-01-25
28762,AW00028762,Aaron,Henderson,M,M,2026-01-25
28763,AW00028763,Mohamed,Pal,S,F,2026-01-25
28764,AW00028764,Frank,Rubio,S,M,2026-01-25
28765,AW00028765,Abigail,Gonzales,M,F,2026-01-25
28766,AW00028766,Joe,Alonso,S,M,2026-01-25
28767,AW00028767,Gilbert,Hu,M,M,2026-01-25
28768,AW00028768,Emmanuel,Rodriguez,S,M,2026-01-25
28769,AW00028769,Brianna,Foster,S,F,2026-01-25
28770,AW00028770,Sebastian,James,M,M,2026-01-25
28771,AW00028771,Katherine,Russell,S,F,2026-01-25
28772,AW00028772,Eric,Hughes,M,M,2026-01-25
28773,AW00028773,Gerald,Malhotra,S,M,2026-01-25
28774,AW00028774,Latasha,Rowe,M,F,2026-01-25
28775,AW00028775,Morgan,Anderson,M,F,2026-01-25
28776,AW00028776,Abigail,Morris,S,F,2026-01-25
28777,AW00028777,Brittany,Wood,S,F,2026-01-25
28778,AW00028778,Maurice,Sharma,M,M,2026-01-25
28779,AW00028779,Morgan,Reed,S,F,2026-01-25
28780,AW00028780,Melissa,Griffin,M,F,2026-01-25
28781,AW00028781,Alex,Collins,S,M,2026-01-25
28782,AW00028782,Cody,Howard,M,M,2026-01-25
28783,AW00028783,Makayla,Rivera,M,F,2026-01-25
28784,AW00028784,Briana,Gomez,M,F,2026-01-25
28785,AW00028785,Jose,Foster,S,M,2026-01-25
28786,AW00028786,Erick,Prasad,M,M,2026-01-25
28787,AW00028787,Gabrielle,Wood,M,F,2026-01-25
28788,AW00028788,Dominique,Martinez,M,F,2026-01-25
28789,AW00028789,Elijah,Zhang,S,M,2026-01-25
28790,AW00028790,Seth,Howard,S,M,2026-01-25
28791,AW00028791,Richard,Johnston,M,M,2026-01-25
28792,AW00028792,Henry,Stone,S,M,2026-01-25
28793,AW00028793,Alexander,Jackson,M,M,2026-01-25
28794,AW00028794,Juan,Cooper,S,M,2026-01-25
28795,AW00028795,Jesse,Allen,S,M,2026-01-25
28796,AW00028796,Cameron,Coleman,M,M,2026-01-25
28797,AW00028797,Alexandra,Wood,S,F,2026-01-25
28798,AW00028798,Timothy,Phillips,S,M,2026-01-25
28799,AW00028799,Amber,Nelson,S,F,2026-01-25
28800,AW00028800,Mason,Sanchez,S,M,2026-01-25
28801,AW00028801,Katelyn,Hall,S,F,2026-01-25
28802,AW00028802,Allison,Nelson,M,F,2026-01-25
28803,AW00028803,Gabriella,Edwards,S,F,2026-01-25
28804,AW00028804,Wyatt,Allen,S,M,2026-01-25
28805,AW00028805,Marissa,Bennett,M,F,2026-01-25
28806,AW00028806,Randall,Hernandez,S,M,2026-01-25
28807,AW00028807,Maria,Cox,M,F,2026-01-25
28808,AW00028808,Trinity,Watson,S,F,2026-01-25
28809,AW00028809,Isaac,Cooper,M,M,2026-01-25
28810,AW00028810,Kaylee,Blue,M,F,2026-01-25
28811,AW00028811,Caleb,Phillips,M,M,2026-01-25
28812,AW00028812,Brianna,Watson,M,F,2026-01-25
28813,AW00028813,Cameron,Washington,M,M,2026-01-25
28814,AW00028814,Anna,Butler,M,F,2026-01-25
28815,AW00028815,Lauren,James,M,F,2026-01-25
28816,AW00028816,Jessica,Cox,S,F,2026-01-25
28817,AW00028817,James,Lee,M,M,2026-01-25
28818,AW00028818,Dwayne,Hernandez,M,M,2026-01-25
28819,AW00028819,Grace,Bennett,M,F,2026-01-25
28820,AW00028820,Naomi,Alvarez,M,F,2026-01-25
28821,AW00028821,Blake,Jackson,M,M,2026-01-25
28822,AW00028822,Amanda,Alexander,M,F,2026-01-25
28823,AW00028823,Xavier,Brown,M,M,2026-01-25
28824,AW00028824,Brandon,Gonzales,S,M,2026-01-25
28825,AW00028825,Caleb,Hernandez,M,M,2026-01-25
28826,AW00028826,Jack,Sharma,M,M,2026-01-25
28827,AW00028827,Joshua,Robinson,M,M,2026-01-25
28828,AW00028828,Andrea,Murphy,S,F,2026-01-25
28829,AW00028829,Robert,Bryant,M,M,2026-01-25
28830,AW00028830,Matthew,Smith,M,M,2026-01-25
28831,AW00028831,Elizabeth,Harris,M,F,2026-01-25
28832,AW00028832,Joseph,Rodriguez,M,M,2026-01-25
28833,AW00028833,Abigail,Harris,M,F,2026-01-25
28834,AW00028834,Natalie,Hill,M,F,2026-01-25
28835,AW00028835,Elijah,Phillips,S,M,2026-01-25
28836,AW00028836,Lauren,Cook,S,F,2026-01-25
28837,AW00028837,Victoria,Rodriguez,M,F,2026-01-25
28838,AW00028838,Jasmine,Ross,S,F,2026-01-25
28839,AW00028839,Connor,Parker,M,M,2026-01-25
28840,AW00028840,Valerie,Harrison,S,F,2026-01-25
28841,AW00028841,Samuel,Gonzales,M,M,2026-01-25
28842,AW00028842,Nicole,Bailey,M,F,2026-01-25
28843,AW00028843,Chloe,Price,M,F,2026-01-25
28844,AW00028844,Emma,Rivera,S,F,2026-01-25
28845,AW00028845,Kaitlyn,Simmons,S,F,2026-01-25
28846,AW00028846,Cynthia,Lopez,S,F,2026-01-25
28847,AW00028847,Carly,Xu,S,F,2026-01-25
28848,AW00028848,Justin,Butler,S,M,2026-01-25
28849,AW00028849,Garrett,Murphy,S,M,2026-01-25
28850,AW00028850,Nelson,Hernandez,S,M,2026-01-25
28851,AW00028851,Miguel,Mitchell,S,M,2026-01-25
28852,AW00028852,Mariah,Watson,M,F,2026-01-25
28853,AW00028853,Miguel,Davis,M,M,2026-01-25
28854,AW00028854,Morgan,Walker,S,F,2026-01-25
28855,AW00028855,Alexandra,Perez,S,F,2026-01-25
28856,AW00028856,Luke,Wang,M,M,2026-01-25
28857,AW00028857,Matthew,Johnson,S,M,2026-01-25
28858,AW00028858,Aidan,Hughes,S,M,2026-01-25
28859,AW00028859,Micah,Cai,S,M,2026-01-25
28860,AW00028860,Ian,Anderson,M,M,2026-01-25
28861,AW00028861,Alexandra,Walker,M,F,2026-01-25
28862,AW00028862,Catherine,Ramirez,S,F,2026-01-25
28863,AW00028863,Allison,Bell,M,F,2026-01-25
28864,AW00028864,Natalie,Murphy,S,F,2026-01-25
28865,AW00028865,Alex,Reed,M,M,2026-01-25
28866,AW00028866,Aaron,Adams,S,M,2026-01-25
28867,AW00028867,Natalie,Martinez,M,F,2026-01-25
28868,AW00028868,Jason,Chen,M,M,2026-01-25
28869,AW00028869,Isabella,Howard,S,F,2026-01-25
28870,AW00028870,Brian,Watson,M,M,2026-01-25
28871,AW00028871,Jasmine,West,S,F,2026-01-25
28872,AW00028872,Kelli,He,S,F,2026-01-25
28873,AW00028873,Roger,Deng,M,M,2026-01-25
28874,AW00028874,Alexa,Brooks,M,F,2026-01-25
28875,AW00028875,Denise,Smith,S,M,2026-01-25
28876,AW00028876,Austin,Garcia,M,M,2026-01-25
28877,AW00028877,Joe,Vance,S,M,2026-01-25
28878,AW00028878,Alvin,Guo,M,M,2026-01-25
28879,AW00028879,Edwin,Xie,S,M,2026-01-25
28880,AW00028880,Felicia,Moyer,S,F,2026-01-25
28881,AW00028881,Allen,Kapoor,M,M,2026-01-25
28882,AW00028882,Tasha,Shen,M,F,2026-01-25
28883,AW00028883,Eddie,Romero,M,M,2026-01-25
28884,AW00028884,Sheila,Suarez,S,F,2026-01-25
28885,AW00028885,Kelvin,Raji,S,M,2026-01-25
28886,AW00028886,Franklin,Jai,M,M,2026-01-25
28887,AW00028887,Casey,Serrano,S,M,2026-01-25
28888,AW00028888,Casey,Lal,M,F,2026-01-25
28889,AW00028889,Alison,Beck,M,F,2026-01-25
28890,AW00028890,Jaclyn,Ma,M,F,2026-01-25
28891,AW00028891,Jasmine,Smith,S,F,2026-01-25
28892,AW00028892,Marissa,Bryant,S,F,2026-01-25
28893,AW00028893,Jessie,Gutierrez,M,F,2026-01-25
28894,AW00028894,Maurice,Xu,M,M,2026-01-25
28895,AW00028895,Mitchell,Luo,S,M,2026-01-25
28896,AW00028896,Edward,Davis,M,M,2026-01-25
28897,AW00028897,Jennifer,Ross,S,F,2026-01-25
28898,AW00028898,Melanie,Patterson,S,F,2026-01-25
28899,AW00028899,Alejandro,Anand,M,M,2026-01-25
28900,AW00028900,Jasmine,Price,S,F,2026-01-25
28901,AW00028901,Martha,Hee,M,F,2026-01-25
28902,AW00028902,Suzanne,She,S,F,2026-01-25
28903,AW00028903,Kara,Luo,M,F,2026-01-25
28904,AW00028904,Ian,Flores,M,M,2026-01-25
28905,AW00028905,Katherine,Bailey,M,F,2026-01-25
28906,AW00028906,Steve,Xu,M,M,2026-01-25
28907,AW00028907,Blake,Jenkins,M,M,2026-01-25
28908,AW00028908,Dominique,Sai,S,F,2026-01-25
28909,AW00028909,Tommy,Champion,M,M,2026-01-25
28910,AW00028910,Melody,Martin,S,F,2026-01-25
28911,AW00028911,Levi,Rodriguez,M,M,2026-01-25
28912,AW00028912,Alejandro,Zhu,M,M,2026-01-25
28913,AW00028913,Krista,Diaz,S,F,2026-01-25
28914,AW00028914,Alicia,Rai,M,F,2026-01-25
28915,AW00028915,Johnny,Yuan,S,M,2026-01-25
28916,AW00028916,Kathryn,Shan,M,F,2026-01-25
28917,AW00028917,Sandra,Zhou,S,F,2026-01-25
28918,AW00028918,Gina,Blanco,M,F,2026-01-25
28919,AW00028919,Krystal,Wagner,M,F,2026-01-25
28920,AW00028920,Renée,Alvarez,S,F,2026-01-25
28921,AW00028921,Corey,Deng,M,M,2026-01-25
28922,AW00028922,Brent,Ye,M,M,2026-01-25
28923,AW00028923,Roberto,Hernandez,S,M,2026-01-25
28924,AW00028924,Sydney,Washington,S,F,2026-01-25
28925,AW00028925,Warren,Lu,M,M,2026-01-25
28926,AW00028926,Danny,Schmidt,S,M,2026-01-25
28927,AW00028927,Jermaine,Rana,S,M,2026-01-25
28928,AW00028928,Margaret,Wu,S,F,2026-01-25
28929,AW00028929,Marie,Fernandez,S,F,2026-01-25
28930,AW00028930,Jarrod,Kapoor,M,M,2026-01-25
28931,AW00028931,Darren,Jiménez,M,M,2026-01-25
28932,AW00028932,Marshall,Ashe,M,M,2026-01-25
28933,AW00028933,Colleen,Rai,M,F,2026-01-25
28934,AW00028934,Ricardo,Nara,M,M,2026-01-25
28935,AW00028935,Eddie,Johnsen,S,M,2026-01-25
28936,AW00028936,Karla,Raje,M,F,2026-01-25
28937,AW00028937,Tommy,Nath,S,M,2026-01-25
28938,AW00028938,Sarah,Moore,M,F,2026-01-25
28939,AW00028939,Ronald,Fernandez,M,M,2026-01-25
28940,AW00028940,Kristine,Serrano,M,F,2026-01-25
28941,AW00028941,Deanna,Moreno,S,F,2026-01-25
28942,AW00028942,Frederick,Raman,M,M,2026-01-25
28943,AW00028943,Arthur,Martin,S,M,2026-01-25
28944,AW00028944,Whitney,Malhotra,M,F,2026-01-25
28945,AW00028945,Rafael,Lal,M,M,2026-01-25
28946,AW00028946,John,Anderson,S,M,2026-01-25
28947,AW00028947,Grant,Nath,M,M,2026-01-25
28948,AW00028948,Valerie,Ye,S,F,2026-01-25
28949,AW00028949,Lance,Ramos,S,M,2026-01-25
28950,AW00028950,Carl,Lal,S,M,2026-01-25
28951,AW00028951,Monica,Rodriguez,M,F,2026-01-25
28952,AW00028952,Arturo,Huang,S,M,2026-01-25
28953,AW00028953,Trisha,Gao,S,F,2026-01-25
28954,AW00028954,Omar,Hu,M,M,2026-01-25
28955,AW00028955,Emmanuel,Fernandez,S,M,2026-01-25
28956,AW00028956,Colleen,Xu,S,F,2026-01-25
28957,AW00028957,Kate,Xu,S,F,2026-01-25
28958,AW00028958,Randy,Liang,M,M,2026-01-25
28959,AW00028959,Jimmy,Ashe,M,M,2026-01-25
28960,AW00028960,Jacquelyn,Vazquez,M,F,2026-01-25
28961,AW00028961,Mathew,Ramos,S,M,2026-01-25
28962,AW00028962,Stanley,Lopez,S,M,2026-01-25
28963,AW00028963,Ross,Prasad,S,M,2026-01-25
28964,AW00028964,Trevor,Foster,S,M,2026-01-25
28965,AW00028965,Trinity,Morris,M,F,2026-01-25
28966,AW00028966,Martha,Li,S,F,2026-01-25
28967,AW00028967,Jessica,Morris,S,F,2026-01-25
28968,AW00028968,Marcus,Morgan,S,M,2026-01-25
28969,AW00028969,Eduardo,Flores,M,M,2026-01-25
28970,AW00028970,Danielle,Peterson,S,F,2026-01-25
28971,AW00028971,Jason,Shan,S,M,2026-01-25
28972,AW00028972,Taylor,Bennett,S,F,2026-01-25
28973,AW00028973,Bryan,Cooper,S,M,2026-01-25
28974,AW00028974,Kelly,Hayes,S,F,2026-01-25
28975,AW00028975,Walter,Gill,M,M,2026-01-25
28976,AW00028976,Christina,Peterson,S,F,2026-01-25
28977,AW00028977,Carlos,Nelson,S,M,2026-01-25
28978,AW00028978,Alexandria,Watson,M,F,2026-01-25
28979,AW00028979,Matthew,Williams,M,M,2026-01-25
28980,AW00028980,Alyssa,Watson,S,F,2026-01-25
28981,AW00028981,Luke,Jai,S,M,2026-01-25
28982,AW00028982,Sydney,Watson,S,F,2026-01-25
28983,AW00028983,Sean,Lopez,S,M,2026-01-25
28984,AW00028984,Katherine,Cox,M,F,2026-01-25
28985,AW00028985,Andrew,Taylor,S,M,2026-01-25
28986,AW00028986,Caleb,King,M,M,2026-01-25
28987,AW00028987,Jessica,Harris,S,F,2026-01-25
28988,AW00028988,Harold,Perez,S,M,2026-01-25
28989,AW00028989,Angela,Cox,S,F,2026-01-25
28990,AW00028990,Ann,Raman,S,F,2026-01-25
28991,AW00028991,Timothy,Ward,S,M,2026-01-25
28992,AW00028992,Darren,Fernandez,S,M,2026-01-25
28993,AW00028993,Destiny,Perry,M,F,2026-01-25
28994,AW00028994,Noah,Hayes,S,M,2026-01-25
28995,AW00028995,Alexandra,Wright,S,F,2026-01-25
28996,AW00028996,Rachel,Rivera,M,F,2026-01-25
28997,AW00028997,Hector,Carlson,S,M,2026-01-25
28998,AW00028998,Kristina,Rodriguez,M,F,2026-01-25
28999,AW00028999,Edward,Martinez,M,M,2026-01-25
29000,AW00029000,Nathan,Baker,S,M,2026-01-25
29001,AW00029001,Carl,Nath,S,M,2026-01-25
29002,AW00029002,Hannah,Walker,M,F,2026-01-25
29003,AW00029003,Veronica,Perez,M,F,2026-01-25
29004,AW00029004,Andrew,Thomas,M,M,2026-01-25
29005,AW00029005,Cameron,Gonzales,S,M,2026-01-25
29006,AW00029006,Christian,Kumar,S,M,2026-01-25
29007,AW00029007,Elijah,Perry,S,M,2026-01-25
29008,AW00029008,Andres,Luo,S,M,2026-01-25
29009,AW00029009,Stanley,Arun,M,M,2026-01-25
29010,AW00029010,Jennifer,Long,S,F,2026-01-25
29011,AW00029011,Allison,Roberts,M,F,2026-01-25
29012,AW00029012,Jeremiah,Taylor,M,M,2026-01-25
29013,AW00029013,Emma,Hall,S,F,2026-01-25
29014,AW00029014,Ryan,Powell,M,M,2026-01-25
29015,AW00029015,Trinity,Murphy,M,F,2026-01-25
29016,AW00029016,Jackson,Perez,S,M,2026-01-25
29017,AW00029017,Gabriel,Long,M,M,2026-01-25
29018,AW00029018,Drew,Luo,M,M,2026-01-25
29019,AW00029019,Isaiah,Morris,S,M,2026-01-25
29020,AW00029020,Jackson,Young,S,M,2026-01-25
29021,AW00029021,William,Clark,S,M,2026-01-25
29022,AW00029022,Sydney,Diaz,S,F,2026-01-25
29023,AW00029023,Dalton,Campbell,M,M,2026-01-25
29024,AW00029024,Deanna,Blanco,S,F,2026-01-25
29025,AW00029025,Miguel,Hayes,S,M,2026-01-25
29026,AW00029026,Sydney,Mitchell,M,F,2026-01-25
29027,AW00029027,Jacob,Walker,S,M,2026-01-25
29028,AW00029028,Samuel,Parker,S,M,2026-01-25
29029,AW00029029,Marcus,Bennett,S,M,2026-01-25
29030,AW00029030,Jeremy,Adams,M,M,2026-01-25
29031,AW00029031,Brandon,Chen,M,M,2026-01-25
29032,AW00029032,Taylor,Ramirez,S,F,2026-01-25
29033,AW00029033,Natalie,Cooper,M,F,2026-01-25
29034,AW00029034,Jonathan,Patterson,M,M,2026-01-25
29035,AW00029035,Elijah,Scott,S,M,2026-01-25
29036,AW00029036,Rebecca,Baker,M,F,2026-01-25
29037,AW00029037,Brandon,Lewis,M,M,2026-01-25
29038,AW00029038,Vanessa,Hughes,S,F,2026-01-25
29039,AW00029039,Xavier,Hayes,S,M,2026-01-25
29040,AW00029040,Colleen,Liu,S,F,2026-01-25
29041,AW00029041,Charles,Collins,S,M,2026-01-25
29042,AW00029042,Edward,Jackson,M,M,2026-01-25
29043,AW00029043,Luke,Alexander,M,M,2026-01-25
29044,AW00029044,Olivia,Wilson,S,F,2026-01-25
29045,AW00029045,Anna,Jones,S,F,2026-01-25
29046,AW00029046,Gabriella,Richardson,S,F,2026-01-25
29047,AW00029047,Jack,Lopez,M,M,2026-01-25
29048,AW00029048,William,Harris,S,M,2026-01-25
29049,AW00029049,Kelly,Simmons,S,F,2026-01-25
29050,AW00029050,Jack,Russell,S,M,2026-01-25
29051,AW00029051,Michele,She,S,F,2026-01-25
29052,AW00029052,Ian,Peterson,S,M,2026-01-25
29053,AW00029053,Nelson,Gomez,S,M,2026-01-25
29054,AW00029054,Abby,Kapoor,M,F,2026-01-25
29055,AW00029055,Monica,Sai,M,F,2026-01-25
29056,AW00029056,Angelica,Griffin,M,F,2026-01-25
29057,AW00029057,Latoya,Andersen,S,F,2026-01-25
29058,AW00029058,Olivia,Reed,S,F,2026-01-25
29059,AW00029059,Jocelyn,Perry,S,F,2026-01-25
29060,AW00029060,David,Washington,S,M,2026-01-25
29061,AW00029061,Jaime,Kumar,S,M,2026-01-25
29062,AW00029062,Dennis,Liu,M,M,2026-01-25
29063,AW00029063,Alan,Liang,S,M,2026-01-25
29064,AW00029064,Jose,Butler,S,M,2026-01-25
29065,AW00029065,Pamela,Rodriguez,S,F,2026-01-25
29066,AW00029066,Ricky,Suarez,M,M,2026-01-25
29067,AW00029067,Russell,Chander,M,M,2026-01-25
29068,AW00029068,Cassandra,Madan,S,F,2026-01-25
29069,AW00029069,Clarence,Lin,S,M,2026-01-25
29070,AW00029070,Arianna,Simmons,S,F,2026-01-25
29071,AW00029071,Megan,Thomas,S,F,2026-01-25
29072,AW00029072,Emma,Ramirez,S,F,2026-01-25
29073,AW00029073,Melanie,Barnes,S,F,2026-01-25
29074,AW00029074,Joan,Long,S,F,2026-01-25
29075,AW00029075,Jack,Wright,S,M,2026-01-25
29076,AW00029076,Megan,Miller,S,F,2026-01-25
29077,AW00029077,Blake,Henderson,S,M,2026-01-25
29078,AW00029078,Victoria,Sanders,M,F,2026-01-25
29079,AW00029079,Brian,Rogers,M,M,2026-01-25
29080,AW00029080,Yolanda,Nara,M,F,2026-01-25
29081,AW00029081,Darren,Lopez,S,M,2026-01-25
29082,AW00029082,Sabrina,Ramos,S,F,2026-01-25
29083,AW00029083,Toni,Sullivan,S,F,2026-01-25
29084,AW00029084,Beth,Hernandez,S,F,2026-01-25
29085,AW00029085,Brad,Goel,M,M,2026-01-25
29086,AW00029086,Frank,Diaz,S,M,2026-01-25
29087,AW00029087,Steve,Ye,M,M,2026-01-25
29088,AW00029088,Tamara,Anand,S,F,2026-01-25
29089,AW00029089,Noah,Henderson,S,M,2026-01-25
29090,AW00029090,Lacey,Ye,M,F,2026-01-25
29091,AW00029091,Mallory,Hernandez,M,F,2026-01-25
29092,AW00029092,Jessie,Ma,S,M,2026-01-25
29093,AW00029093,Erik,Blanco,M,M,2026-01-25
29094,AW00029094,Jessie,He,M,M,2026-01-25
29095,AW00029095,Jaime,Jimenez,M,M,2026-01-25
29096,AW00029096,Margaret,Stewart,M,F,2026-01-25
29097,AW00029097,Bonnie,Beck,S,F,2026-01-25
29098,AW00029098,Jimmy,Gill,M,M,2026-01-25
29099,AW00029099,Tony,Shen,M,M,2026-01-25
29100,AW00029100,Vanessa,Diaz,S,F,2026-01-25
29101,AW00029101,Monique,Rubio,S,F,2026-01-25
29102,AW00029102,Marie,Mehta,S,F,2026-01-25
29103,AW00029103,Karl,Raji,M,M,2026-01-25
29104,AW00029104,Nathan,Zhang,M,M,2026-01-25
29105,AW00029105,Martha,Ma,M,F,2026-01-25
29106,AW00029106,Calvin,Beck,S,M,2026-01-25
29107,AW00029107,Tonya,Luo,S,F,2026-01-25
29108,AW00029108,Seth,Evans,S,M,2026-01-25
29109,AW00029109,Elizabeth,Miller,M,F,2026-01-25
29110,AW00029110,Sydney,Smith,S,F,2026-01-25
29111,AW00029111,Dale,Anand,S,M,2026-01-25
29112,AW00029112,Edward,Powell,S,M,2026-01-25
29113,AW00029113,Alícia,Anand,S,F,2026-01-25
29114,AW00029114,Levi,Raman,M,M,2026-01-25
29115,AW00029115,Jacquelyn,Munoz,M,F,2026-01-25
29116,AW00029116,Janelle,Patel,M,F,2026-01-25
29117,AW00029117,Glenn,She,S,M,2026-01-25
29118,AW00029118,Noah,Griffin,S,M,2026-01-25
29119,AW00029119,Lee,Oliver,S,M,2026-01-25
29120,AW00029120,Kaitlyn,Brown,S,F,2026-01-25
29121,AW00029121,Julie,Luo,S,F,2026-01-25
29122,AW00029122,Shannon,Munoz,M,M,2026-01-25
29123,AW00029123,Tonya,Goel,M,F,2026-01-25
29124,AW00029124,Angel,Edwards,M,M,2026-01-25
29125,AW00029125,Andrea,Reed,M,F,2026-01-25
29126,AW00029126,Chloe,Cox,S,F,2026-01-25
29127,AW00029127,Bryan,Murphy,M,M,2026-01-25
29128,AW00029128,Alyssa,Reed,M,F,2026-01-25
29129,AW00029129,Timothy,Watson,M,M,2026-01-25
29130,AW00029130,Hannah,Washington,M,F,2026-01-25
29131,AW00029131,Brandon,Coleman,S,M,2026-01-25
29132,AW00029132,Brianna,Cook,S,F,2026-01-25
29133,AW00029133,Sydney,King,S,F,2026-01-25
29134,AW00029134,Pedro,Dominguez,M,M,2026-01-25
29135,AW00029135,Adam,Allen,M,M,2026-01-25
29136,AW00029136,Caroline,Bryant,M,F,2026-01-25
29137,AW00029137,Jack,Allen,M,M,2026-01-25
29138,AW00029138,Eduardo,Wood,M,M,2026-01-25
29139,AW00029139,Riley,Coleman,S,F,2026-01-25
29140,AW00029140,Richard,Ward,S,M,2026-01-25
29141,AW00029141,Suzanne,Wang,S,F,2026-01-25
29142,AW00029142,Ashley,Smith,M,F,2026-01-25
29143,AW00029143,Grace,Jenkins,S,F,2026-01-25
29144,AW00029144,Brandon,Zhang,M,M,2026-01-25
29145,AW00029145,Shelby,Gray,M,F,2026-01-25
29146,AW00029146,Ian,Henderson,M,M,2026-01-25
29147,AW00029147,Mary,Roberts,S,F,2026-01-25
29148,AW00029148,Gabriella,Murphy,S,F,2026-01-25
29149,AW00029149,Ariana,Bell,M,F,2026-01-25
29150,AW00029150,Wyatt,Griffin,M,M,2026-01-25
29151,AW00029151,Caroline,Long,M,F,2026-01-25
29152,AW00029152,Steven,Sanders,M,M,2026-01-25
29153,AW00029153,Pedro,Arun,S,M,2026-01-25
29154,AW00029154,Eduardo,Bennett,S,M,2026-01-25
29155,AW00029155,Gabriella,Kelly,S,F,2026-01-25
29156,AW00029156,Ashley,Barnes,S,F,2026-01-25
29157,AW00029157,Seth,Powell,S,M,2026-01-25
29158,AW00029158,Ian,Edwards,M,M,2026-01-25
29159,AW00029159,Emma,Morgan,M,F,2026-01-25
29160,AW00029160,Logan,Baker,S,M,2026-01-25
29161,AW00029161,Thomas,Martinez,S,M,2026-01-25
29162,AW00029162,Xavier,Murphy,M,M,2026-01-25
29163,AW00029163,Mason,Murphy,S,M,2026-01-25
29164,AW00029164,Jennifer,James,M,F,2026-01-25
29165,AW00029165,Benjamin,Perry,S,M,2026-01-25
29166,AW00029166,Jaime,Hernandez,S,M,2026-01-25
29167,AW00029167,Dawn,Shen,S,F,2026-01-25
29168,AW00029168,Derrick,Romero,S,M,2026-01-25
29169,AW00029169,Victoria,Bailey,S,F,2026-01-25
29170,AW00029170,Alexandra,Adams,S,F,2026-01-25
29171,AW00029171,Jay,Alvarez,M,M,2026-01-25
29172,AW00029172,Arturo,Carson,S,M,2026-01-25
29173,AW00029173,Richard,Bradley,S,M,2026-01-25
29174,AW00029174,Richard,Parker,S,M,2026-01-25
29175,AW00029175,Sean,Rivera,M,M,2026-01-25
29176,AW00029176,Luke,Evans,M,M,2026-01-25
29177,AW00029177,Frank,Martin,M,M,2026-01-25
29178,AW00029178,Candice,She,M,F,2026-01-25
29179,AW00029179,Patricia,Mehta,M,F,2026-01-25
29180,AW00029180,Erik,Gomez,M,M,2026-01-25
29181,AW00029181,Melinda,Suarez,S,F,2026-01-25
29182,AW00029182,Wesley,Xu,M,M,2026-01-25
29183,AW00029183,Gabrielle,Simmons,M,F,2026-01-25
29184,AW00029184,Kristi,Madan,M,F,2026-01-25
29185,AW00029185,Warren,Li,M,M,2026-01-25
29186,AW00029186,Mathew,Serrano,S,M,2026-01-25
29187,AW00029187,Jerome,Ramos,M,M,2026-01-25
29188,AW00029188,Colin,Kumar,S,M,2026-01-25
29189,AW00029189,Roy,Dominguez,S,M,2026-01-25
29190,AW00029190,Kaitlin,Suri,S,F,2026-01-25
29191,AW00029191,Chelsea,Weber,S,F,2026-01-25
29192,AW00029192,Jessica,Ramirez,M,F,2026-01-25
29193,AW00029193,Alejandro,Liang,S,M,2026-01-25
29194,AW00029194,Grace,Powell,M,F,2026-01-25
29195,AW00029195,Barbara,Xu,M,F,2026-01-25
29196,AW00029196,Darren,Serrano,M,M,2026-01-25
29197,AW00029197,Morgan,Brown,S,F,2026-01-25
29198,AW00029198,Faith,Ramirez,M,F,2026-01-25
29199,AW00029199,James,Wilson,S,M,2026-01-25
29200,AW00029200,Jackson,Collins,M,M,2026-01-25
29201,AW00029201,Kara,Jai,S,F,2026-01-25
29202,AW00029202,Jerry,Kumar,M,M,2026-01-25
29203,AW00029203,Laura,Hu,M,F,2026-01-25
29204,AW00029204,Austin,Sharma,S,M,2026-01-25
29205,AW00029205,David,Long,M,M,2026-01-25
29206,AW00029206,Nicholas,Anderson,M,M,2026-01-25
29207,AW00029207,Katelyn,James,M,F,2026-01-25
29208,AW00029208,Amber,Lopez,M,F,2026-01-25
29209,AW00029209,Jordan,Evans,M,M,2026-01-25
29210,AW00029210,Devin,Peterson,M,M,2026-01-25
29211,AW00029211,Stephanie,Ross,M,F,2026-01-25
29212,AW00029212,Jocelyn,Gonzales,S,F,2026-01-25
29213,AW00029213,Jodi,Luo,S,F,2026-01-25
29214,AW00029214,Joseph,Martinez,S,M,2026-01-25
29215,AW00029215,Abigail,Barnes,S,F,2026-01-25
29216,AW00029216,Antonio,Wood,S,M,2026-01-25
29217,AW00029217,Alexis,Wilson,M,F,2026-01-25
29218,AW00029218,Brandon,Moore,S,M,2026-01-25
29219,AW00029219,Darren,Arun,S,M,2026-01-25
29220,AW00029220,Melinda,Ramos,S,F,2026-01-25
29221,AW00029221,Kelly,Bennett,S,F,2026-01-25
29222,AW00029222,Evan,Perez,M,M,2026-01-25
29223,AW00029223,Angel,Phillips,S,M,2026-01-25
29224,AW00029224,Kaylee,Bailey,M,F,2026-01-25
29225,AW00029225,Matthew,Lee,S,M,2026-01-25
29226,AW00029226,Katherine,Lee,S,F,2026-01-25
29227,AW00029227,Levi,Patel,S,M,2026-01-25
29228,AW00029228,Courtney,Campbell,S,F,2026-01-25
29229,AW00029229,Lance,Moreno,S,M,2026-01-25
29230,AW00029230,Kaitlyn,Diaz,S,F,2026-01-25
29231,AW00029231,Brittany,Simmons,S,F,2026-01-25
29232,AW00029232,Samantha,Simmons,S,F,2026-01-25
29233,AW00029233,Caitlin,Sanders,S,F,2026-01-25
29234,AW00029234,Kevin,Lopez,M,M,2026-01-25
29235,AW00029235,Isaiah,Rogers,S,M,2026-01-25
29236,AW00029236,Eric,Young,S,M,2026-01-25
29237,AW00029237,Jennifer,Jenkins,S,F,2026-01-25
29238,AW00029238,Xavier,Powell,S,M,2026-01-25
29239,AW00029239,Samantha,Miller,S,F,2026-01-25
29240,AW00029240,Madeline,Allen,S,F,2026-01-25
29241,AW00029241,Sophia,Evans,S,F,2026-01-25
29242,AW00029242,Blake,Thomas,M,M,2026-01-25
29243,AW00029243,Jared,Torres,S,M,2026-01-25
29244,AW00029244,Eric,Ross,S,M,2026-01-25
29245,AW00029245,Angel,Roberts,M,M,2026-01-25
29246,AW00029246,Thomas,Williams,S,M,2026-01-25
29247,AW00029247,Sara,Gray,S,F,2026-01-25
29248,AW00029248,Jonathan,Martin,S,M,2026-01-25
29249,AW00029249,Austin,Long,M,M,2026-01-25
29250,AW00029250,Anthony,Williams,S,M,2026-01-25
29251,AW00029251,Mandy,Zhou,M,F,2026-01-25
29252,AW00029252,Alex,Parker,M,M,2026-01-25
29253,AW00029253,Savannah,Green,S,F,2026-01-25
29254,AW00029254,Erin,Sanchez,M,F,2026-01-25
29255,AW00029255,Kyle,Washington,S,M,2026-01-25
29256,AW00029256,Noah,Harris,M,M,2026-01-25
29257,AW00029257,Jeremiah,Russell,S,M,2026-01-25
29258,AW00029258,Makayla,James,M,F,2026-01-25
29259,AW00029259,Jonathan,Davis,S,M,2026-01-25
29260,AW00029260,Ricky,Carlson,S,M,2026-01-25
29261,AW00029261,Robert,Turner,S,M,2026-01-25
29262,AW00029262,Cassie,Raje,S,F,2026-01-25
29263,AW00029263,Nathan,Li,M,M,2026-01-25
29264,AW00029264,Riley,Brooks,M,F,2026-01-25
29265,AW00029265,Marissa,Diaz,S,F,2026-01-25
29266,AW00029266,Lucas,Anderson,S,M,2026-01-25
29267,AW00029267,Jordan,Perez,M,F,2026-01-25
29268,AW00029268,Marcus,Thomas,M,M,2026-01-25
29269,AW00029269,Vanessa,Griffin,M,F,2026-01-25
29270,AW00029270,Carlos,Allen,M,M,2026-01-25
29271,AW00029271,Antonio,Henderson,S,M,2026-01-25
29272,AW00029272,Alex,King,M,M,2026-01-25
29273,AW00029273,Timothy,Lopez,M,M,2026-01-25
29274,AW00029274,Miguel,Green,S,M,2026-01-25
29275,AW00029275,Taylor,Thomas,S,F,2026-01-25
29276,AW00029276,Sydney,Flores,M,F,2026-01-25
29277,AW00029277,Samantha,Mohamed,S,F,2026-01-25
29278,AW00029278,Janet,Scott,S,F,2026-01-25
29279,AW00029279,Hailey,Turner,S,F,2026-01-25
29280,AW00029280,Erin,Cook,S,F,2026-01-25
29281,AW00029281,Charles,Anderson,S,M,2026-01-25
29282,AW00029282,Taylor,Jackson,M,F,2026-01-25
29283,AW00029283,Jeff,Smith,M,M,2026-01-25
29284,AW00029284,Riley,Hughes,S,F,2026-01-25
29285,AW00029285,Thomas,Adams,S,M,2026-01-25
29286,AW00029286,Rodney,Alvarez,S,M,2026-01-25
29287,AW00029287,Suzanne,Lin,M,F,2026-01-25
29288,AW00029288,Glenn,Lin,M,M,2026-01-25
29289,AW00029289,Devon,Raje,S,M,2026-01-25
29290,AW00029290,Troy,Garcia,S,M,2026-01-25
29291,AW00029291,Nancy,Subram,M,F,2026-01-25
29292,AW00029292,Diana,Dominguez,S,F,2026-01-25
29293,AW00029293,Nuan,Wu,S,M,2026-01-25
29294,AW00029294,Allison,Cooper,S,F,2026-01-25
29295,AW00029295,Glenn,Li,S,M,2026-01-25
29296,AW00029296,Nichole,Luo,S,F,2026-01-25
29297,AW00029297,Nina,Pal,S,F,2026-01-25
29298,AW00029298,Diana,Moreno,S,F,2026-01-25
29299,AW00029299,Bethany,Kumar,M,F,2026-01-25
29300,AW00029300,Joe,Madan,S,M,2026-01-25
29301,AW00029301,Alvin,Nath,M,M,2026-01-25
29302,AW00029302,Carolyn,Fernandez,S,F,2026-01-25
29303,AW00029303,Arturo,Pal,S,M,2026-01-25
29304,AW00029304,Willie,Wang,M,M,2026-01-25
29305,AW00029305,Beth,Alvarez,S,F,2026-01-25
29306,AW00029306,Rafael,Anand,S,M,2026-01-25
29307,AW00029307,Ross,Malhotra,S,M,2026-01-25
29308,AW00029308,Phillip,Vance,S,M,2026-01-25
29309,AW00029309,Rodney,Navarro,S,M,2026-01-25
29310,AW00029310,Armando,Gutierrez,S,M,2026-01-25
29311,AW00029311,Marie,Carlson,S,F,2026-01-25
29312,AW00029312,Colleen,She,S,F,2026-01-25
29313,AW00029313,Jésus,Sanz,M,M,2026-01-25
29314,AW00029314,Meredith,Malhotra,M,F,2026-01-25
29315,AW00029315,Jill,Gomez,M,F,2026-01-25
29316,AW00029316,Max,Romero,S,M,2026-01-25
29317,AW00029317,James,Hill,S,M,2026-01-25
29318,AW00029318,Edgar,Perez,M,M,2026-01-25
29319,AW00029319,Alvin,Pal,S,M,2026-01-25
29320,AW00029320,Wesley,Huang,M,M,2026-01-25
29321,AW00029321,Roger,Zheng,S,M,2026-01-25
29322,AW00029322,Gavin,Alexander,S,M,2026-01-25
29323,AW00029323,Andrea,Cooper,S,F,2026-01-25
29324,AW00029324,Kayla,Williams,M,F,2026-01-25
29325,AW00029325,Cameron,Thomas,M,M,2026-01-25
29326,AW00029326,Victoria,Diaz,S,F,2026-01-25
29327,AW00029327,Allen,Chandra,M,M,2026-01-25
29328,AW00029328,Jason,Alexander,M,M,2026-01-25
29329,AW00029329,Lucas,Campbell,S,M,2026-01-25
29330,AW00029330,Alexa,Ward,M,F,2026-01-25
29331,AW00029331,Melvin,Yuan,M,M,2026-01-25
29332,AW00029332,Shawna,Goel,S,F,2026-01-25
29333,AW00029333,Abby,Martinez,S,F,2026-01-25
29334,AW00029334,Paige,Howard,S,F,2026-01-25
29335,AW00029335,Justin,Bryant,S,M,2026-01-25
29336,AW00029336,Nathaniel,Bailey,S,M,2026-01-25
29337,AW00029337,Hector,Gomez,S,M,2026-01-25
29338,AW00029338,Bridget,Shan,M,F,2026-01-25
29339,AW00029339,Brandon,Li,S,M,2026-01-25
29340,AW00029340,Rachel,Cox,S,F,2026-01-25
29341,AW00029341,Lucas,Stewart,S,M,2026-01-25
29342,AW00029342,Cassie,Anand,M,F,2026-01-25
29343,AW00029343,Glenn,Wu,M,M,2026-01-25
29344,AW00029344,Gilbert,Ye,S,M,2026-01-25
29345,AW00029345,Randall,Diaz,S,M,2026-01-25
29346,AW00029346,Briana,Ortega,S,F,2026-01-25
29347,AW00029347,Jonathan,Edwards,M,M,2026-01-25
29348,AW00029348,Miguel,Bryant,M,M,2026-01-25
29349,AW00029349,Gabrielle,Bryant,S,F,2026-01-25
29350,AW00029350,Julia,Thompson,S,F,2026-01-25
29351,AW00029351,Jason,Hall,S,M,2026-01-25
29352,AW00029352,Lydia,Gonzalez,S,F,2026-01-25
29353,AW00029353,Orlando,Gomez,M,M,2026-01-25
29354,AW00029354,Isaiah,Edwards,S,M,2026-01-25
29355,AW00029355,Virginia,Fernandez,M,F,2026-01-25
29356,AW00029356,Casey,Diaz,M,M,2026-01-25
29357,AW00029357,Richard,Brown,S,M,2026-01-25
29358,AW00029358,Priscilla,Chande,M,F,2026-01-25
29359,AW00029359,Harold,Fernandez,M,M,2026-01-25
29360,AW00029360,Bryant,Rodriguez,S,M,2026-01-25
29361,AW00029361,Sheena,Nara,S,F,2026-01-25
29362,AW00029362,Emmanuel,Chandra,S,M,2026-01-25
29363,AW00029363,Cristina,Jai,S,F,2026-01-25
29364,AW00029364,Lee,Rubio,M,M,2026-01-25
29365,AW00029365,Cheryl,Carlson,S,F,2026-01-25
29366,AW00029366,Dominic,Patel,S,M,2026-01-25
29367,AW00029367,Randy,Ye,S,M,2026-01-25
29368,AW00029368,Jermaine,Kapoor,S,M,2026-01-25
29369,AW00029369,Arturo,He,S,M,2026-01-25
29370,AW00029370,Mason,Kelly,S,M,2026-01-25
29371,AW00029371,Matthew,Walker,M,M,2026-01-25
29372,AW00029372,Daisy,Sanz,M,F,2026-01-25
29373,AW00029373,Bobby,Subram,M,M,2026-01-25
29374,AW00029374,Shane,Sai,M,M,2026-01-25
29375,AW00029375,Sergio,Malhotra,M,M,2026-01-25
29376,AW00029376,Matthew,Robinson,S,M,2026-01-25
29377,AW00029377,Rebekah,Carlson,M,F,2026-01-25
29378,AW00029378,Dominic,Vance,M,M,2026-01-25
29379,AW00029379,Craig,Gill,M,M,2026-01-25
29380,AW00029380,Teresa,Blanco,M,F,2026-01-25
29381,AW00029381,Melvin,Shen,M,M,2026-01-25
29382,AW00029382,Karla,Deng,M,F,2026-01-25
29383,AW00029383,Kaitlin,Vance,S,F,2026-01-25
29384,AW00029384,Latasha,Sanz,M,F,2026-01-25
29385,AW00029385,Don,Lal,S,M,2026-01-25
29386,AW00029386,Franklin,Wang,S,M,2026-01-25
29387,AW00029387,Jenny,Cai,S,F,2026-01-25
29388,AW00029388,Calvin,Kumar,M,M,2026-01-25
29389,AW00029389,Thomas,Phillips,M,M,2026-01-25
29390,AW00029390,Summer,Rodriguez,S,F,2026-01-25
29391,AW00029391,Ebony,Chandra,S,F,2026-01-25
29392,AW00029392,Tamara,Andersen,M,F,2026-01-25
29393,AW00029393,Sheena,Rai,S,F,2026-01-25
29394,AW00029394,Raquel,Torres,S,F,2026-01-25
29395,AW00029395,Lydia,Rana,S,F,2026-01-25
29396,AW00029396,Arturo,Zeng,M,M,2026-01-25
29397,AW00029397,Walter,Ramos,M,M,2026-01-25
29398,AW00029398,Bruce,Suri,S,M,2026-01-25
29399,AW00029399,Janet,Gomez,S,F,2026-01-25
29400,AW00029400,Marvin,Browning,M,M,2026-01-25
29401,AW00029401,Jésus,Gomez,M,M,2026-01-25
29402,AW00029402,Damien,Andersen,S,M,2026-01-25
29403,AW00029403,Erik,Romero,M,M,2026-01-25
29404,AW00029404,Chloe,Ross,S,F,2026-01-25
29405,AW00029405,Meagan,Vance,S,F,2026-01-25
29406,AW00029406,Melissa,Ward,M,F,2026-01-25
29407,AW00029407,Samantha,Smith,M,F,2026-01-25
29408,AW00029408,Heather,Chen,M,F,2026-01-25
29409,AW00029409,Kelsey,Pal,S,F,2026-01-25
29410,AW00029410,Lucas,Price,S,M,2026-01-25
29411,AW00029411,Cara,Lin,M,F,2026-01-25
29412,AW00029412,Melinda,Gutierrez,M,F,2026-01-25
29413,AW00029413,Arthur,Garcia,M,M,2026-01-25
29414,AW00029414,Lydia,Patel,S,F,2026-01-25
29415,AW00029415,Oscar,Flores,S,M,2026-01-25
29416,AW00029416,Pedro,Ramos,S,M,2026-01-25
29417,AW00029417,Kellie,Vazquez,M,F,2026-01-25
29418,AW00029418,Lindsey,Sharma,S,F,2026-01-25
29419,AW00029419,Carrie,Vazquez,S,F,2026-01-25
29420,AW00029420,Linda,Travers,M,F,2026-01-25
29421,AW00029421,Blake,Williams,S,M,2026-01-25
29422,AW00029422,Ian,Adams,S,M,2026-01-25
29423,AW00029423,Tony,Luo,S,M,2026-01-25
29424,AW00029424,Erik,Gill,M,M,2026-01-25
29425,AW00029425,Tommy,Xie,S,M,2026-01-25
29426,AW00029426,Neil,Gomez,S,M,2026-01-25
29427,AW00029427,Wesley,Chen,S,M,2026-01-25
29428,AW00029428,Kristopher,Perez,M,M,2026-01-25
29429,AW00029429,Marie,Suarez,S,F,2026-01-25
29430,AW00029430,Donna,Goel,S,F,2026-01-25
29431,AW00029431,Marie,Gutierrez,M,F,2026-01-25
29432,AW00029432,Gabrielle,Roberts,M,F,2026-01-25
29433,AW00029433,,,M,M,2026-01-25
29433,AW00029433,Thomas,King,M,M,2026-01-27
29434,AW00029434,Donna,Yuan,M,F,2026-01-25
29435,AW00029435,Stanley,Rodriguez,M,M,2026-01-25
29436,AW00029436,Adriana,Raman,S,F,2026-01-25
29437,AW00029437,Haley,Bell,S,F,2026-01-25
29438,AW00029438,Terrance,Fernandez,M,M,2026-01-25
29439,AW00029439,Laura,Zhu,M,F,2026-01-25
29440,AW00029440,Rafael,Cai,S,M,2026-01-25
29441,AW00029441,Adriana,Patel,M,F,2026-01-25
29442,AW00029442,Damien,Yuan,S,M,2026-01-25
29443,AW00029443,Gabriel,Phillips,S,M,2026-01-25
29444,AW00029444,Beth,Blanco,M,F,2026-01-25
,SF566,,,,,
29445,AW00029445,Bonnie,Lal,S,F,2026-01-25
29446,AW00029446,Jamie,Ma,S,F,2026-01-25
29447,AW00029447,Lindsay,Deng,S,F,2026-01-25
29448,AW00029448,Lindsey,Yuan,S,F,2026-01-25
29449,AW00029449,,Chen,S,,2026-01-25
29449,AW00029449,Laura,Chen,S,F,2026-01-26
29450,AW00029450,Bradley,Chande,S,M,2026-01-25
29451,AW00029451,Geoffrey,Lopez,S,M,2026-01-25
29452,AW00029452,Meredith,Romero,S,F,2026-01-25
29453,AW00029453,Victor,Vazquez,M,M,2026-01-25
29454,AW00029454,Victoria,Bradley,M,F,2026-01-25
29455,AW00029455,Dawn,Zeng,M,F,2026-01-25
29456,AW00029456,Lindsay,She,S,F,2026-01-25
29457,AW00029457,Cynthia,Kapoor,S,F,2026-01-25
29458,AW00029458,Danny,Moreno,S,M,2026-01-25
29459,AW00029459,Marco,Malhotra,S,M,2026-01-25
29460,AW00029460,Andres,Chander,M,M,2026-01-25
29461,AW00029461,Colin,Xu,M,M,2026-01-25
29462,AW00029462,Clinton,Hernandez,S,M,2026-01-25
29463,AW00029463,Lucas,Gonzales,S,M,2026-01-25
29464,AW00029464,Eugene,Gao,S,M,2026-01-25
29465,AW00029465,Roy,Gill,S,M,2026-01-25
29466,AW00029466,,,,,2026-01-25
29466,AW00029466,Lance,Jimenez,M,,2026-01-26
29466,AW00029466,Lance,Jimenez,M,M,2026-01-27
29467,AW00029467,Monica,Mehta,M,F,2026-01-25
29468,AW00029468,Jacqueline,Morris,M,F,2026-01-25
29469,AW00029469,Dominique,Saunders,M,F,2026-01-25
29470,AW00029470,Nathan,Roberts,S,,2026-01-25
29471,AW00029471,Dana,Ortega,S,,2026-01-25
29472,AW00029472,Lacey,Sharma,M,,2026-01-25
29473,AW00029473,Carmen,,,,2026-01-25
29473,AW00029473,Carmen,Subram,S,,2026-01-26
29474,AW00029474,Jaime,Raje,M,,2026-01-25
29475,AW00029475,Jared,Ward,S,,2026-01-25
,PO25,,,,,
29476,AW00029476,Elizabeth,Bradley,M,,2026-01-25
29477,AW00029477,Neil,Ruiz,M,,2026-01-25
29478,AW00029478,Darren,Carlson,S,,2026-01-25
29479,AW00029479,Tommy,Tang,M,,2026-01-25
29480,AW00029480,Nina,Raji,S,,2026-01-25
29481,AW00029481,Ivan,Suri,S,,2026-01-25
29482,AW00029482,Clayton,Zhang,M,,2026-01-25
29483,AW00029483,,Navarro,,,2026-01-25
29483,AW00029483,Marc,Navarro,M,,2026-01-27
,13451235,,,,,
,A01Ass,,,,,    